,sip_ct,sip_pkt_size_ct
31.113.147.98,43,28739
91.102.115.173,1,32
31.113.147.71,4926,7103687
23.250.214.82,41,57940
74.193.127.246,1924,2624771
185.72.27.118,26,1040
68.24.173.188,1,32
77.241.122.240,16,640
190.252.83.66,1,32
195.208.244.146,505,20200
185.62.237.173,2560,259874
126.26.254.114,381,185566
108.73.145.172,8,1675
141.33.21.246,1,40
5.64.104.137,1,40
162.194.80.124,62,60437
178.185.104.75,21,924
134.214.106.33,1,40
206.57.241.177,35,5777
193.216.222.159,30,1200
101.127.155.168,1,32
202.1.175.252,66,3960
18.182.99.194,35,8413
185.72.27.133,60,2400
35.64.24.222,2,714
17.193.185.205,1729,2465554
185.72.27.26,188,7520
81.109.202.48,174,6960
36.164.21.20,18,792
187.133.12.128,1,32
216.68.133.196,48,39674
108.73.145.173,14,3715
173.40.68.91,1,32
200.124.205.247,1,32
193.216.222.153,27,1080
104.24.122.69,1,32
94.129.75.221,1,52
194.96.126.164,136,5440
5.23.204.61,1,52
23.11.38.230,1,32
221.91.163.219,1,32
217.218.197.154,1,96
24.242.180.154,1,32
62.14.142.182,1,32
204.194.145.251,1400,278877
221.143.2.118,1,28
82.222.210.176,4,160
172.249.25.129,232,249522
112.233.212.94,1,32
172.249.31.68,103,22814
51.173.229.255,64,3840
185.72.27.145,57,2280
192.120.148.227,74,4440
139.173.181.0,1,40
173.221.209.57,64,89752
81.109.202.49,187,7480
68.74.208.252,7,280
38.245.188.86,175,6300
13.161.234.143,86,117364
81.109.202.46,160,6400
71.230.250.252,1,40
46.231.172.30,59,2360
145.236.119.71,26,1040
81.109.202.69,31,1240
95.126.176.133,1,32
20.86.217.72,9,920
185.138.108.139,1,40
185.72.27.66,220,8800
185.72.26.36,15,600
191.24.104.158,1,32
185.164.19.101,1,32
172.249.31.66,100,121071
193.216.222.161,16,640
67.249.25.196,1,48
185.72.27.1,20,800
41.163.67.79,1,40
139.173.155.216,3,120
78.37.11.193,1,32
190.153.249.208,1,32
130.53.249.161,5,865
187.85.217.4,1,60
115.192.198.218,1,52
59.56.250.173,1,32
27.179.130.209,1,32
92.56.213.193,1,32
79.164.75.210,1,32
98.245.11.149,1,32
219.211.131.83,130,7625
115.233.113.27,1,32
88.139.170.38,1,32
136.92.141.32,1,32
191.17.82.173,1,32
218.7.67.191,1,56
206.195.27.1,234,270140
54.233.39.230,2,1677
68.39.1.24,1,32
87.51.48.30,1,44
112.251.241.199,2,88
140.244.0.3,1,76
47.124.141.34,1,40
52.94.128.232,4,272
218.101.177.53,3,120
116.255.49.49,1,32
217.218.44.192,1,56
47.229.146.83,1,32
87.59.82.222,224,8960
117.79.94.62,10,6253
91.112.207.101,1,40
183.188.57.108,3,187
88.11.63.70,2,80
126.53.17.22,163,14132
172.249.25.177,30,4028
222.102.150.226,2,80
217.178.79.23,2,128
61.135.149.49,1,60
182.243.230.28,255,296598
192.95.27.190,65,3900
31.113.147.113,123,68567
114.62.40.245,1,32
114.152.108.92,135,4320
31.113.147.64,65,16876
108.73.130.237,25,5995
162.194.50.134,21,3028
194.111.17.161,1,32
125.101.168.238,1,40
80.110.159.90,1,32
216.68.133.187,381,472003
96.89.31.122,1,32
99.136.232.72,1,32
113.29.111.127,1,152
84.208.209.169,1,56
196.155.156.25,7,280
185.0.65.10,22,880
52.24.74.201,1,32
185.184.82.194,9,360
172.249.30.5,36,7979
185.20.113.44,1,32
68.74.17.226,7,280
81.95.76.67,1,32
159.52.33.95,2,80
133.200.138.251,13,2138
177.205.74.45,2,112
46.231.172.31,58,2320
58.188.10.229,1,32
45.125.78.163,1,32
199.66.26.112,2,100
92.219.233.238,1,32
43.217.140.162,45,7573
181.62.188.104,1,32
211.227.63.102,1,60
175.173.150.69,1,76
111.243.254.254,2,120
172.249.28.99,2,88
71.230.251.249,6,1320
98.63.122.247,1,32
87.39.232.38,1,32
107.164.183.121,116,4640
47.244.22.28,23,27326
104.6.19.67,1,52
104.11.242.208,2,104
196.180.49.2,4,176
185.72.27.113,30,1200
104.99.245.9,1,32
213.203.13.184,2362,3051128
70.182.105.218,1,32
185.72.27.97,21,840
37.191.151.145,1,32
104.87.109.17,616,876072
218.238.52.53,2,386
64.74.150.249,1,32
58.22.152.42,2,80
196.180.49.9,6,264
13.207.143.176,1,76
200.97.195.174,1,60
107.217.255.60,1,32
46.245.30.134,1,32
45.168.37.119,1,44
142.248.113.38,1,40
123.148.215.142,1,60
209.73.138.63,1,56
179.72.116.14,1,32
81.219.56.157,1,32
172.103.180.58,2,80
125.35.211.158,1,44
40.59.62.191,23,9950
108.73.130.236,18,2879
31.113.147.79,170,243769
176.14.251.98,1,32
201.209.6.130,1,32
54.249.174.156,1,32
181.141.19.128,1,32
74.193.112.135,1512,2186180
180.123.44.65,1,32
200.222.4.88,1,32
175.134.247.215,1,40
85.240.11.214,1,32
79.217.35.116,1,32
67.52.215.198,1,32
165.229.136.81,8,320
208.98.225.46,3,623
125.34.90.33,1,44
122.232.19.92,58,2675
61.218.41.100,1,32
17.158.126.25,4,237
162.194.50.126,86,13447
124.41.102.206,1,56
68.74.170.64,3,120
187.110.253.184,1,32
85.105.3.103,2,147
122.55.121.247,1,32
128.78.171.178,94,13656
98.232.174.148,1,32
61.226.21.219,1,52
200.173.2.72,1,40
172.249.162.206,24,2514
187.31.104.166,1,32
222.95.203.135,94,100823
171.166.161.136,1,40
46.42.155.233,11,1234
40.75.89.172,61,3660
77.97.101.166,1,32
177.223.247.147,1,40
82.18.232.204,1,32
187.28.27.240,1,44
223.122.147.109,1,40
201.146.27.185,1,40
104.208.37.111,1,32
73.90.253.123,1,32
185.72.27.70,88,3520
216.68.133.189,2,1004
75.68.47.76,1,32
93.56.244.144,1,32
192.127.127.113,1,60
180.12.76.94,1,32
108.73.145.146,15,1505
189.35.7.17,2,80
61.214.218.160,1,32
104.210.8.164,5,220
139.68.229.167,5,200
172.249.30.184,35,7169
211.224.98.254,1,60
218.128.12.141,17,2576
31.113.147.67,50,27815
177.223.247.94,1,40
216.68.133.226,28,3790
178.28.148.75,4,160
190.138.125.238,1,32
72.113.65.141,4,2610
70.70.64.44,1,32
52.24.161.229,9,5961
184.174.180.174,1,32
115.48.225.209,69,75707
37.131.99.56,1,32
172.249.25.132,19,4979
37.17.210.204,1,40
196.45.76.200,1,32
52.255.238.46,1,76
49.72.149.201,2,100
107.128.86.147,1,32
210.162.223.167,2,152
218.244.230.5,1,32
71.230.250.113,2,80
71.230.250.247,2,80
64.134.224.12,1,32
41.171.232.43,1,44
207.66.237.123,1,32
178.245.140.137,11,440
117.27.43.63,78,10864
31.113.147.114,77,37745
166.241.183.151,1,56
185.12.25.165,15,600
63.218.66.42,1,40
76.198.180.97,1,32
1.195.140.205,1,52
102.198.253.31,1,32
196.55.205.43,1,32
216.68.133.206,7,1105
189.14.109.209,1,32
196.180.49.189,6,264
23.202.68.98,1,32
121.66.63.70,6,972
60.67.216.178,5,220
59.163.113.26,90,99043
27.36.199.196,1,40
93.109.175.46,1,32
142.161.168.60,6,240
142.161.207.203,1,40
189.73.190.95,1,40
106.224.133.255,1,52
184.65.218.216,1,32
46.24.184.164,1,40
65.72.104.185,1,32
71.230.250.235,1,40
124.77.33.181,1,32
58.41.233.139,1,28
178.233.22.120,1,32
71.230.250.17,1,40
216.68.133.154,3,314
1.21.95.70,1,60
202.201.83.31,1,1071
185.72.26.18,25,1000
80.131.146.167,1,32
98.93.65.56,1,32
71.230.250.139,1,40
177.14.121.184,1,32
74.193.23.98,17,884
194.239.141.20,1,32
14.123.235.105,1,32
18.182.19.119,20,5565
84.45.23.156,1,32
119.82.234.92,1,32
46.231.172.26,52,2080
52.227.116.211,1,485
18.223.145.28,1,32
38.186.226.158,5,523
151.150.83.190,4,676
69.35.154.45,1,32
196.180.49.66,12,912
27.48.230.214,1,40
134.180.6.161,12,2197
187.157.207.120,1,40
139.68.232.31,4,160
36.170.72.84,1,76
120.180.155.149,40,1760
81.158.117.146,1,32
81.109.202.36,45,1800
186.243.45.21,1,32
204.100.119.187,2,80
34.249.227.218,1,32
196.180.49.71,8,352
82.109.69.253,1,52
68.74.189.228,6,240
141.149.249.0,3,120
119.53.59.57,2,362
173.164.229.79,1,44
139.43.143.99,4,160
58.202.226.213,1,48
192.227.98.130,8,512
217.162.213.167,3,1251
189.182.202.178,1,32
81.109.202.11,46,1840
71.230.143.41,1,58
202.143.125.160,2,80
117.205.80.201,2,120
189.113.242.137,1,32
172.249.30.4,186,249347
99.132.24.205,1,32
183.65.240.68,1,40
24.140.77.35,1,32
119.116.68.172,1,32
80.24.134.79,1,32
72.175.74.10,1,32
122.59.113.241,1,44
60.24.18.37,2,88
196.20.239.178,1,40
190.35.145.14,1,32
74.193.23.115,12,1147
193.20.15.61,1,56
185.72.27.6,23,920
121.208.43.99,1,32
76.138.25.43,1,32
46.239.1.49,1,32
64.212.79.236,1,32
108.73.145.12,6,376
186.2.137.23,1,32
71.230.250.62,1,40
210.162.223.199,1,76
185.72.27.101,22,880
219.113.122.24,7,876
182.4.66.138,1,32
124.210.4.174,2,112
23.37.107.42,1,32
185.126.164.187,8,602
69.128.247.58,1,32
196.77.108.153,1,32
47.199.151.101,1,32
105.153.61.134,1,32
186.225.118.175,1,32
204.107.119.59,1,56
112.254.215.244,1,32
52.248.215.168,9,7201
195.219.120.137,2,80
173.179.84.40,1,60
202.11.151.245,1,40
5.80.251.79,1,32
185.72.27.53,24,960
58.30.56.107,1,32
217.12.100.101,1,32
68.238.212.45,1,32
120.180.155.151,37,1628
17.192.251.223,3,609
185.48.173.62,46,1840
103.237.238.187,1,32
208.123.79.44,1,492
201.238.64.9,1,44
82.54.174.197,53,2120
188.255.142.254,1,32
49.144.60.212,1,60
114.60.43.169,1709,2511920
97.52.212.245,1,32
187.162.220.210,2,120
39.0.119.30,1,32
131.48.162.71,1,32
123.25.177.60,1,52
120.223.10.101,1,32
75.109.48.91,1,40
186.29.135.139,1,32
14.248.24.238,1,32
139.173.141.211,2,80
71.230.250.100,1,40
71.230.134.127,5,220
17.166.239.48,4,2853
107.164.159.109,59,2360
188.6.251.136,1,32
139.231.149.131,12,480
52.249.3.47,1,308
35.11.168.55,19,20716
1.149.16.152,1,76
172.249.31.73,30,5475
139.173.183.79,1,40
107.215.242.250,1,32
101.152.233.110,25,4953
23.95.92.106,7,9223
54.196.255.8,1,180
45.35.54.83,1,32
77.241.122.67,17,680
71.230.250.70,1,40
115.121.184.252,1,52
163.78.180.172,1,32
54.60.156.67,1,32
51.81.166.201,18,1080
124.13.134.91,1,48
35.31.129.157,4,356
183.121.120.74,12,684
74.193.127.23,20,28248
27.33.139.8,1,40
177.197.213.176,1,44
184.125.244.219,1,32
14.187.131.247,4,198
142.161.201.125,2,80
143.192.74.80,1,52
218.242.206.83,1,56
41.13.197.43,1,32
191.159.239.16,1,32
31.184.175.92,2,80
124.166.8.247,1,76
196.180.49.25,8,256
185.0.65.16,32,1280
184.102.103.237,1,32
175.173.183.171,1,32
185.72.27.78,24,960
73.126.222.135,1,32
200.61.23.237,1,32
66.48.135.187,1,32
119.163.181.215,1,32
195.208.253.162,29,1160
216.129.85.236,1,40
41.219.99.188,1,32
2.63.69.146,1,32
197.47.74.148,1,32
72.126.107.230,1,32
82.127.106.164,1,32
104.123.109.77,1,32
106.202.165.229,1,32
81.139.231.117,1,32
104.87.86.170,93,118087
91.146.149.176,1,32
177.25.21.173,1,32
88.193.246.75,1,32
184.123.175.36,10,12714
13.161.234.162,31,35296
60.16.250.205,1,32
39.6.115.142,1,32
81.142.2.214,1,44
2.237.25.138,1,32
139.253.188.67,59,2832
113.127.46.184,1,60
14.245.37.67,1,32
93.212.23.158,1,32
86.208.147.226,1,32
116.94.84.225,1,32
216.211.36.155,34,11217
149.184.130.119,2,80
52.15.239.237,11,1105
125.145.74.31,1,32
177.143.126.189,1,44
151.150.109.127,1,32
167.77.141.154,1,60
90.113.150.183,4,160
217.178.79.27,1,48
73.227.212.171,1,32
110.146.50.219,93,98487
113.144.104.246,1,32
111.205.103.183,1,52
122.219.82.141,1,32
87.233.239.59,1,32
54.95.107.235,4,411
78.124.77.81,1,32
198.58.73.202,2,80
73.18.225.37,1,32
81.21.16.43,1,32
43.219.61.171,1,32
13.185.170.61,1,32
185.72.26.0,9,360
35.68.170.74,16,1285
81.109.202.26,230,9200
61.65.73.21,1,60
47.47.95.216,1,32
152.86.108.73,1,76
119.182.48.128,1,52
5.114.172.13,1,52
177.243.155.165,1,32
67.241.16.20,1,32
42.106.141.2,1,76
45.127.127.220,1,76
167.58.0.251,1,56
2.74.148.118,1,52
60.130.220.63,1,40
71.230.183.142,5,220
213.105.177.39,1,32
175.251.11.127,1,32
61.112.223.78,1,60
222.191.190.245,1,32
89.195.251.114,1,32
182.89.136.117,12,11519
71.230.146.69,6,271
87.251.189.160,1,32
14.247.224.133,1,32
15.23.38.128,1,52
35.81.156.75,1,32
37.235.150.195,1,32
54.240.173.68,22,11631
172.249.167.0,17,5490
177.211.90.3,1,32
217.118.173.39,1,32
31.80.247.131,2,80
108.73.130.76,5,389
46.228.101.37,10,440
153.26.51.238,1,40
201.132.79.156,1,32
23.215.151.89,1,32
62.0.145.9,1,32
167.148.68.142,1,40
219.5.30.177,1,52
64.247.128.254,1,100
141.84.6.85,1,32
62.117.4.126,1,96
100.232.69.125,1,32
84.126.31.119,1,32
66.247.94.110,5,221
192.89.115.155,3,156
170.209.184.214,1,40
112.16.221.22,1,40
190.124.17.222,1,32
173.252.236.73,1,60
213.248.162.254,1,40
62.237.51.50,1034,1549836
134.214.46.204,7,280
41.11.85.65,1,40
81.109.202.10,29,1160
65.139.135.202,1,32
82.177.203.71,1,32
24.236.209.99,1,32
202.221.133.138,1,32
186.197.113.64,1,32
159.252.229.176,1,52
104.75.138.189,10,8733
97.7.32.97,1,56
78.27.149.27,1,32
94.223.237.141,1,32
61.127.96.157,1,76
61.87.203.39,1,32
13.206.225.155,1,40
129.196.10.177,9,1512
92.133.6.13,1,32
58.26.195.94,1,40
52.15.44.11,34,7564
42.242.238.13,1,40
119.199.40.254,1,32
203.19.247.172,4,5877
108.14.188.101,1,32
54.181.65.134,1,76
112.239.137.62,1,76
206.190.202.178,6,240
220.48.40.9,1,32
173.212.182.253,1,32
36.26.111.245,1,32
173.249.16.203,2,250
83.183.136.8,1,60
220.51.82.191,1,40
110.149.174.22,1,60
114.230.201.224,1,76
183.65.49.131,1,32
41.183.216.211,1,32
185.72.26.45,10,400
66.247.69.62,12,528
181.175.250.141,1,32
99.104.87.189,1,32
201.136.154.99,1,60
115.126.186.204,1,32
14.53.141.59,5,200
191.170.130.126,1,32
154.201.219.22,3,288
114.199.152.176,1,52
37.46.56.18,1,44
14.83.189.205,1,32
151.44.254.246,1,44
197.230.213.175,1,32
54.197.122.90,1,32
96.206.203.122,1,32
72.30.84.118,1,32
151.150.77.194,16,15133
210.131.143.4,1,84
121.175.139.178,1,32
192.227.98.131,2,128
104.15.195.68,11,1519
72.193.43.100,1,32
71.181.75.89,1,32
37.207.114.173,1,32
181.202.150.7,1,32
175.205.5.19,3,120
112.185.26.101,1,60
92.70.244.52,1,32
81.136.164.40,1,32
221.148.79.28,1,32
105.139.33.49,1,32
99.182.212.120,1,32
189.140.24.70,1,40
185.72.26.104,26,1040
58.18.84.21,1,60
50.159.242.126,7,392
185.48.172.155,22,880
196.180.49.14,5,220
222.180.125.134,1,32
191.91.56.215,1,32
41.96.11.159,1,32
94.235.43.70,1,32
104.248.65.1,13,520
118.14.0.170,94,4888
182.177.22.234,4,160
42.52.34.136,1,32
218.105.55.179,1,32
171.213.6.22,1,86
79.199.233.83,1,56
165.116.243.41,10,400
117.122.155.123,1,76
156.33.71.129,1,40
112.239.136.176,1,76
187.201.74.2,1,32
200.49.193.195,1,40
196.180.49.12,10,760
178.53.221.105,1,32
208.90.135.227,1,32
75.114.44.11,1,32
80.165.214.22,1,32
47.23.67.248,1,32
58.237.208.157,1,52
61.93.182.87,1,28
185.72.26.20,5,200
17.147.85.72,11,6896
156.58.180.201,1,40
95.196.120.222,1,52
94.177.197.173,1,669
112.140.232.58,1,32
125.42.70.229,2,100
87.47.156.59,1,44
200.196.239.33,1,32
76.69.169.26,1,32
104.109.238.224,2,92
32.218.44.220,1,40
17.90.231.200,1,71
167.195.67.15,1,32
111.73.160.206,1,52
125.237.167.31,1,48
118.198.209.16,1,32
37.68.103.214,1,32
187.252.134.129,1,32
46.45.98.223,1,44
66.249.182.82,5,260
72.191.104.180,1,32
14.105.136.111,1,32
82.161.41.37,1,32
217.191.116.33,1,32
46.57.136.86,1,48
218.210.171.211,41,4388
196.145.10.113,1,52
186.7.178.202,1,60
49.96.234.113,1,40
78.161.195.33,1,32
34.203.111.230,1,40
220.199.225.112,1,48
66.235.248.60,6,1614
162.37.163.127,1,32
119.182.106.167,1,60
207.218.52.202,1,32
93.150.146.129,1,32
4.127.85.137,1,32
23.196.13.138,1,32
67.208.32.125,1,32
203.133.136.162,2,704
79.129.108.152,1,32
195.157.235.150,1,40
190.144.198.76,1,32
108.43.201.210,1,32
91.39.53.29,1,88
126.214.118.255,1,32
213.176.180.250,1,32
81.109.202.16,33,1320
142.161.151.150,9,360
71.230.250.237,1,40
47.9.66.136,3,156
125.45.18.75,1,52
108.9.70.79,1,32
23.43.230.189,1,93
71.20.117.74,1,32
52.81.45.48,1,220
54.204.193.185,1,32
24.183.49.70,1,32
80.148.234.91,1,32
185.72.27.142,35,1400
142.161.196.17,3,120
221.91.8.251,1,32
188.40.106.205,1,32
34.208.255.114,1,52
95.40.23.28,1,32
165.229.131.95,6,240
87.45.34.151,1,32
165.116.11.50,11,440
49.94.197.191,1,32
202.67.182.179,1,44
131.116.180.39,1,32
78.164.187.84,1,32
46.249.89.64,1,32
191.78.135.30,1,32
193.35.80.113,1,60
1.197.185.218,1,60
178.223.109.141,2,80
13.30.125.15,2,160
149.122.183.210,1,52
92.15.210.56,1,40
36.161.127.124,1,32
124.73.109.58,1,32
92.220.18.44,1,32
79.62.208.204,1,32
68.61.100.25,1,32
118.164.119.232,1,40
59.96.139.142,1,32
37.17.27.51,1,40
81.227.201.98,1,32
151.23.104.47,1,32
13.218.10.168,2,80
194.255.20.53,1,52
178.7.17.169,1,32
46.231.172.29,44,1760
186.41.185.70,1,60
78.63.238.129,1,32
112.12.86.171,1,52
64.61.217.199,1,32
186.154.222.9,1,32
182.75.42.141,1,52
66.183.146.144,1,32
176.195.22.7,1,32
196.180.49.39,9,396
104.5.131.158,11,6484
185.72.218.212,6,240
64.237.203.196,1,32
114.157.178.84,1,32
24.252.58.104,1,32
151.106.127.201,31,1364
46.153.233.103,1,32
165.229.141.192,3,120
157.55.237.101,18,2562
222.125.94.204,1,58
98.146.71.89,1,32
213.171.41.28,1,32
221.10.55.232,1,32
186.30.111.242,1,60
58.249.190.59,17,10562
83.75.11.157,1,32
192.109.208.197,1,32
120.183.247.233,1,32
18.213.243.118,12,6077
172.119.52.97,18,2935
49.34.114.49,1,32
98.129.221.178,1,32
5.238.216.32,1,52
200.139.142.61,1,32
106.105.196.9,1,76
202.228.117.203,20,7065
208.148.45.145,3,156
23.82.34.88,4,208
177.157.232.116,1,32
12.36.134.218,1,32
74.193.23.172,3,201
117.201.181.225,1,32
187.240.23.195,1,32
91.113.237.81,1,32
122.34.235.76,1,32
46.252.111.12,1,32
185.134.52.211,15,1815
174.174.27.236,1,32
147.0.125.147,1,32
37.46.1.80,1,32
177.71.11.118,1,32
161.137.232.60,1,32
199.67.161.39,3,180
72.237.9.106,1,32
222.138.139.51,1,32
125.204.201.176,1,32
189.173.238.188,1,32
41.162.203.74,1,40
87.70.208.18,1,32
78.101.13.107,1,32
23.242.234.193,1,32
120.180.155.148,42,1848
162.1.253.41,14,8064
17.180.85.215,2,80
76.145.116.50,1,32
60.74.208.86,1,32
191.111.208.236,1,32
71.230.250.65,3,120
71.230.250.184,1,40
90.113.151.205,1,40
103.86.28.119,1,44
213.28.23.67,1,32
138.221.103.70,1,32
92.204.170.95,1,52
92.75.77.121,1,60
166.135.57.20,1,32
162.194.9.64,2,92
203.137.218.53,1,32
178.239.236.59,1,32
191.119.232.107,1,32
18.241.113.135,1,32
31.160.193.70,5,420
17.199.26.129,17,4345
93.91.23.124,1,32
51.175.104.122,1,32
177.252.62.246,1,60
92.67.254.131,16,640
59.163.203.252,1,32
46.78.196.219,1,32
183.227.207.134,1,58
73.33.184.220,1,32
189.252.238.57,1,60
59.49.75.22,1,32
79.248.21.218,1,32
180.118.14.193,1,32
71.230.251.251,6,240
190.234.59.93,1,40
88.116.246.84,1,32
221.93.64.201,1,60
220.139.228.97,1,40
34.201.181.104,1,32
175.163.145.112,1,58
183.188.61.226,28,11570
52.250.35.123,1,76
186.146.22.150,1,32
90.60.167.245,1,32
189.196.224.87,1,32
69.221.115.36,1,56
151.150.78.69,5,7137
107.160.167.183,1,40
172.249.162.142,71,14618
185.235.250.248,1,83
59.168.72.127,1,40
54.44.115.22,1,32
49.83.211.190,1,32
27.236.41.147,1,32
96.78.110.235,4,160
122.152.143.60,1,32
212.192.253.44,1,40
5.87.12.133,1,32
177.71.117.206,4,503
68.20.219.147,1,32
186.10.194.195,1,32
2.68.16.131,1,52
24.82.92.20,1,32
185.21.93.211,4,193
218.250.236.115,1,32
178.103.29.87,4,160
60.198.75.227,1,32
77.38.13.37,1,32
91.44.22.181,1,32
180.151.225.93,19,836
8.216.201.196,5,470
17.199.26.131,16,8844
18.182.49.58,1,76
165.253.77.252,4,717
80.216.125.212,1,60
13.22.76.33,6,552
183.237.141.190,1,48
189.252.227.11,1,32
100.218.209.212,1,32
220.149.95.110,1,40
17.199.26.150,1,1289
98.154.74.23,1,32
94.108.224.203,1,32
159.52.36.12,6,240
31.110.19.6,2,100
190.149.114.11,1,32
37.192.216.228,1,32
117.101.24.254,1,76
197.78.208.45,1,32
77.85.137.21,6,264
211.54.204.145,1,32
108.73.145.13,14,3966
1.139.43.166,1,32
172.249.162.193,13,1082
109.60.108.80,1,32
54.254.231.250,5,481
183.188.61.108,4,801
185.72.27.94,29,1160
67.92.208.31,1,32
75.88.114.124,1,32
76.134.171.198,1,32
183.188.60.2,3,151
52.251.24.155,3,317
1.143.236.192,1,32
36.29.147.102,1,32
93.9.106.153,1,32
24.132.115.115,1,32
183.136.162.246,2,80
23.243.85.111,10,5236
24.147.74.3,1,32
60.17.149.73,1,40
174.240.111.33,1,32
115.56.103.250,1,40
123.28.237.61,1,40
35.16.21.182,5,361
218.152.99.115,1,48
45.125.82.119,5,200
104.248.236.24,36,22872
185.156.22.119,1,32
201.182.143.65,1,60
180.145.116.254,1,32
82.85.87.218,1,32
182.152.207.9,1,40
115.59.2.204,1,40
23.209.109.79,1,32
222.186.21.52,17,2057
23.4.186.213,1,32
61.26.0.89,15,600
126.178.183.71,19,5592
159.153.180.3,5,200
139.173.176.239,1,40
146.72.252.87,1,32
185.154.237.233,1,32
200.65.25.222,1,60
82.103.21.210,1,76
211.63.194.55,1,32
106.109.21.90,1,32
164.48.28.82,2,88
110.51.61.129,1,32
99.21.51.135,1,48
78.98.41.82,1,56
199.39.7.127,1,32
46.177.158.247,1,32
47.194.81.94,1,32
50.254.6.199,1,32
46.80.160.94,1,60
125.33.83.207,1,44
5.188.104.139,3,340
58.235.111.105,1,32
12.199.74.137,1,32
119.199.107.55,1,40
171.206.200.211,4,160
195.32.123.123,1,32
190.177.9.23,1,44
62.174.135.5,2,80
122.246.91.14,1,40
172.249.12.120,13,4626
151.150.92.58,13,7957
43.194.107.174,1,32
88.7.88.235,1,32
178.113.248.196,1,32
202.207.175.5,13,982
47.122.214.121,1,60
173.233.156.50,1,96
189.253.190.165,1,40
24.148.211.204,1,32
74.193.190.125,5,632
122.224.210.187,1,48
83.244.136.125,1,32
109.6.234.179,1,32
116.168.93.102,1,32
172.249.30.10,22,8129
171.192.75.20,1,32
82.1.13.49,1,32
75.64.104.254,1,32
142.255.223.58,1,32
123.113.226.86,1,52
112.251.197.129,1,32
84.199.250.66,1,32
13.207.189.66,1,76
196.180.49.37,5,220
97.37.59.87,1,56
77.43.248.5,1,32
176.36.40.49,1,52
58.199.141.146,1,40
108.7.170.207,1,32
83.95.105.61,1,32
185.12.25.229,5,300
78.81.72.173,1,44
13.206.81.187,3,483
104.77.248.229,1,100
72.5.207.141,1,32
222.115.144.215,1,32
67.172.125.141,4,144
126.145.136.114,1,32
119.61.63.31,1,32
5.74.144.133,1,32
216.211.33.118,1,134
196.180.49.68,8,352
197.40.235.64,1,40
54.188.59.67,1,32
31.163.53.75,1,40
81.80.145.190,1,52
119.86.175.157,1,40
14.233.252.252,15,600
46.230.246.140,1,32
173.71.203.238,1,32
184.27.148.46,1,52
194.246.128.93,1,40
185.252.120.253,27,1620
185.72.27.125,9,360
178.48.252.162,1,32
13.161.234.159,2,709
82.167.110.246,1,32
70.72.143.230,1,32
202.85.83.21,5,200
54.137.92.123,1,32
156.28.12.162,5,200
17.192.156.1,15,7214
182.189.102.19,1,52
189.246.186.180,1,32
165.253.234.125,2,128
185.104.111.133,5,280
174.197.52.106,1,32
178.124.13.53,1,32
2.206.250.118,1,60
68.74.225.106,3,120
213.79.180.89,1,32
93.80.162.244,1,44
46.186.85.50,1,32
185.58.174.198,1,40
123.182.132.0,1,60
98.112.81.165,1,32
173.59.151.40,1,32
222.69.199.52,1,32
37.17.218.240,1,40
17.147.81.25,3,312
106.52.34.53,1,48
201.58.146.247,1,32
185.49.252.227,16,640
122.111.198.27,1,60
100.236.145.166,1,32
110.96.111.101,1,32
114.19.77.23,1,40
94.49.21.103,2,80
188.198.116.187,1,32
199.212.181.124,1,32
50.237.109.95,1,32
119.130.131.11,1,52
196.180.49.73,7,644
118.251.221.244,1,60
149.122.191.179,1,32
197.53.9.129,1,44
114.243.62.250,2,88
119.48.248.40,2,104
140.229.229.211,1,76
185.72.27.89,19,760
172.249.30.49,1,48
92.190.154.158,1,56
23.120.177.145,1,32
185.241.226.51,1,40
38.132.59.35,1,96
201.224.198.157,1,40
165.116.243.161,7,280
106.45.36.189,1,32
60.137.220.7,2,250
74.193.223.228,1,52
87.123.141.62,1,32
219.0.170.253,7,280
89.199.72.64,5,249
218.128.12.180,3,408
99.248.163.98,1,32
172.249.31.78,37,23490
24.62.107.57,1,32
71.230.250.76,1,40
191.103.216.60,1,32
92.190.152.3,1,56
81.120.214.129,1,32
173.221.209.54,318,455182
92.190.152.28,1,56
187.133.63.31,1,32
195.208.253.181,27,1080
81.244.1.8,1,32
213.134.223.113,1,60
106.93.145.99,1,32
217.15.224.185,1,52
35.97.5.219,1,32
220.202.165.104,15,600
201.42.12.193,1,32
92.190.157.181,1,56
68.87.50.186,1,32
114.205.33.196,1,32
213.37.45.20,1,60
60.142.144.95,1,32
108.73.145.168,2,126
188.200.195.216,1,40
187.6.177.8,1,32
189.173.162.198,1,40
216.255.200.72,1,32
154.247.198.105,1,32
121.0.134.155,1,32
27.196.224.60,1,157
90.67.68.138,1,32
92.190.155.15,1,56
165.103.59.81,1,32
121.178.120.162,1,32
196.180.49.32,9,396
181.118.89.212,1,60
92.190.157.116,1,56
123.188.136.237,1,76
17.199.30.112,1,2009
79.15.97.148,1,32
113.222.58.143,1,32
129.196.13.117,4,224
59.34.38.202,1,58
60.137.148.59,1,32
58.53.135.201,1,32
34.199.158.55,27,6718
112.224.186.9,1,32
182.203.12.9,1,32
27.223.132.171,1,60
172.102.203.83,1,32
73.173.202.70,1,32
54.180.52.93,1,32
5.189.61.210,85,107575
17.199.26.167,2,104
196.149.248.103,1,44
46.33.206.62,1,48
196.180.49.29,9,396
107.192.85.235,1,32
185.72.26.13,9,360
191.25.201.237,1,32
71.73.109.185,1,32
71.212.117.13,1,32
13.204.2.133,1,76
5.64.104.130,2,80
73.187.174.149,1,32
199.152.205.90,1,32
151.18.172.181,1,32
121.174.167.145,2,80
1.254.234.223,1,48
217.56.109.9,1,40
92.190.157.159,1,56
70.174.78.69,1,32
149.122.130.158,1,40
52.8.170.249,1,32
208.116.202.208,1,32
41.2.67.251,1,32
183.139.122.173,1,32
213.249.10.197,1,32
189.148.219.60,1,40
206.73.156.190,1,32
80.121.55.156,1,32
196.180.49.22,5,220
159.23.105.107,1,32
195.214.253.77,1,32
122.54.198.237,1,32
71.35.11.162,1,64
203.3.52.52,1,44
92.190.152.65,1,56
92.190.176.74,1,56
183.188.30.141,286,383911
110.112.80.185,1,32
92.190.178.215,1,56
203.136.241.11,1,44
27.228.5.75,1,52
104.101.118.188,1,32
186.220.114.71,1,52
75.160.200.219,1,32
36.162.213.180,1,32
106.239.56.173,1,32
109.126.172.175,1,32
186.55.235.192,1,40
89.236.222.158,1,44
220.203.124.250,1,76
141.149.144.233,2,213
107.202.71.22,1,32
62.128.142.242,1,32
103.101.179.143,1,40
45.126.10.171,5,200
41.150.249.245,1,32
123.108.102.204,8,320
172.249.30.145,2,112
85.22.165.209,1,44
176.13.137.68,1,32
221.104.159.172,1,32
92.190.156.45,1,56
159.187.139.117,1,32
92.57.203.166,1,32
120.211.220.205,1,40
176.111.17.5,1,40
39.40.190.22,1,32
104.248.1.195,6,240
201.64.232.83,1,32
100.231.238.193,1,60
190.118.94.241,1,32
176.88.185.227,1,32
189.251.72.230,1,32
92.190.152.180,1,56
217.57.100.222,4,336
192.148.95.161,1,60
31.216.238.127,1,52
118.166.87.107,1,32
35.68.176.253,12,4409
219.108.217.240,1,32
157.42.72.128,1,40
125.191.77.103,1,40
217.180.103.22,63,72404
27.48.107.122,1,32
50.223.108.199,1,32
195.211.249.200,1,32
195.223.2.37,1,32
94.109.206.65,1,44
104.61.43.192,1,32
103.115.254.33,1,48
187.101.238.230,1,44
213.124.140.89,1,32
182.43.142.10,1,32
174.209.12.252,1,56
8.216.201.171,1,83
185.91.95.26,1,40
180.131.78.246,1,52
187.237.83.82,1,44
173.171.209.118,1,32
183.199.193.195,1,32
104.209.68.68,1,32
222.234.235.170,1,32
69.14.106.105,1,32
123.62.35.61,10,1868
192.33.42.167,10,6209
177.201.58.120,1,32
177.215.0.73,1,60
122.59.162.29,1,44
84.164.144.184,1,32
195.115.153.75,1,48
111.160.126.3,1,32
95.136.198.134,1,60
82.222.27.88,37,6863
181.66.86.10,1,32
61.144.187.231,1,32
139.173.135.232,1,40
52.240.60.163,1,32
188.175.98.63,3,120
186.7.182.33,1,60
182.145.37.67,1,76
81.59.148.156,1,84
36.28.64.165,1,40
24.5.115.223,1,32
85.192.115.122,1,32
104.87.107.71,1,52
37.73.42.52,1,32
88.200.189.63,1,32
192.49.201.102,1,40
196.180.49.17,9,396
54.50.170.53,1,32
35.92.62.39,1,32
151.150.77.46,1,52
196.218.80.226,1,32
74.193.190.124,10,772
79.13.163.148,1,32
60.51.64.191,1,32
79.229.149.153,1,32
12.104.186.198,1,32
98.43.82.232,1,32
183.100.114.153,1,32
18.185.14.14,2,168
203.19.247.107,2,1248
78.45.10.134,1,32
64.22.165.173,5,382
186.199.144.112,1,32
162.12.51.215,2,80
85.224.155.12,1,32
13.31.182.118,2,256
113.10.246.227,1,32
182.243.227.237,4,1986
221.17.121.153,1,48
34.237.172.170,32,16861
125.72.127.23,1,32
52.212.108.96,1,210
5.93.81.16,1,32
80.73.132.220,1,32
18.242.93.5,9,1052
132.216.78.71,7,854
184.26.110.53,1,32
107.21.192.255,2,104
175.226.71.85,1,32
95.179.253.102,1,32
172.249.25.142,22,5451
92.207.5.210,1,32
92.25.231.239,1,32
186.206.167.232,1,60
185.72.26.31,12,480
83.39.71.67,1,32
139.68.202.55,2,80
59.14.148.170,1,32
185.72.26.105,31,1240
52.99.42.233,1,32
87.138.180.187,1,32
113.158.142.239,1,40
83.158.9.33,3,156
88.233.144.81,1,32
196.53.167.88,1,60
89.27.57.26,1,32
76.207.194.22,1,32
13.31.241.97,1,76
177.54.61.101,1,32
23.36.61.71,6,3459
93.184.75.19,1,32
173.193.174.86,1,32
211.203.232.158,1,40
73.161.121.202,1,32
107.205.105.97,1,60
219.210.226.210,1,32
220.151.186.249,1,32
119.122.8.3,1,52
202.122.67.79,1,82
90.228.39.84,1,60
176.59.188.190,1,40
220.57.203.128,1,32
74.193.223.129,565,766999
107.15.199.21,1,32
174.204.218.143,1,32
179.244.164.65,1,32
87.34.17.199,1,32
112.186.77.238,1,32
172.249.28.105,30,7492
18.214.218.133,1,32
78.170.101.117,2,80
34.15.172.15,1,60
60.67.119.137,1,52
14.234.167.19,1,52
13.4.142.54,13,1408
64.197.152.94,1,56
176.78.68.101,1,32
162.8.35.141,14,6366
27.116.189.42,1,32
198.12.167.3,3,1689
87.96.55.205,1,32
184.172.41.7,1,32
203.41.1.168,1,40
99.33.246.57,1,32
106.61.252.64,1,60
195.10.7.1,1,32
46.125.170.125,2,80
220.152.6.228,1,40
196.180.49.35,10,1250
14.121.168.104,1,32
177.178.103.29,1,44
142.161.238.230,9,360
14.115.162.58,1,32
73.136.221.174,2,80
139.180.249.30,1,76
90.113.155.82,1,40
80.169.163.244,1,32
174.186.197.112,1,32
104.75.147.36,352,482849
41.18.209.220,1,60
211.245.143.205,1,40
201.200.104.0,1,32
24.225.48.41,1,56
96.213.199.90,1,32
118.170.69.88,1,32
123.7.13.14,1,32
103.22.211.118,1,40
122.7.46.150,1,32
12.59.97.166,2,80
2.141.171.150,1,32
18.178.169.89,1,76
178.56.237.75,1,32
120.165.75.198,1,76
88.204.5.146,1,32
159.76.54.119,1,60
50.162.41.175,1,32
78.48.156.130,1,32
185.184.83.21,8,320
172.198.52.201,1,48
203.170.64.86,1,56
78.38.246.68,1,32
213.12.137.87,1,32
108.48.186.141,1,32
196.166.46.23,1,60
139.195.18.45,1,40
110.77.128.24,1,76
108.87.117.167,1,32
80.173.123.16,1,32
190.34.111.160,1,32
112.237.79.62,1,32
185.72.27.106,60,2400
196.180.49.57,9,396
112.191.21.166,1,60
2.77.213.55,1,52
216.154.147.14,1,93
157.42.157.75,7,1057
68.65.192.204,1,32
184.75.198.23,1,32
101.46.165.166,1,60
124.57.163.182,1,60
175.175.100.148,1,76
52.254.171.203,1,32
122.37.69.162,5,464
67.248.91.201,1,32
108.173.95.117,1,32
124.167.51.65,7,308
98.17.48.189,1,32
99.219.236.209,1,60
104.243.34.10,1,32
199.162.4.159,1,58
178.242.136.193,1,32
81.206.128.121,5,420
73.31.107.203,1,32
124.218.196.166,1,32
75.166.72.55,1,32
145.148.212.89,1,32
196.166.45.4,1,32
178.181.151.22,1,32
190.150.49.178,1,44
91.166.83.195,1,32
201.191.87.60,1,32
59.30.149.251,1,32
13.55.14.183,1,76
89.196.125.62,1,32
151.181.243.124,1,32
51.219.52.90,1,32
121.219.47.98,1,40
52.255.193.195,1,76
18.214.34.107,1,32
3.238.160.60,5,4055
95.45.239.1,1,32
191.221.134.236,1,40
5.235.191.234,1,32
200.13.199.178,1,32
196.205.211.139,1,32
190.40.230.111,1,32
47.127.183.192,3,132
185.195.37.25,1,40
113.115.113.70,2,120
86.220.27.91,1,40
61.67.8.149,1,48
58.157.235.109,1,32
176.25.227.98,1,32
46.99.242.65,1,32
41.36.148.230,1,52
167.148.99.50,3,120
83.161.44.157,1,40
91.140.21.140,1,32
71.230.250.212,1,40
88.55.149.201,1,44
2.69.57.137,1,32
73.15.64.204,1,32
121.131.53.110,1,60
216.68.133.145,127,106325
220.145.255.77,1,40
114.40.172.22,1,32
194.196.221.187,1,32
94.41.86.243,1,32
27.245.43.22,1,52
208.118.71.202,1,32
45.113.141.247,1,32
111.206.146.68,2,100
41.38.108.199,1,40
84.184.122.88,1,32
148.208.81.64,1,32
77.241.122.199,1,40
62.117.4.71,1,96
163.83.87.250,1,32
68.7.69.243,1,32
111.252.213.151,1,52
123.141.8.98,1,52
89.234.203.200,1,32
112.223.255.78,1,32
71.230.250.109,1,40
195.190.245.34,1,40
85.253.4.26,1,134
91.193.131.135,1,32
210.160.2.112,1,32
58.208.145.124,1,76
195.14.23.171,6,504
59.44.197.68,1,32
64.70.24.93,1,32
183.109.43.21,2,224
88.212.179.11,1,32
79.217.72.142,1,32
170.17.75.2,1,32
218.239.86.174,1,58
39.58.186.32,1,32
140.229.120.251,1,32
81.109.202.4,41,1640
172.249.31.65,13,5895
202.112.40.226,1,40
193.77.80.5,1,32
46.68.52.20,1,32
80.92.80.125,1,32
71.45.203.246,1,32
5.83.170.205,1,40
71.230.250.31,1,40
151.150.14.129,5,2003
89.196.125.57,1,60
190.170.180.88,1,32
196.180.49.3,5,220
201.177.36.114,1,40
107.141.92.76,1,32
74.41.81.105,1,32
172.249.29.78,14,3530
185.72.27.41,29,1160
213.148.119.122,1,32
23.82.148.187,1,32
93.92.174.186,1,32
104.75.146.41,18,8067
60.149.249.31,1,32
212.15.35.78,1,60
1.44.79.226,1,32
184.79.49.215,1,32
79.179.253.159,1,60
216.211.36.138,1,103
176.59.162.203,4,160
47.101.2.70,1,84
52.72.192.198,1,32
187.136.197.242,1,44
90.1.52.143,1,32
78.172.114.163,1,32
41.243.246.21,1,60
108.70.107.143,1,32
54.95.107.171,27,1620
185.77.185.222,1,132
91.217.111.251,1,32
68.97.186.48,1,32
150.249.120.38,1,32
82.110.174.6,1,44
184.67.117.36,1,32
179.91.213.136,1,60
197.131.163.91,1,32
108.73.146.224,1,60
49.208.246.14,1,48
47.61.218.49,2,104
51.101.141.198,1,106
2.252.24.197,1,32
134.214.229.157,3,120
203.136.241.59,1,44
35.76.211.125,1,32
217.224.56.229,1,32
76.249.107.219,1,32
111.166.155.170,1,32
93.206.5.250,1,32
188.36.127.234,1,40
119.76.122.84,1,32
85.123.31.2,1,32
17.199.26.206,1,916
68.21.176.69,1,40
58.60.10.30,2,104
192.33.42.231,242,355837
201.144.184.236,1,32
71.56.55.228,1,32
176.3.2.158,1,32
124.58.228.194,1,32
195.248.244.196,1,40
88.18.38.118,1,32
185.36.236.105,1,32
112.175.125.239,1,32
67.81.100.126,1,48
189.3.56.245,1,60
221.40.235.72,1,32
107.154.81.170,1,32
120.150.169.146,1,40
88.11.63.68,4,160
84.219.177.175,4,336
188.201.45.24,3,381
123.233.178.248,1,32
91.206.235.40,1,60
123.163.44.244,1,52
94.68.84.55,1,32
121.180.105.173,1,32
201.146.62.130,1,40
50.157.185.106,2,80
162.194.76.194,2,80
159.31.233.118,1,40
141.149.144.225,2,104
172.249.30.14,40,31093
222.187.229.163,3,132
121.146.146.198,3,120
201.203.212.52,1,32
192.108.225.208,8,704
82.33.106.191,1,44
99.38.210.37,1,32
207.43.58.16,1,32
39.44.15.242,1,60
52.24.214.139,1,75
130.212.40.98,1,40
42.18.134.101,1,32
36.7.2.96,1,32
27.243.33.127,1,64
95.155.117.10,1,32
189.181.113.174,1,60
24.137.43.10,1,32
156.56.191.50,1,40
192.134.31.108,1,32
117.117.90.185,4,2903
90.177.201.46,1,32
60.76.49.134,1,32
211.22.38.25,1,56
141.149.144.215,1,87
139.173.171.12,2,80
114.219.200.154,1,32
84.247.108.188,5,420
138.221.35.73,4,160
79.127.192.13,3,120
65.100.95.25,1,40
74.193.23.96,1,60
35.89.58.60,1,32
178.195.127.108,4,160
61.84.214.77,1,32
84.193.49.31,1,40
60.58.80.40,1,44
125.235.101.103,1,48
213.188.211.235,2,80
116.159.201.69,1,52
221.123.183.161,1,32
138.221.254.166,3,120
93.29.29.132,1,32
49.99.240.44,1,32
45.125.123.150,1,40
61.108.94.147,1,48
185.72.27.49,11,440
221.35.147.191,15,732
151.150.185.184,1,52
94.31.94.105,1,44
62.246.4.68,1,40
221.118.25.56,1,56
208.108.72.89,1,360
188.17.238.23,1,32
96.45.143.85,1,32
104.86.214.24,1,32
5.99.9.231,1,60
126.12.235.2,43,22845
88.11.63.85,1,40
83.23.75.152,1,32
112.208.245.154,1,32
185.72.26.63,7,280
140.250.197.100,2,386
60.235.120.239,1,32
125.190.72.33,1,40
160.166.195.154,1,32
213.179.184.9,1,32
168.26.223.132,1,32
177.65.38.15,1,40
98.123.27.138,1,32
190.193.195.155,1,40
201.149.146.58,1,32
114.197.109.86,1,97
89.229.149.252,1,77
64.65.244.246,2,80
46.81.72.245,1,32
200.65.25.153,1,60
171.62.189.195,1,60
88.11.63.80,2,80
195.177.47.82,1,32
124.228.195.148,1,48
182.243.177.136,15,14585
190.84.203.29,1,32
186.210.194.201,1,32
79.169.161.254,1,40
221.156.112.111,1,32
188.12.235.229,1,60
79.56.233.215,1,32
182.71.112.226,1,32
74.193.190.157,1,40
138.221.89.121,1,40
68.27.192.66,1,32
52.30.141.195,1,132
152.57.216.132,1,32
163.96.232.114,5,420
14.8.33.133,53,72622
167.139.171.65,1,32
183.129.75.101,1,32
182.173.180.221,1,32
62.237.122.164,1,32
177.104.247.34,1,32
58.213.43.106,1,40
189.81.218.85,1,32
37.252.208.194,1,32
101.47.20.110,1,32
218.128.12.164,8,694
67.207.86.225,1,32
82.6.135.168,1,32
123.244.106.174,1,52
23.100.180.169,1,32
80.0.245.42,1,32
42.227.115.209,1,132
27.40.113.18,1,32
176.235.21.101,1,32
162.1.252.121,12,6912
36.21.7.65,1,32
103.21.191.72,1,60
73.252.61.34,1,32
94.63.179.166,1,32
37.148.16.195,1,32
139.173.135.205,5,200
168.221.81.215,1,32
206.10.186.33,1,32
145.253.69.62,1,32
119.71.230.23,1,40
118.33.25.145,2,1310
74.247.90.154,1,32
118.251.99.45,1,52
181.25.253.206,1,32
123.180.111.140,1,60
191.81.223.239,1,32
101.53.112.86,1,32
82.212.231.49,1,32
116.29.218.108,1,32
72.123.141.195,1,32
54.227.67.242,1,76
202.178.99.191,1,32
17.147.81.27,1,52
162.98.86.75,2,139
111.253.117.160,1,76
178.202.129.186,1,32
198.15.145.129,4,161
185.224.46.98,1,40
79.210.2.56,1,32
31.104.193.33,1,32
218.229.225.65,1,48
89.252.154.94,3,168
154.242.33.75,1,32
195.5.122.177,1,60
82.113.217.156,1,82
94.27.180.103,1,32
88.11.63.76,3,120
217.112.0.154,1,32
63.213.171.198,1,32
114.235.200.125,1,76
94.69.126.3,1,52
180.138.30.187,4,160
173.221.216.139,266,381027
124.159.61.161,2,80
117.209.243.229,1,52
18.182.150.78,1,76
118.113.79.254,1,44
189.79.219.6,1,32
200.245.33.204,1,32
180.122.112.8,1,32
217.178.79.19,2,96
141.149.144.213,5,306
187.126.138.113,1,32
71.232.254.237,1,32
188.77.208.211,1,32
134.38.196.58,1,52
177.79.12.247,1,44
203.189.235.225,1,32
112.239.137.239,1,76
188.205.45.250,1,32
76.65.145.227,1,32
39.55.136.246,1,32
74.193.12.27,1,52
75.70.145.192,1,32
113.151.123.114,1,40
114.195.47.144,1,60
112.161.200.179,1,32
84.9.212.247,1,32
216.68.133.156,11,4455
31.110.26.178,1,52
95.76.250.46,1,32
37.186.174.136,3,120
58.35.98.152,1,32
72.255.170.29,1,32
113.39.64.92,1,52
83.98.44.219,1,60
66.230.95.55,17,2255
188.175.96.131,4,160
181.121.138.71,1,32
188.201.45.134,1,40
216.68.133.238,9,1272
90.113.157.229,2,80
113.149.87.56,1,40
75.172.136.125,1,32
108.73.145.147,2,104
104.125.20.153,1,32
54.55.75.119,1,32
195.133.127.135,1,32
75.159.21.216,1,44
210.154.7.194,6,1422
205.58.73.118,1,284
182.191.180.226,1,32
200.47.122.130,1,32
165.233.149.4,1,32
61.232.150.197,1,56
86.110.34.135,1,32
94.241.188.26,5,420
159.137.143.195,3,120
111.223.86.184,1,52
110.71.53.101,1,76
98.3.66.145,1,32
117.232.74.96,1,52
77.222.66.244,1,52
117.127.36.132,1,32
82.4.53.205,1,32
73.156.107.88,1,32
196.67.139.97,2,100
142.161.195.55,1,40
139.173.147.5,1,40
78.123.234.70,1,32
45.33.76.87,4,273
201.111.105.166,1,44
213.227.9.109,2,80
112.239.137.227,1,60
68.216.90.47,1,32
103.209.35.88,1,32
183.254.98.186,1,76
112.39.180.7,1,76
116.172.217.77,1,32
124.231.61.79,1,32
205.58.73.252,1,238
186.207.139.135,1,32
99.172.131.21,1,32
47.184.201.177,1,32
190.145.124.38,1,32
114.194.9.23,1,32
113.26.146.241,1,48
80.21.129.183,12,16796
23.243.180.105,1,32
79.240.66.195,1,32
5.97.241.52,1,40
59.20.17.245,1,32
174.131.81.111,1,32
31.180.10.233,1,32
216.129.123.179,1,32
185.213.49.122,3,120
178.104.200.251,1,60
216.141.72.185,1,32
83.89.80.26,1,32
107.188.107.160,1,32
52.255.229.165,1,76
134.214.180.168,6,240
185.72.27.121,17,680
41.240.251.66,1,32
71.213.44.104,1,40
149.158.72.52,1,96
37.54.149.143,1,32
183.69.123.88,1,60
174.112.46.57,1,60
115.54.20.6,1,32
78.6.215.8,1,32
80.197.147.103,2,80
31.165.31.32,1,32
201.6.61.140,1,56
173.233.156.52,1,96
167.108.148.110,1,32
82.189.178.114,1,32
47.244.9.130,4,336
60.112.226.232,1,32
201.190.104.152,1,32
13.30.243.139,1,76
142.197.20.122,1,32
218.242.147.1,1,273
103.49.113.16,1,44
220.145.72.127,2,104
200.127.102.183,1,32
13.30.103.237,1,76
41.59.146.185,1,32
91.2.168.49,1,52
104.62.113.222,1,32
52.233.126.61,1,32
191.56.248.226,1,32
23.62.117.124,1,32
91.39.54.156,3,1155
90.113.148.99,1,40
78.26.212.221,1,32
218.198.96.212,1,40
85.175.145.141,1,32
221.28.61.168,1,32
39.12.125.0,2,96
54.166.220.9,1,52
123.234.26.58,1,52
195.54.108.151,1,32
64.65.244.221,1,40
121.217.25.129,1,32
14.83.206.98,1,52
180.131.175.167,1,32
60.68.118.131,1,32
207.5.20.133,1,32
23.225.130.106,1,32
108.93.149.165,1,32
101.63.37.78,1,60
191.192.44.236,1,32
213.197.86.10,1,32
154.248.6.45,1,96
71.230.250.133,1,40
187.176.105.229,1,32
34.238.175.194,1,32
173.188.49.104,1,32
93.64.79.84,1,32
94.215.152.79,1,32
104.190.122.114,1,32
75.130.148.98,1,32
68.29.217.164,1,32
5.24.13.168,1,56
196.180.49.36,5,145
195.155.65.19,7,280
54.208.190.14,1,52
218.170.225.55,1,32
78.101.107.122,1,40
118.193.146.228,1,40
17.199.30.23,2,104
188.11.193.187,1,40
101.215.75.169,1,32
186.219.204.27,1,32
176.108.169.242,2,88
88.11.63.69,2,80
190.131.99.157,1,32
118.98.148.1,1,32
198.111.47.77,1,32
113.117.244.206,1,76
187.182.81.11,1,32
24.45.121.102,1,32
101.114.8.242,1,60
113.59.20.98,1,32
179.223.138.85,1,32
1.65.191.146,1,76
38.156.180.30,1,32
172.249.28.110,6,514
185.239.168.114,1,32
221.7.84.125,1,76
119.36.73.186,1,40
90.17.38.6,1,32
113.173.37.253,1,32
190.176.142.156,1,32
178.52.152.18,1,32
125.76.121.5,1,32
119.162.235.202,1,32
169.52.68.52,1,52
189.183.46.46,1,32
114.37.165.214,1,60
85.137.234.116,1,32
190.183.129.29,1,40
82.149.244.14,1,32
162.12.12.19,2,80
211.32.58.91,1,32
52.248.76.91,1,76
104.11.162.254,1,32
76.136.69.28,1,32
27.46.158.7,1,32
103.39.188.201,1,40
60.62.104.138,1,52
94.196.251.228,1,32
14.57.22.204,1,32
50.1.134.39,1,32
93.180.169.134,1,40
34.205.77.218,1,32
221.136.194.98,1,60
143.192.77.210,73,107787
118.230.14.57,1,32
173.255.239.252,1,32
112.183.6.229,1,32
111.196.199.14,1,143
176.59.47.157,1,40
82.59.43.129,1,32
118.174.145.254,1,44
5.106.192.56,1,32
17.199.26.200,2,1406
139.245.53.151,1,76
185.72.26.109,5,200
121.109.196.208,1,52
164.177.52.230,1,32
5.64.104.158,1,40
189.254.31.114,1,56
159.52.166.94,11,440
71.230.146.118,5,220
156.32.168.106,1,40
119.157.124.10,1,40
93.19.46.28,1,32
209.122.181.85,1,32
120.154.216.143,1,76
104.248.178.161,2,80
106.65.72.164,1,32
73.109.157.205,1,32
92.67.254.101,20,800
98.58.176.153,1,32
218.148.200.120,1,76
118.57.254.55,1,32
90.78.245.159,1,32
175.34.100.210,1,32
220.175.1.141,1,52
179.100.193.117,1,32
199.178.181.205,1,32
24.112.48.167,1,32
103.112.116.147,1,40
61.47.136.246,1,40
69.215.244.232,1,40
88.55.91.107,1,40
12.2.175.130,1,32
126.195.125.135,1,32
77.188.173.11,1,32
162.52.192.135,1,32
162.104.243.180,1,60
147.227.174.185,1,32
93.52.242.73,1,40
149.152.43.219,1,32
92.243.223.241,1,32
196.20.172.138,1,32
46.137.177.177,5,420
185.48.172.193,34,1360
185.16.244.50,1,32
49.195.154.201,1,76
66.196.84.126,1,32
52.30.174.255,1,434
175.53.26.173,1,32
139.173.134.7,1,40
92.216.117.235,1,32
184.165.160.69,1,32
5.22.114.197,1,32
80.9.180.205,1,40
202.100.222.128,2,88
220.198.181.230,1,84
173.221.209.233,80,101228
77.81.223.98,1,40
182.47.220.36,1,32
34.245.116.191,1,32
156.33.235.235,1,40
88.145.212.138,1,32
157.42.16.141,6,240
66.152.117.113,1,32
213.14.110.238,1,40
77.202.56.252,1,32
76.228.139.93,1,32
200.97.84.253,1,32
112.218.248.90,1,40
88.227.221.50,1,32
115.65.103.145,1,44
94.180.84.100,1,40
168.14.103.217,1,32
183.69.194.83,1,32
197.252.12.224,2,104
172.249.162.131,4,295
49.241.109.165,1,40
136.66.235.122,1,32
47.132.20.246,1,32
123.121.143.28,1,32
94.190.118.154,1,40
81.60.207.245,1,32
216.68.133.181,10,3566
111.244.10.162,1,32
58.239.193.189,1,60
222.118.247.19,1,32
178.169.9.240,1,32
146.24.69.162,7,1641
73.10.3.57,1,32
197.31.247.171,1,32
79.100.88.21,1,40
213.200.61.65,1,40
178.223.27.41,4,331
13.206.15.163,1,76
107.140.218.246,1,32
73.129.160.226,1,32
69.133.225.232,6,312
208.124.40.60,1,40
35.84.207.26,2,263
107.164.145.15,2,80
222.181.66.85,1,52
112.188.64.169,1,60
139.147.4.144,1,32
35.87.187.52,1,32
182.101.13.74,1,52
1.246.55.187,1,32
168.31.130.199,1,32
222.85.112.179,1,52
115.250.212.52,1,32
189.22.162.183,1,32
131.231.112.5,1,32
81.195.212.194,1,32
122.41.162.140,1,32
203.0.139.233,1,32
189.225.145.214,1,32
216.148.77.73,1,32
98.155.196.61,1,32
71.230.250.241,1,40
216.202.230.134,8,320
68.209.114.98,1,32
108.183.154.252,1,32
125.230.149.187,1,132
70.69.2.76,1,32
126.113.183.172,1,32
79.61.238.211,1,32
61.66.129.68,1,60
174.228.20.122,1,32
209.209.53.127,1,32
46.217.87.213,1,32
14.60.19.217,1,32
71.178.211.94,1,32
159.153.181.232,1,40
138.221.243.247,2,80
121.67.148.50,1,32
82.72.205.211,1,32
175.56.215.254,1,32
222.186.53.35,9,360
177.182.253.215,1,32
113.8.93.88,1,40
54.168.232.118,1,32
104.62.137.191,1,32
78.62.48.174,1,32
96.63.162.227,1,32
116.143.88.51,1,48
94.246.49.39,1,32
108.187.254.86,1,60
218.157.247.121,1,40
123.156.107.122,1,32
104.243.199.186,8,4877
162.110.235.110,1,32
68.115.41.131,1,32
35.127.232.59,1,60
202.121.208.10,1,32
125.231.107.130,1,32
222.112.14.48,1,32
41.59.50.101,1,32
80.184.233.34,1,32
92.108.72.203,1,32
107.22.57.163,1,32
117.215.135.28,1,78
79.189.108.146,1,32
222.79.0.239,1,76
73.217.225.106,1,40
110.68.109.240,1,60
52.9.171.56,1,32
103.116.148.118,1,32
88.55.149.206,1,44
183.161.203.137,1,60
188.105.9.46,1,44
46.40.139.139,1,32
134.214.180.160,2,80
60.78.247.8,1,52
209.150.183.233,4,352
27.70.236.228,2,80
200.227.200.170,1,32
188.209.188.25,4,336
187.135.207.240,1,60
189.168.43.209,1,32
23.219.213.41,1,40
197.46.138.36,1,40
82.177.196.25,1,40
88.11.63.90,2,80
222.233.22.206,1,32
86.194.43.63,1,44
189.12.200.26,1,32
185.49.252.234,24,960
61.125.220.207,1,52
5.236.100.11,1,32
67.137.106.54,1,32
106.94.123.173,1,40
87.2.55.72,1,56
90.23.207.14,1,32
104.76.89.146,14,15496
46.187.43.242,1,32
95.81.81.169,1,32
172.71.213.94,1,32
105.32.208.175,1,32
115.140.11.118,1,32
213.164.89.126,1,40
134.252.156.252,1,32
190.191.35.193,1,40
50.239.162.9,1,32
121.92.235.230,1,32
84.107.160.215,1,32
13.206.162.85,1,32
77.56.206.235,1,40
52.14.131.239,6,474
104.97.129.111,1,32
93.230.53.232,1,32
76.128.111.226,1,32
82.129.136.195,1,32
69.101.144.101,1,32
93.216.94.30,1,32
195.79.222.251,1,32
27.36.132.75,1,52
107.143.221.40,1,32
178.5.252.70,4,1244
52.145.235.147,1,32
118.91.255.252,1,44
180.152.157.92,1,32
101.55.193.168,1,40
45.117.141.31,1,40
23.80.3.30,5,3218
202.95.252.235,1,32
159.137.197.133,4,160
91.73.133.119,1,32
61.101.249.66,1,40
95.205.105.59,1,32
171.167.69.74,1,32
108.6.20.218,1,32
200.224.134.198,1,60
182.89.137.223,1,40
132.145.151.51,5,200
179.27.221.188,1,32
47.26.148.123,1,32
216.68.133.177,11,3734
98.70.168.171,1,273
196.180.49.6,8,352
88.11.63.83,3,120
210.240.194.123,2,88
211.65.238.170,1,32
112.54.251.107,1,32
198.15.110.46,1,32
85.61.189.179,1,32
69.34.59.250,3,144
179.230.171.108,1,32
174.192.205.190,1,32
198.15.182.21,5,220
5.28.73.201,1,32
111.65.144.190,1,52
36.165.145.213,1,32
138.186.13.217,1,44
49.212.127.104,1,64
17.192.163.107,2,157
186.19.148.24,1,32
210.170.86.55,1,32
93.155.12.244,1,60
1.79.216.217,1,76
69.186.141.24,1,32
49.144.61.198,1,60
118.187.125.250,1,32
117.113.142.157,1,32
177.67.63.85,1,32
95.149.211.175,1,44
113.35.202.201,1,48
188.103.184.251,1,56
76.153.164.71,1,32
126.206.78.189,1,32
111.193.226.24,1,40
93.20.187.74,1,32
195.54.145.138,1,84
99.77.108.238,1,32
115.193.245.66,1,60
189.40.32.78,1,60
39.4.206.183,3,120
174.188.246.199,1,32
71.230.250.245,1,40
184.117.249.8,1,32
213.36.41.139,1,32
86.245.194.75,1,32
47.244.36.188,4,336
88.11.63.89,2,80
111.194.130.213,1,40
95.224.221.214,1,32
114.194.242.6,1,32
185.251.114.100,1,32
205.58.79.73,1,230
124.40.29.66,1,32
68.117.17.37,1,32
152.35.33.0,1,44
159.137.136.36,3,120
47.80.132.48,2,120
64.189.92.229,1,32
203.43.161.54,1,60
98.133.221.57,1,32
71.37.66.237,1,32
111.248.0.132,1,32
5.189.17.203,2,100
92.55.218.122,1,32
207.101.20.147,1,32
172.249.30.58,2,104
110.101.202.30,1,32
31.150.10.119,1,40
222.247.118.92,1,52
142.81.127.35,1,32
113.173.10.248,1,40
186.205.92.154,1,32
72.156.71.179,1,32
27.59.122.128,1,40
183.138.155.51,1,32
195.249.37.162,1,32
212.71.74.81,1,32
69.185.79.104,1,32
139.173.142.36,2,80
27.62.125.230,1,32
200.242.165.224,1,32
162.104.243.152,1,60
45.24.148.1,1,32
110.39.24.112,1,40
122.130.171.54,1,32
186.224.163.35,1,32
181.58.49.255,1,32
175.175.119.69,1,48
18.143.141.137,1,32
178.36.236.43,1,60
58.50.80.172,4,236
68.68.192.21,1,32
106.65.66.19,1,76
99.43.252.249,1,32
219.115.189.162,1,32
121.159.171.30,1,32
142.161.25.145,3,120
93.182.66.243,1,32
188.10.177.205,1,40
74.40.83.179,1,32
137.150.148.58,1,52
76.216.138.166,1,32
220.179.34.234,1,40
27.18.84.138,1,32
64.21.248.239,1,32
177.177.189.34,1,44
52.254.95.13,1,76
119.135.76.102,1,60
104.26.127.253,1,60
91.212.28.121,1,32
101.198.197.28,1,32
181.164.65.36,1,44
47.244.19.130,4,336
52.6.54.107,8,608
143.7.199.130,1,32
176.36.22.138,1,76
81.245.93.216,1,32
2.165.63.124,1,32
98.47.235.133,1,32
196.180.49.13,8,352
122.224.253.16,1,52
198.233.0.22,1,32
91.9.150.252,4,4918
134.214.55.84,9,360
86.219.226.41,1,32
71.230.250.201,1,40
60.29.200.229,1,48
24.226.255.41,1,56
60.153.244.19,1,32
218.221.170.112,2,80
203.162.87.210,2,80
212.163.68.145,5,200
173.60.172.201,1,32
78.3.193.60,1,32
185.220.203.185,1,44
119.171.226.230,1,32
119.191.106.80,1,44
221.137.125.56,1,32
157.55.225.52,1,92
172.103.243.63,1,52
212.231.221.129,1,32
101.159.25.244,1,60
120.221.22.67,1,32
69.201.7.151,1,40
162.98.85.65,3,214
186.62.183.120,1,32
82.227.233.41,2,100
172.102.237.232,1,40
74.53.97.237,1,40
84.37.31.87,1,32
197.196.158.3,1,32
17.193.185.211,18,10853
58.199.80.157,1,92
70.183.112.191,1,32
165.229.131.38,3,120
93.104.171.172,1,32
192.49.194.34,1,40
24.206.112.166,1,32
71.230.250.8,1,40
70.116.235.122,1,32
84.231.194.107,1,32
94.202.92.214,1,60
173.223.205.182,1,32
82.187.105.251,1,32
77.42.206.85,1,40
84.76.232.187,1,32
218.99.215.83,2,80
191.190.163.177,1,32
185.21.93.223,1,40
122.104.26.52,1,40
5.64.104.145,2,80
109.63.110.126,1,60
42.94.255.18,1,52
104.120.157.124,6,4837
80.128.15.19,1,32
126.75.69.131,38,8480
119.137.88.205,1,52
88.97.116.11,1,32
85.119.75.113,1,32
220.184.58.192,1,32
203.48.29.169,1,32
188.245.81.138,1,32
1.40.168.211,2,106
89.91.232.81,1,48
96.67.241.113,1,32
41.249.74.85,1,32
80.215.15.115,1,40
80.219.65.157,1,32
180.159.249.62,2,80
36.28.111.57,1,52
172.103.179.227,1,40
74.217.248.113,1,32
92.8.58.140,30,1200
64.235.177.173,1,32
79.148.36.246,2,100
152.59.166.2,1,40
73.17.93.162,1,32
54.175.238.185,1,71
92.60.44.122,1,32
189.104.235.246,1,32
176.250.143.182,1,32
82.44.85.14,7,280
134.214.85.223,3,120
162.33.66.240,1,32
61.227.174.26,1,40
152.54.31.238,1,60
51.219.11.38,1,60
47.121.83.192,3,252
118.193.241.66,1,32
5.111.185.157,1,32
220.165.154.201,1,40
185.245.74.241,1,32
213.206.201.241,1,40
77.179.92.188,1,32
111.178.186.102,1,32
117.36.0.12,1,52
79.255.223.9,1,32
64.65.244.42,2,80
203.136.241.38,1,44
222.107.101.219,1,32
39.21.20.253,1,32
211.173.171.81,1,32
175.140.29.247,1,32
202.59.134.198,1,48
139.241.187.147,1,48
173.221.209.249,1589,2295226
218.89.232.231,1,40
39.6.224.59,1,44
73.195.235.162,1,32
195.128.206.161,1,32
117.85.136.255,1,32
106.52.246.88,1,48
91.98.235.134,1,60
218.139.181.168,1,32
13.204.121.176,2,869
171.159.246.10,1,32
41.78.34.194,1,32
112.188.243.249,1,60
5.64.104.157,3,120
45.127.122.204,1,76
122.247.138.130,1,32
180.158.212.226,1,52
87.92.220.169,1,32
23.255.246.40,1,52
93.218.95.23,1,32
84.129.52.185,1,32
50.7.140.115,1,32
89.246.58.177,1,32
14.107.5.10,1,32
31.115.144.160,1,32
213.154.223.204,1,32
178.36.229.39,1,32
162.8.105.21,1,32
69.15.235.70,1,32
89.149.121.116,1,32
109.230.114.214,1,32
190.242.165.17,1,64
24.125.226.99,1,32
141.119.207.82,1,32
156.60.27.131,1,40
87.53.228.224,1,32
85.22.19.218,1,40
190.165.197.109,1,32
182.49.247.134,1,32
5.139.214.36,1,32
141.4.244.157,1,32
84.47.138.30,1,32
119.86.208.40,1,32
109.19.89.63,1,32
71.240.104.58,1,32
13.160.50.47,11,4738
125.103.148.130,1,32
73.140.212.156,1,32
119.190.141.237,1,32
12.27.86.234,1,32
114.7.246.89,1,32
95.137.124.145,2,104
61.149.55.164,1,32
88.11.63.79,3,120
96.68.136.86,1,32
174.210.77.152,1,32
139.232.212.116,1,60
68.245.143.149,1,32
65.167.40.238,1,32
80.192.37.105,1,32
123.16.136.178,1,32
92.20.119.59,1,32
71.230.250.66,2,80
221.130.211.26,1,32
181.63.217.110,1,32
35.64.181.89,1,52
185.92.155.93,1,60
217.198.221.209,1,32
71.230.152.134,5,247
113.241.154.135,1,32
45.197.245.249,1,32
60.18.174.101,1,40
50.16.197.252,1,32
185.187.125.233,1,48
110.200.22.1,1,60
182.79.255.90,1,40
186.136.108.208,1,32
95.206.107.139,1,32
178.82.58.121,1,32
211.191.190.42,1,32
178.187.219.242,1,32
221.92.242.238,1,44
116.249.59.244,1,32
42.51.164.60,1,32
189.115.0.47,1,32
75.148.142.25,1,32
117.123.217.51,1,32
46.169.208.208,1,32
123.0.148.214,1,32
83.248.204.159,1,40
172.56.9.231,1,72
139.244.57.165,1,52
211.33.60.110,1,32
122.162.86.150,1,32
134.214.180.169,5,200
88.11.48.80,1,32
62.95.193.242,1,32
119.31.23.120,1,32
144.252.129.128,1,32
71.230.250.96,1,40
54.227.154.138,1,52
71.230.250.115,1,40
2.210.102.109,1,32
60.92.5.162,2,80
113.203.105.191,1,60
89.214.77.79,1,32
47.244.6.124,3,252
58.61.47.3,1,76
172.249.31.64,14,3902
39.81.59.122,1,32
41.120.213.129,1,44
122.1.43.132,1,32
68.177.171.234,1,32
192.33.42.152,24,19349
74.193.223.138,1494,2161596
75.118.184.228,1,32
87.78.193.136,1,32
2.61.127.11,1,32
176.98.84.163,1,32
116.178.225.55,1,48
208.187.59.170,1,32
40.133.249.10,1,32
212.61.94.153,1,56
172.249.30.152,1,48
160.120.173.183,2,100
201.177.34.176,1,40
185.72.27.61,21,840
221.33.226.186,1,32
165.36.198.137,1,56
94.240.39.34,1,32
76.141.230.158,1,32
76.153.71.102,1,60
148.189.250.255,1,32
31.207.127.117,1,40
172.102.204.49,3,120
1.88.66.69,1,52
195.69.190.201,1,56
95.223.15.110,1,32
187.172.13.82,1,32
218.226.9.234,1,32
82.135.94.246,1,32
110.147.229.107,1,32
46.169.248.179,1,60
101.38.229.224,1,32
114.63.48.145,1,52
50.193.84.174,1,32
201.98.87.78,1,32
38.164.51.114,1,32
119.77.36.108,1,32
87.229.115.194,1,40
118.113.111.218,1,44
1.20.122.209,1,32
159.137.136.71,2,80
61.64.231.222,1,58
210.23.123.119,1,32
191.171.37.234,1,32
211.17.18.183,1,32
27.161.5.54,1,52
142.4.162.160,1,32
31.222.218.38,1,40
67.6.195.27,1,32
222.80.235.163,1,40
211.241.4.54,1,32
196.180.49.190,7,308
179.237.182.130,1,32
187.242.117.168,1,32
71.230.250.83,1,40
221.4.108.180,1,40
185.72.26.39,12,480
1.63.253.233,1,52
183.120.23.217,1,32
61.68.23.223,1,60
71.230.250.56,2,80
151.8.121.127,1,32
73.132.131.221,1,32
203.136.255.243,1,44
72.124.105.150,1,32
178.222.43.193,1,40
97.4.251.63,1,32
60.87.177.56,1,132
216.68.133.199,3,183
212.74.19.45,1,44
85.100.128.9,1,32
83.194.247.38,2,1370
116.179.10.155,1,48
77.240.222.83,1,40
23.251.5.38,1,32
162.194.4.248,2,92
113.214.168.216,1,52
89.121.160.93,1,40
2.233.114.249,1,32
122.167.208.13,1,48
95.149.63.145,1,32
90.14.165.217,1,32
121.141.182.113,1,32
94.228.189.102,1,32
54.181.157.112,1,76
189.118.250.80,1,32
120.147.162.187,1,32
106.71.145.220,1,60
109.252.162.191,1,32
179.75.134.125,1,32
207.136.158.253,1,32
190.122.221.241,1,40
185.21.94.24,2,80
114.193.252.128,1,40
181.34.40.92,1,60
83.195.206.137,1,32
2.76.21.188,1,44
5.64.104.138,2,80
177.177.214.31,1,32
31.146.49.190,1,32
93.237.43.165,1,32
96.2.45.189,2,234
117.46.69.202,1,40
128.26.127.197,1,32
71.230.250.220,1,40
49.207.7.140,1,52
23.66.54.64,3,317
23.237.4.123,6,689
5.234.190.151,1,40
47.244.10.123,3,252
71.230.250.230,1,40
172.249.30.177,8,1070
2.104.46.124,1,32
50.152.235.125,1,32
219.56.223.231,1,32
84.54.230.181,1,60
197.53.81.228,1,44
176.126.182.106,1,32
205.58.77.102,2,476
148.249.16.160,1,32
84.113.139.74,1,32
176.206.38.196,1,32
152.61.151.241,1,56
177.210.177.167,1,32
14.205.231.122,1,40
87.95.221.32,1,32
201.95.78.102,1,40
67.146.87.121,1,32
187.108.129.252,1,32
172.249.25.137,10,920
87.73.199.11,1,32
187.105.241.232,1,32
210.253.179.61,1,32
185.85.218.62,1,32
168.254.148.112,1,32
71.230.250.223,1,40
184.14.91.185,3,390
66.94.184.28,1,32
118.33.54.194,1,40
74.193.187.159,1,60
205.58.75.181,1,245
95.134.233.249,1,32
69.176.136.187,1,32
72.145.7.55,1,32
138.238.126.226,1,32
71.230.250.24,1,40
121.104.250.248,1,52
23.94.230.211,1,52
56.188.230.96,1,40
220.63.141.65,1,32
61.121.0.181,1,52
12.92.248.190,1,32
191.240.143.73,1,32
182.116.178.101,1,60
66.151.251.122,1,32
175.171.59.176,1,32
159.137.246.199,1,40
52.81.39.88,1,32
112.144.229.214,1,32
218.238.104.206,1,60
75.145.116.113,1,32
104.153.47.86,1,32
113.6.219.29,1,60
100.251.189.139,1,72
60.26.107.111,1,76
86.131.32.56,1,32
201.112.87.137,1,56
109.24.52.221,1,32
116.199.229.2,1,32
212.144.104.145,1,40
95.42.138.87,1,32
5.190.156.166,1,40
103.91.108.31,1,44
72.210.86.60,1,40
104.225.4.178,1,40
218.207.132.193,1,32
74.193.187.98,3,638
39.8.116.137,1,60
81.143.198.152,1,44
89.80.136.189,1,56
119.79.248.48,1,32
200.157.75.237,1,40
185.143.128.197,1,32
83.31.37.131,1,32
212.119.117.87,1,32
80.56.54.82,1,40
200.67.202.210,1,32
60.58.113.10,1,52
187.208.168.237,1,32
58.179.122.19,1,32
201.3.215.57,1,32
89.34.218.216,1,32
222.168.150.76,1,40
112.1.163.102,1,32
71.227.187.210,1,32
181.222.55.35,1,32
177.93.61.107,1,32
174.150.168.149,1,32
110.147.111.212,1,32
151.44.238.168,1,44
194.119.69.164,1,32
158.105.169.238,1,32
175.214.63.25,1,40
90.172.73.122,1,44
31.197.139.72,1,32
175.238.255.128,1,32
59.150.245.230,1,32
114.50.156.35,1,48
58.21.121.180,1,32
84.118.144.9,1,32
166.131.31.14,1,32
175.111.246.125,1,32
97.29.26.189,1,32
119.101.23.138,1,60
64.22.174.159,1,60
213.247.96.203,1,40
134.160.4.133,1,40
95.199.136.174,1,32
107.185.79.1,1,32
190.72.53.38,1,32
83.240.220.149,1,32
201.168.247.3,1,32
81.218.198.226,1,32
151.28.83.91,1,40
171.213.199.220,1,52
77.14.57.232,1,44
181.9.117.45,1,32
221.44.238.80,1,32
88.20.49.84,1,32
174.147.181.214,1,32
184.14.91.197,4,587
178.215.48.252,1,32
34.229.132.93,1,32
193.67.232.50,3,360
1.88.116.161,1,52
119.105.40.179,1,48
105.110.172.182,1,60
117.89.174.174,1,40
218.242.123.244,1,52
212.217.235.132,1,32
185.48.234.146,1,40
188.39.93.223,1,32
88.85.144.89,1,32
1.3.41.233,2,230
186.183.209.40,1,32
195.225.61.69,1,32
79.95.55.217,3,120
81.16.148.171,1,32
73.145.194.211,1,32
85.110.131.101,10,400
27.232.141.83,1,32
117.117.90.237,10,2690
223.50.92.113,1,52
2.136.253.184,2,230
58.236.94.48,1,48
221.23.67.193,1,32
188.187.110.250,3,237
23.66.54.63,1,90
68.105.180.96,1,32
80.50.164.96,1,32
90.114.87.238,1,32
24.170.108.162,1,32
203.144.178.27,1,60
110.244.93.115,1,40
220.170.210.21,1,58
12.57.148.138,1,32
61.213.70.175,1,32
202.39.34.119,1,40
181.174.204.247,1,32
63.197.100.147,1,32
123.119.44.49,1,32
60.159.97.152,1,40
79.1.211.26,1,32
183.12.235.42,1,32
78.18.197.161,1,32
38.251.226.58,1,32
140.186.54.28,1,32
111.205.49.97,1,32
67.133.59.91,1,32
80.22.235.29,1,32
191.167.215.232,1,32
113.160.213.41,1,52
87.64.173.106,1,32
91.175.47.111,1,32
96.90.87.27,1,40
69.92.214.101,2,114
98.47.204.245,1,32
24.52.157.67,1,32
111.116.207.27,2,88
74.104.115.52,1,32
190.173.78.4,1,32
205.58.77.136,1,381
17.199.46.200,4,1995
125.225.17.144,1,32
156.50.49.197,1,40
126.237.86.67,7,1524
187.127.20.227,1,32
73.93.117.208,1,32
82.246.214.1,1,44
139.232.214.31,1,76
95.213.136.174,1,44
101.121.90.30,1,32
74.193.187.87,5,462
89.118.153.63,1,32
52.250.87.199,1,76
151.217.121.178,1,32
101.63.37.26,1,52
95.161.196.195,2,187
194.182.88.191,2,120
85.227.121.12,1,48
71.17.7.30,1,32
85.127.5.212,1,40
24.233.59.17,1,32
111.225.18.244,1,32
113.227.247.43,1,32
75.110.189.36,1,32
182.6.246.19,1,32
190.86.183.202,1,32
93.89.42.218,1,32
159.52.175.60,2,80
112.16.65.50,1,32
116.143.107.18,1,132
108.21.0.93,1,32
119.225.203.151,1,32
186.120.14.221,1,32
130.47.64.123,1,32
1.91.143.147,1,126
79.5.43.75,1,32
125.239.37.226,2,100
190.47.135.72,1,32
38.112.12.149,1,32
71.230.146.117,3,129
123.200.95.159,1,40
213.59.77.168,1,32
83.255.4.99,1,40
213.115.124.25,1,40
92.236.209.109,1,32
90.113.146.112,1,40
174.123.244.145,1,32
77.135.148.76,1,32
201.84.67.209,1,32
97.21.233.110,1,32
63.139.226.75,1,32
115.192.185.156,1,60
222.71.140.150,1,52
77.247.35.166,1,40
77.9.153.56,1,32
186.56.186.193,1,60
73.60.171.88,1,32
81.245.157.58,1,32
42.85.154.151,1,32
47.85.242.156,1,32
79.225.33.146,1,32
121.216.96.143,1,32
189.68.167.28,1,44
220.60.14.64,1,48
177.197.172.133,1,32
71.230.250.3,1,40
222.164.93.175,1,32
37.70.197.204,1,32
60.125.216.124,1,48
99.49.127.90,1,32
117.247.128.60,1,40
140.93.126.192,1,32
84.156.151.121,1,32
95.228.5.140,1,32
94.18.90.102,1,32
5.203.104.43,1,52
45.64.28.203,1,40
158.165.235.233,1,32
71.230.250.14,1,40
62.109.11.1,1,45
139.173.134.100,2,80
151.10.14.145,1,60
14.18.226.166,1,52
122.224.238.82,1,60
122.52.228.93,1,32
174.165.84.105,1,32
103.210.171.147,1,32
91.127.122.255,1,32
217.108.84.44,1,32
68.170.190.21,1,32
172.70.171.75,1,32
71.230.250.189,1,40
37.149.42.58,1,40
5.46.160.156,1,44
76.157.12.155,1,32
96.124.144.232,1,56
78.64.136.122,1,44
64.144.238.107,1,32
177.160.52.252,1,32
71.203.107.118,1,32
177.158.181.151,1,32
189.227.16.247,1,32
110.212.20.118,1,32
173.221.209.205,1,1448
218.141.6.207,1,32
159.115.111.89,1,44
216.68.133.195,7,3114
113.112.55.2,1,60
179.57.47.29,1,32
125.118.118.229,1,32
72.172.182.223,1,32
190.233.168.151,1,32
23.111.242.32,4,222
45.168.200.81,3,120
183.165.132.61,1,40
78.141.162.184,1,32
69.34.113.91,1,32
188.10.185.144,2,80
222.130.248.34,2,104
189.208.152.5,1,32
78.28.207.36,1,32
71.230.250.135,1,40
209.186.5.177,1,32
60.211.63.89,1,32
115.169.23.149,1,52
188.170.163.210,1,52
123.57.3.156,1,32
151.182.59.116,1,44
86.154.93.69,1,32
173.116.7.233,1,32
92.22.235.122,1,32
136.64.232.161,1,32
218.130.230.73,6,240
61.169.55.206,1,60
111.80.223.160,1,32
116.199.228.189,1,40
24.101.35.4,1,40
52.116.233.71,1,32
117.79.114.82,1,40
71.179.122.152,1,32
144.91.16.214,1,32
105.44.36.63,1,32
110.236.90.152,1,32
187.28.171.203,1,32
219.110.233.139,1,40
212.176.110.48,1,60
34.238.130.223,1,72
106.201.193.147,1,32
188.242.249.132,1,32
187.70.51.67,1,32
114.22.250.52,1,32
185.124.56.250,1,60
195.189.147.205,2,96
195.190.59.103,1,60
52.227.132.157,1,32
70.68.59.187,1,32
73.211.250.88,1,32
59.56.14.112,1,48
139.173.178.190,2,80
14.24.143.207,1,48
71.230.250.63,1,40
157.134.45.142,4,1278
54.43.197.0,1,32
54.128.6.176,1,32
79.235.194.134,1,32
68.37.220.196,1,32
182.156.115.20,1,32
142.81.15.72,1,56
100.235.70.93,1,32
104.29.12.53,1,32
52.126.188.195,1,32
188.175.88.153,1,32
37.65.29.248,1,32
109.228.17.67,2,144
64.230.104.177,1,60
42.231.176.28,1,40
196.180.49.21,12,528
124.167.50.170,5,390
179.225.14.228,1,40
96.92.26.166,1,32
174.235.98.130,1,32
171.231.135.152,2,80
119.104.88.51,1,52
186.30.30.81,1,56
71.230.250.190,1,40
73.148.157.125,1,32
141.42.32.141,1,44
77.156.232.169,1,40
173.175.59.49,1,32
24.220.41.217,1,32
213.232.148.191,1,32
80.132.247.12,1,32
212.3.236.155,1,52
43.218.188.213,1,52
87.181.55.32,2,100
172.249.162.58,10,1350
151.150.29.222,1,154
94.198.20.156,1,40
31.119.214.226,1,32
45.199.217.149,1,60
196.203.232.91,1,32
64.65.144.145,1,40
41.175.46.39,1,44
62.116.247.20,1,32
108.193.237.19,1,32
124.235.214.12,1,32
108.144.133.65,1,32
161.108.235.163,1,32
212.104.226.105,1,32
182.243.178.194,3,1347
174.220.126.177,1,32
5.64.104.148,2,80
193.4.99.29,1,32
126.128.243.194,19,1506
185.62.96.209,1,40
37.189.101.246,1,40
58.203.203.62,1,32
177.82.44.116,1,32
118.186.35.46,1,32
176.38.207.203,1,40
66.173.40.152,1,28
171.213.140.28,1,32
112.253.35.127,1,32
179.95.202.238,1,60
210.238.65.97,1,32
125.14.28.233,3,239
179.120.163.151,1,32
82.86.126.115,1,32
197.250.6.99,1,40
60.23.137.4,1,32
175.178.160.130,1,32
180.95.149.77,1,32
89.254.104.50,1,32
211.79.255.70,1,60
213.193.51.9,1,48
1.255.89.180,1,32
24.43.183.32,1,32
24.181.31.83,7,280
216.52.194.33,2,98
177.254.102.253,1,32
2.104.13.226,1,52
69.209.142.21,1,32
93.241.76.198,1,32
200.68.145.243,1,32
88.110.111.89,1,60
64.22.164.80,10,4519
221.16.72.189,1,32
13.22.53.209,1,32
119.58.43.60,1,32
217.174.85.109,1,32
201.180.163.20,1,32
89.16.148.115,1,32
31.96.101.213,1,40
192.169.137.153,1,32
92.217.235.190,1,32
171.61.55.222,1,40
125.238.147.200,1,52
39.247.10.192,1,60
84.55.216.222,1,40
115.99.93.153,1,32
221.199.93.247,1,96
95.160.209.191,3,271
153.85.121.99,1,60
218.128.12.170,1,136
27.251.80.110,1,48
195.190.57.5,1,32
79.133.180.49,1,32
124.1.69.49,1,32
80.157.133.139,1,44
201.176.5.14,1,56
95.161.132.70,5,590
65.194.29.216,1,32
183.200.175.60,1,48
24.18.148.35,1,32
185.195.99.187,1,44
172.249.28.100,6,452
111.168.39.20,3,120
124.53.135.4,2,168
165.121.154.190,1,32
123.24.199.33,1,52
118.114.193.131,1,92
2.56.103.98,1,32
171.225.87.16,1,52
121.150.98.110,1,32
46.185.48.7,1,40
58.234.226.54,1,32
71.230.250.57,1,40
124.55.5.94,1,32
78.69.86.244,1,44
70.169.70.51,1,32
69.16.44.105,1,32
125.213.253.212,1,132
168.35.57.165,1,44
71.230.250.160,1,40
88.31.118.69,1,32
2.240.77.40,1,32
46.125.163.253,1,40
143.192.83.110,1,52
77.70.202.200,1,32
222.89.238.127,1,40
200.208.248.84,1,32
177.165.81.59,1,32
125.240.209.204,1,48
116.53.111.174,1,60
104.179.192.148,1,32
211.60.161.50,1,32
91.198.252.122,2,80
100.238.251.217,1,32
41.155.250.64,1,32
123.142.143.201,1,32
171.162.126.85,1,48
72.228.4.214,1,32
78.156.220.28,1,32
190.185.120.13,1,32
52.106.169.201,1,40
129.240.121.10,1,52
85.185.178.52,1,32
196.180.49.5,7,308
60.141.48.6,1,40
95.249.106.35,1,40
177.176.171.137,1,60
222.171.22.24,1,76
201.246.101.62,1,32
201.83.57.85,1,32
47.19.26.210,1,32
175.54.150.34,5,224
45.71.31.220,1,56
118.25.39.75,1,32
195.156.90.176,1,32
92.48.229.110,1,32
1.61.187.35,1,60
113.171.203.142,1,56
183.142.2.106,1,32
24.185.23.6,5,200
77.154.86.74,1,32
182.188.47.55,1,76
75.91.191.100,1,32
202.159.42.133,1,52
181.110.146.80,1,32
208.55.58.187,1,32
114.162.162.137,1,52
222.78.27.107,1,40
223.103.181.85,1,40
24.31.79.151,1,40
173.221.210.119,630,861215
54.38.182.116,1,32
2.174.15.39,1,32
110.149.83.227,1,40
37.106.236.186,1,40
14.106.67.40,1,32
217.178.79.17,3,168
37.56.250.43,1,60
185.7.63.42,1,32
92.101.9.30,1,32
93.102.189.12,1,32
115.65.252.61,1,44
217.47.235.69,1,32
95.137.64.135,1,40
106.207.216.102,1,32
181.143.15.115,1,32
142.137.78.185,1,60
122.129.104.115,1,32
41.78.56.184,4,300
201.239.186.81,1,40
218.229.201.105,1,76
134.154.232.45,1,117
148.250.100.155,1,60
62.4.235.189,1,32
199.20.61.120,1,44
185.85.206.94,1,60
99.136.246.154,1,98
104.109.239.208,2,111
91.106.222.169,1,60
179.103.53.138,1,32
188.135.117.244,1,32
66.18.251.212,1,32
52.101.158.226,4,561
201.138.247.249,1,40
122.116.83.55,1,32
71.230.250.104,2,80
117.41.3.149,1,40
95.170.235.136,1,32
34.254.133.79,1,32
209.67.121.213,1,32
13.161.169.2,1521,2154133
60.130.156.67,1,32
125.248.11.236,1,32
178.234.20.18,1,32
210.181.180.229,1,32
23.109.68.126,1,32
112.54.144.144,1,40
187.146.84.219,1,32
114.14.251.69,1,32
77.36.137.83,1,32
179.195.73.239,1,32
201.32.143.198,1,32
82.46.184.51,1,32
2.68.72.161,1,32
46.161.255.126,1,60
211.243.185.9,1,32
31.72.142.10,1,32
177.200.109.11,1,44
184.116.205.217,1,44
41.240.19.43,1,40
108.210.208.61,1,32
173.120.251.5,1,32
118.206.63.194,1,60
206.57.104.78,1,32
177.174.197.162,1,32
197.53.252.220,1,40
187.72.249.193,1,32
39.26.157.187,1,32
190.13.110.90,1,32
181.93.145.100,1,32
196.223.198.223,1,32
217.103.166.134,1,56
212.98.214.132,1,32
151.26.99.199,1,32
71.234.122.221,1,32
18.225.250.251,1,32
52.84.161.223,1,32
101.112.82.152,1,32
113.29.24.172,1,40
122.142.19.0,1,32
190.150.246.154,1,32
205.20.191.162,1,32
187.140.94.117,1,32
115.85.185.53,1,40
36.198.216.104,1,132
78.69.42.205,1,60
186.49.165.114,1,44
42.177.199.52,1,32
218.158.95.55,1,52
212.30.14.55,1,40
118.5.203.16,1,32
207.72.188.180,1,58
86.124.205.245,1,32
67.166.134.133,1,32
103.79.44.44,1,40
194.46.134.102,1,32
139.173.133.45,1,40
111.84.4.226,1,32
159.153.172.26,5,200
91.134.154.88,1,32
221.251.34.144,1,32
117.87.170.74,1,40
159.137.149.121,4,160
144.47.61.117,1,32
112.153.171.153,1,52
88.11.63.86,2,80
24.181.179.54,1,32
75.162.187.78,1,32
177.176.171.249,1,32
74.210.11.101,1,32
110.100.171.234,1,32
17.199.30.19,8,3572
41.172.189.56,1,40
82.253.74.155,1,32
202.190.15.194,1,60
5.140.243.47,1,40
175.228.251.192,1,32
87.20.180.206,1,32
34.197.245.238,6,2382
147.6.197.182,1,32
221.3.69.55,1,32
184.20.229.43,1,32
125.34.75.5,1,44
95.42.96.104,1,40
79.111.119.223,1,32
183.97.50.49,1,40
220.108.88.207,1,32
37.17.218.165,1,40
218.248.194.72,1,52
82.17.235.91,1,32
64.254.203.175,1,32
59.31.244.152,1,32
91.184.77.221,1,32
109.120.171.42,1,32
183.188.23.181,17,14503
72.6.43.144,1,32
67.224.14.118,1,32
218.232.122.47,1,40
174.208.131.33,1,56
71.180.170.157,1,32
24.13.118.230,1,32
88.99.22.185,1,32
54.187.178.146,1,397
104.3.251.198,6,240
146.156.133.166,1,32
211.63.200.150,1,60
52.85.200.107,1,397
122.56.249.25,1,44
73.50.101.94,1,32
185.252.221.169,2,80
123.9.18.240,1,32
13.161.234.29,1,52
23.64.129.35,1,96
212.139.105.79,1,32
69.6.226.157,1,32
98.119.148.38,1,32
41.191.115.112,1,32
47.84.212.41,1,32
24.255.216.109,1,32
14.179.197.168,1,32
124.64.218.242,1,32
121.146.193.234,1,32
77.158.152.46,1,32
212.22.150.238,6,450
222.75.1.9,1,32
59.23.29.161,1,32
24.243.73.182,1,60
103.113.239.250,1,60
222.139.71.79,1,40
91.6.179.147,1,32
68.215.53.77,1,32
41.36.189.1,1,40
80.3.246.41,1,32
176.1.254.150,1,32
82.163.212.201,1,32
173.216.120.183,1,32
93.63.225.102,1,40
190.48.71.5,1,32
74.135.13.230,1,32
111.183.100.192,1,32
125.169.161.139,1,40
219.106.70.129,1,40
152.45.84.61,1,32
94.89.165.43,1,32
193.47.7.2,2,64
73.175.143.90,1,32
52.122.143.29,1,32
2.33.90.73,1,32
119.204.132.13,1,76
103.196.76.224,1,60
176.192.181.92,1,32
195.198.120.238,5,300
123.18.208.143,1,32
70.89.94.6,1,32
41.245.112.71,1,32
80.212.114.72,4,176
104.15.245.231,43,58203
166.254.100.197,1,32
46.243.26.236,1,32
23.104.199.152,1,32
14.36.189.213,1,40
49.111.219.54,1,52
88.206.127.7,1,32
54.190.187.232,1,32
181.139.232.80,1,32
182.161.50.236,1,60
218.128.12.186,3,324
202.114.132.71,4,204
157.100.222.236,1,32
31.163.34.112,1,40
191.221.122.202,1,40
180.188.189.2,1,40
186.181.22.85,1,32
221.40.216.88,2,80
77.32.11.131,1,32
185.159.235.223,1,32
142.161.233.47,7,280
61.114.59.48,1,52
213.106.81.0,1,40
42.228.0.39,2,80
31.163.10.199,1,40
36.193.42.65,1,76
52.14.23.78,1,76
188.67.45.243,2,88
43.204.233.221,1,52
217.9.90.215,1,32
37.192.202.99,2,128
41.36.41.178,1,40
151.20.148.111,1,32
149.162.28.223,1,40
119.219.87.168,1,60
64.22.165.172,5,260
89.145.19.175,1,40
8.247.244.137,6,1013
119.96.230.52,2,96
219.200.176.190,1,40
23.7.79.21,1,32
72.243.199.127,2,231
14.243.237.177,1,32
173.172.155.11,1,40
23.85.12.6,42,29578
222.169.86.87,1,32
119.74.243.113,1,32
176.4.12.202,1,32
27.48.226.177,1,40
17.199.26.183,4,933
187.115.29.84,1,32
186.213.32.236,1,32
79.10.133.89,1,32
23.2.66.174,1,32
50.2.5.57,1,32
34.202.105.177,1,32
119.242.173.37,1,32
27.233.122.119,1,40
69.114.164.70,1,32
211.98.163.194,2,80
216.142.4.187,1,56
72.189.84.67,1,32
125.78.250.55,1,32
188.214.107.222,1,32
5.250.121.113,1,52
117.84.113.215,1,28
75.94.190.208,1,32
5.235.193.18,1,40
113.252.246.157,1,40
196.180.49.188,4,176
14.231.112.154,1,52
190.180.91.32,1,40
46.235.189.150,1,32
181.134.26.144,1,32
201.213.201.67,1,40
220.160.93.46,1,32
187.172.24.133,4,237
83.190.198.232,1,40
119.204.45.6,1,76
210.109.103.135,1,32
71.76.84.217,1,32
180.191.111.108,1,32
173.101.86.219,1,32
177.94.88.185,1,32
172.103.131.213,1,40
103.29.183.51,2,80
138.42.63.73,1,32
64.65.244.209,1,40
116.27.32.158,1,32
189.161.69.98,1,32
119.146.65.207,1,32
93.54.154.218,1,40
194.225.125.229,1,32
122.10.98.51,1,32
94.131.122.26,1,32
220.36.63.111,1,32
68.85.121.118,1,32
52.252.194.63,3,151
220.145.123.202,1,32
2.27.22.2,1,32
189.153.138.138,1,32
61.162.231.191,1,32
58.114.202.194,1,60
218.138.219.124,1,32
112.227.33.204,1,32
132.199.165.225,1,32
62.217.49.59,1,60
118.91.202.85,2,80
46.100.242.168,1,32
119.16.21.55,1,40
178.63.84.101,1,32
186.23.150.6,1,60
194.51.147.65,1,32
88.203.8.237,1,32
123.105.153.202,1,32
189.136.20.222,1,32
181.16.101.135,1,32
178.222.40.103,1,40
87.70.16.58,1,32
60.73.36.94,1,32
69.82.74.192,1,32
187.15.72.166,1,32
154.234.222.185,1,32
220.11.220.76,1,32
42.183.217.232,1,32
49.144.61.255,1,60
110.55.217.20,1,32
89.150.139.55,1,56
211.22.137.175,1,40
182.53.47.250,1,48
151.150.185.80,3,209
175.119.234.242,1,76
201.128.182.121,1,32
52.14.251.57,1,76
202.177.58.130,1,40
64.122.0.101,1,32
93.39.224.46,1,32
113.220.39.130,1,32
71.230.199.104,9,396
210.1.149.235,1,32
218.252.27.92,1,60
23.193.182.231,1,32
24.47.245.136,1,32
122.132.35.126,1,52
71.230.250.103,3,120
39.2.116.21,1,32
217.245.115.83,1,32
211.145.201.211,1,40
218.128.12.128,5,496
61.176.232.40,1,32
173.110.26.116,1,32
211.20.29.129,1,60
91.137.108.90,1,32
173.41.69.225,1,32
180.126.188.35,1,48
113.61.168.241,1,60
186.23.147.121,1,32
108.41.203.140,1,32
23.219.217.210,1,40
188.175.252.69,1,40
200.80.213.133,1,32
74.193.190.140,8,621
5.167.225.165,1,40
104.248.6.17,1,40
46.96.123.45,1,58
42.95.197.27,1,132
112.62.4.58,1,32
39.36.71.154,3,132
60.129.0.49,1,76
190.56.64.221,1,44
73.124.203.10,1,32
24.66.132.29,1,32
83.115.186.151,1,32
5.140.178.58,1,40
46.150.253.121,1,32
212.59.0.11,1,32
85.28.79.199,1,32
162.59.123.177,1,32
89.12.11.115,1,32
79.168.186.48,1,40
212.215.226.43,1,32
177.178.131.67,1,44
54.239.36.113,1,32
95.176.241.95,1,32
188.24.255.17,1,40
78.149.100.158,1,32
186.186.12.63,1,32
34.216.114.252,1,32
82.224.5.53,1,60
45.32.164.113,1,32
5.64.104.140,3,120
103.234.52.243,1,44
81.187.228.136,1,28
36.6.98.17,2,80
116.26.26.9,1,58
94.113.143.196,1,32
122.232.25.185,1,32
41.164.115.112,1,40
99.136.56.151,1,98
82.164.204.232,1,32
217.110.96.10,1,40
12.65.111.71,1,32
173.100.151.217,1,32
115.208.191.124,1,32
1.34.71.29,1,32
64.65.244.174,2,80
173.36.121.43,1,32
54.50.176.172,1,40
190.227.186.172,1,32
208.126.203.233,1,32
201.27.1.14,1,40
71.230.250.42,2,80
13.161.236.138,7,4729
73.108.219.47,1,32
81.91.84.148,1,32
116.175.70.135,1,32
183.71.222.40,1,32
191.184.93.247,1,32
121.176.67.226,1,32
123.116.56.36,1,32
188.176.253.155,1,32
177.127.11.135,1,60
220.2.111.66,1,32
60.105.4.157,1,32
139.173.136.137,2,80
113.218.198.151,1,32
89.202.249.47,1,32
211.19.70.19,1,32
189.97.26.118,1,32
123.244.239.253,1,52
151.150.187.160,4,2589
115.197.6.76,1,40
179.241.97.45,1,32
13.194.172.63,1,32
78.46.241.245,1,32
85.134.226.82,1,32
177.20.84.204,1,32
118.67.235.233,1,32
201.19.52.166,1,40
23.26.165.225,1,32
73.177.29.100,1,32
169.47.131.116,2,111
109.232.52.192,1,32
46.229.52.1,1,32
109.43.184.24,1,52
123.150.93.131,1,32
41.130.9.240,1,32
46.97.201.142,1,44
80.251.127.137,1,32
109.202.9.67,1,40
185.20.173.124,1,32
74.232.162.183,1,32
198.236.159.66,1,56
169.23.187.175,1,32
86.195.7.81,1,32
151.150.115.111,1,333
5.64.104.159,1,40
94.95.115.83,1,32
173.32.137.35,1,32
190.232.102.142,1,40
13.161.234.166,3,197
1.66.96.100,1,60
109.8.187.174,1,44
114.33.63.200,1,32
88.46.166.108,1,44
142.161.236.75,6,240
115.129.11.8,1,32
39.40.123.74,3,120
18.184.5.51,1,32
110.97.119.65,1,60
60.27.198.117,1,32
60.103.163.145,1,32
185.139.254.39,1,32
216.8.82.199,1,32
188.49.212.164,1,32
186.159.101.159,1,32
58.55.91.3,1,32
46.137.249.236,1,32
126.201.87.132,1,32
125.100.169.204,1,32
93.179.219.253,1,32
103.105.77.87,2,104
202.102.140.253,3,120
213.31.235.44,1,32
125.15.241.89,1,56
222.76.211.98,1,32
110.200.160.229,1,52
68.224.164.119,1,32
114.167.38.212,1,32
112.221.4.180,1,32
174.124.211.95,1,32
121.115.168.251,2,96
5.167.3.194,1,44
112.229.195.67,1,32
94.13.101.102,10,1118
14.160.93.14,1,32
78.43.244.75,1,32
23.91.26.230,1,32
96.41.0.101,1,32
83.255.240.194,1,32
23.42.66.30,1,32
64.40.245.10,3,657
183.207.201.73,1,52
23.229.171.103,1,32
222.103.204.216,1,60
87.90.172.102,1,32
177.37.53.200,1,32
109.42.213.53,1,52
34.203.104.201,1,32
27.22.236.88,1,32
83.92.212.36,1,32
91.206.3.69,1,32
194.241.140.74,1,32
46.42.85.31,1,40
194.170.250.13,1,32
101.42.48.155,1,32
98.130.89.170,1,32
39.56.223.90,1,32
88.219.226.106,1,32
219.120.186.203,1,32
121.113.130.158,1,60
60.25.180.108,1,32
94.54.63.232,1,32
46.57.72.206,1,32
97.25.62.202,1,32
88.178.129.56,1,32
106.70.12.97,1,60
101.100.168.156,1,32
24.83.101.197,1,32
64.22.164.130,4,321
83.172.210.241,1,32
92.21.218.138,1,32
139.235.63.15,1,32
109.6.190.139,1,44
18.143.234.101,1,60
112.142.59.193,1,32
202.69.76.194,1,60
175.171.85.34,2,80
190.213.95.244,1,44
112.185.140.218,1,32
185.126.164.186,7,333
114.109.244.27,1,84
99.92.113.143,1,32
67.210.59.157,1,32
222.175.98.47,1,60
115.214.36.181,1,32
85.28.79.71,1,60
116.28.38.67,1,32
103.110.195.90,1,52
105.148.225.6,1,32
83.139.248.169,1,44
88.81.84.119,1,32
54.136.42.234,7,570
182.187.156.226,1,32
61.92.38.40,1,32
181.204.162.172,1,48
77.71.20.12,1,32
208.122.57.194,7,3670
129.146.40.151,1,56
171.48.6.106,1,52
115.65.253.209,1,44
139.173.72.83,2,80
63.205.253.152,1,32
99.162.80.93,1,52
198.52.195.185,1,95
196.76.77.222,1,32
88.11.63.78,5,200
47.21.162.36,1,32
111.87.119.230,1,32
172.102.245.167,1,40
184.122.205.197,4,722
58.236.12.154,1,52
115.245.101.74,1,32
24.131.57.48,1,32
50.3.147.38,1,32
162.31.207.166,1,32
79.138.101.85,1,32
178.223.105.156,1,40
177.210.174.212,1,40
211.103.199.117,1,56
211.15.27.185,1,60
78.124.208.108,1,32
66.221.56.61,1,32
166.90.180.234,1,32
54.35.221.12,1,76
35.11.134.113,1,99
87.104.246.119,1,32
103.117.21.74,1,40
24.10.75.80,1,32
77.137.157.22,1,32
42.17.12.108,1,32
196.45.204.148,1,32
200.56.93.151,1,44
85.4.254.51,1,32
77.237.251.132,1,32
184.3.62.249,1,40
52.110.36.107,1,32
89.199.67.26,7,320
23.64.129.159,1,134
187.21.165.214,1,32
188.36.115.236,1,40
220.52.206.190,1,32
59.162.149.37,1,32
45.35.209.113,1,32
123.31.57.252,1,32
104.109.210.139,11,9374
96.2.45.199,3,385
4.97.67.69,1,32
89.133.58.183,1,32
171.166.167.204,1,40
124.170.7.51,1,44
61.131.18.26,5,200
86.198.173.149,1,44
209.131.211.110,1,32
186.122.207.47,1,32
67.94.163.18,1,32
71.230.250.98,1,40
52.4.143.133,1,32
179.92.55.177,1,40
200.207.229.163,1,32
94.138.81.217,1,84
178.178.240.214,1,40
71.189.191.82,1,32
156.35.72.158,1,40
220.218.157.209,1,32
95.160.212.66,2,230
111.192.112.132,1,40
1.80.214.49,1,52
188.11.8.153,1,32
114.39.195.173,1,32
37.17.76.105,1,32
143.7.83.148,1,40
126.158.164.213,2,96
47.127.92.67,1,40
211.228.68.106,1,32
8.247.251.251,1,84
84.13.202.37,1,40
202.168.229.137,1,60
109.32.173.33,1,60
80.239.229.121,1,32
185.188.229.125,1,40
125.193.165.115,1,32
172.21.70.69,1,32
216.244.64.120,1,32
80.5.240.177,1,32
175.162.193.36,1,32
71.230.250.90,1,40
88.53.115.40,1,40
113.57.149.19,1,60
190.179.74.206,1,32
94.206.136.38,1,52
217.230.226.12,1,32
218.11.123.250,1,32
68.74.17.143,4,160
200.61.35.220,2,80
189.148.14.242,1,32
202.178.8.110,1,52
141.149.145.5,1,60
14.184.80.149,1,52
27.243.118.144,1,60
98.7.221.165,1,32
205.58.75.31,2,469
46.74.190.134,1,40
24.99.198.193,1,32
69.102.13.7,1,32
95.199.84.139,1,40
52.248.201.29,1,76
139.173.143.250,2,80
183.105.241.136,1,32
172.103.186.49,2,80
41.146.65.91,1,32
183.86.51.144,1,32
52.251.137.222,1,76
204.13.198.124,1,32
46.46.119.187,1,32
24.117.29.4,1,40
96.35.142.235,1,56
111.250.66.174,1,32
71.197.98.127,1,32
162.38.37.70,1,60
79.122.235.146,1,32
81.215.135.65,1,32
60.150.252.58,1,32
74.50.32.102,1,32
186.148.86.121,1,40
75.66.107.29,1,32
118.8.216.101,1,32
58.112.251.105,1,32
5.70.226.212,1,32
172.249.30.150,16,20415
50.213.191.15,1,32
109.109.135.59,2,64
190.29.105.95,1,60
72.205.197.136,1,32
95.160.212.64,3,369
88.109.193.81,1,60
85.254.240.209,1,32
52.252.27.28,10,4996
99.18.44.127,1,32
218.135.78.207,1,69
217.50.12.114,1,32
37.212.67.226,5,493
200.103.142.76,1,56
221.30.193.186,1,32
177.35.208.254,1,32
217.179.62.142,1,60
187.156.5.84,1,32
90.19.189.30,1,32
177.45.136.216,1,32
41.162.179.196,1,40
195.5.113.166,1,60
124.36.55.170,1,60
52.27.124.103,1,32
218.136.181.0,2,80
221.143.145.31,2,256
178.114.221.210,1,60
84.86.84.26,1,32
98.83.164.99,1,32
109.18.21.162,1,32
218.227.133.70,1,60
84.186.183.28,1,32
74.242.203.244,1,32
194.162.230.2,1,60
186.55.184.1,1,60
71.230.251.253,5,200
110.208.253.249,1,32
59.42.159.63,1,60
212.180.40.186,2,80
45.52.216.30,1,32
114.37.29.53,2,386
148.59.207.222,1,32
54.39.15.106,1,32
64.114.75.233,1,32
37.17.217.64,1,40
181.222.84.108,1,40
186.215.136.92,1,32
52.247.90.157,1,32
114.0.215.39,1,58
218.239.83.31,1,32
192.16.180.202,1,32
177.55.155.233,1,40
93.70.237.9,1,40
91.49.11.227,1,32
200.58.239.86,1,32
45.48.197.215,1,32
217.180.191.147,1,32
194.19.68.165,1,32
115.19.189.100,2,80
113.150.70.232,1,76
182.132.157.245,1,32
114.195.147.32,1,32
47.183.192.22,1,32
92.113.72.103,1,32
62.244.84.168,1,32
119.138.210.139,1,32
186.225.169.126,1,32
97.58.65.60,1,32
62.140.14.149,1,32
219.199.142.77,1,44
84.188.182.48,1,32
82.31.98.74,1,32
68.82.123.218,1,32
109.168.164.191,1,32
106.195.171.86,1,32
36.193.187.14,1,84
37.223.140.104,1,32
95.54.198.126,1,32
114.232.253.69,1,76
220.196.147.185,1,60
85.234.176.2,1,40
64.114.89.229,1,56
45.6.109.121,1,44
97.12.11.180,1,32
107.200.154.65,1,32
103.18.111.142,1,32
195.252.188.184,1,32
169.53.79.14,1,40
67.244.232.144,1,32
54.140.164.132,1,32
47.151.134.216,1,32
52.248.17.3,1,76
209.43.241.68,1,60
113.207.18.242,1,48
108.132.86.97,1,32
41.149.38.166,1,32
32.209.23.249,1,32
76.144.122.129,1,32
27.43.139.235,1,32
190.245.208.252,1,32
158.81.9.200,3,120
113.33.146.196,1,32
112.215.124.137,1,48
77.201.178.234,1,32
49.177.45.98,1,32
34.234.185.232,1,40
113.33.146.20,1,60
85.102.141.24,1,32
216.59.56.16,1,32
98.125.37.150,1,32
45.169.142.42,1,44
122.60.61.21,1,44
178.27.101.149,1,32
106.97.209.121,1,40
13.23.52.182,1,32
78.168.191.143,1,32
196.255.154.252,1,32
190.29.73.196,1,60
185.69.50.24,1,32
14.228.28.149,1,32
217.52.62.246,1,52
94.66.141.205,1,32
181.64.84.239,1,32
220.60.46.141,1,32
91.16.183.41,1,56
109.183.27.173,1,32
133.187.24.47,1,32
221.234.165.88,1,32
66.156.108.133,1,32
47.121.94.132,3,252
187.78.66.194,1,32
191.112.66.42,1,60
217.127.100.93,1,32
14.119.100.208,1,32
23.80.174.121,5,1131
186.31.192.8,1,56
37.17.203.52,1,40
213.113.27.161,9,669
81.65.1.27,1,32
177.215.159.161,1,60
176.226.44.197,1,60
79.58.148.45,1,32
95.160.212.56,3,375
112.8.209.85,1,32
187.82.78.103,1,60
81.192.13.95,1,40
211.48.215.133,1,32
31.74.16.169,1,32
78.69.246.138,1,44
196.68.195.243,1,32
174.209.12.224,1,56
223.58.159.229,1,52
92.94.44.226,1,32
67.171.198.15,1,32
185.240.63.213,1,32
197.130.20.202,1,40
37.138.9.88,1,32
212.128.132.234,1,44
115.31.198.82,1,32
87.100.101.232,1,32
140.244.103.60,1,76
124.62.139.35,1,60
31.163.29.57,1,32
143.74.218.199,1,32
124.12.192.48,1,32
104.7.254.213,1,52
61.109.123.108,2,104
139.122.175.15,1,44
210.100.252.219,1,40
68.39.175.99,1,32
62.162.218.239,1,32
54.185.216.62,1,32
201.167.105.100,1,32
160.160.202.245,1,32
171.200.71.119,1,32
208.123.86.53,1,40
85.104.89.49,1,32
77.235.18.94,1,44
63.199.214.54,2,218
91.164.47.162,1,32
52.247.202.252,1,52
201.2.232.192,1,40
17.199.26.245,700,36412
3.236.31.25,2,146
124.68.8.174,1,32
182.85.222.169,1,76
24.250.187.84,1,32
188.200.209.26,1,40
193.167.137.97,1,32
36.196.218.189,1,52
103.252.234.195,1,96
99.37.123.221,1,32
121.0.70.55,1,32
80.212.114.216,7,1932
184.122.205.185,1,141
73.105.57.75,1,32
145.255.250.20,2,96
94.210.157.176,1,32
173.123.210.218,1,40
205.58.74.250,1,341
103.113.237.177,1,32
178.222.73.193,1,40
200.244.115.122,1,32
12.49.241.113,1,56
172.249.29.74,3,2182
23.66.122.188,1,32
23.68.139.36,1,32
213.235.233.241,1,32
162.150.174.242,1,32
185.76.196.121,1,32
145.147.61.7,1,32
77.85.177.53,1,44
34.205.141.225,2,446
178.241.139.190,1,32
109.74.76.5,1,32
60.58.219.236,1,40
186.104.17.229,1,32
58.200.9.42,1,32
5.30.37.191,1,56
116.166.19.67,1,32
58.234.182.140,1,48
122.47.56.72,1,32
71.230.250.75,1,40
177.124.71.54,1,60
200.141.83.97,1,52
179.161.131.82,1,32
123.122.77.242,1,32
118.91.84.234,1,40
61.127.96.162,1,132
179.4.31.62,1,32
27.1.155.192,1,32
178.109.229.169,1,32
115.55.155.242,1,40
61.66.222.87,1,32
60.52.209.241,1,60
134.160.96.199,1,40
54.218.70.121,1,75
195.155.24.188,1,32
119.190.22.182,1,52
109.227.7.66,1,32
96.193.193.122,1,32
122.239.196.43,1,32
60.83.220.87,1,32
35.54.81.92,2,127
66.171.75.99,1,32
68.105.127.64,1,40
64.167.50.16,1,32
201.151.191.45,1,32
75.182.69.254,1,32
124.160.160.200,1,76
80.120.94.205,1,32
190.212.146.165,1,44
183.152.95.254,1,32
47.229.2.219,1,32
73.239.25.78,1,32
24.148.82.70,1,32
116.132.152.127,1,76
217.33.98.226,1,32
219.111.59.33,1,32
178.225.26.99,1,32
212.127.23.18,1,56
187.179.148.50,1,32
191.219.20.78,1,32
82.33.106.190,3,117
67.191.221.66,1,32
71.230.250.29,1,40
152.91.236.16,1,32
5.64.104.152,1,40
128.96.98.55,1,32
46.182.96.169,1,40
197.38.75.130,1,40
37.40.139.87,1,32
77.141.162.213,1,32
74.55.193.165,1,32
151.181.95.24,1,44
72.191.215.156,1,32
95.49.254.187,1,32
187.129.107.74,1,32
183.204.214.153,1,52
83.20.213.2,1,40
83.70.126.249,1,32
2.216.137.207,1,32
17.199.26.146,16,9524
64.188.88.19,1,32
70.187.98.19,1,32
122.232.141.38,1,52
173.58.115.227,1,60
182.139.18.254,1,32
122.33.97.108,1,40
177.57.243.175,1,32
79.199.165.6,1,32
177.174.202.98,1,40
112.240.49.16,1,32
187.86.166.166,1,32
178.179.207.136,1,32
27.245.45.116,1,60
175.55.152.106,1,32
220.14.252.58,1,32
200.142.222.152,1,32
202.18.89.194,1,32
95.219.43.69,1,32
71.230.250.195,1,40
71.69.101.128,1,32
174.206.198.191,1,32
49.109.95.178,1,40
167.57.63.65,1,32
113.36.232.71,1,48
109.217.189.50,1,32
177.59.20.88,1,32
220.48.217.193,1,32
177.124.18.218,1,32
206.137.33.136,1,32
88.77.182.151,1,32
2.195.162.238,1,32
117.39.115.89,1,32
111.197.75.184,1,32
94.178.255.206,1,40
174.170.221.235,1,32
217.210.176.129,1,32
142.200.37.62,1,32
93.236.149.193,1,32
4.46.159.14,6,336
46.245.18.67,1,40
188.115.142.102,1,32
96.197.222.107,1,32
189.178.138.119,1,32
220.158.144.206,1,32
67.209.144.246,1,32
115.91.224.15,1,76
54.227.48.183,1,270
201.127.28.89,1,32
172.102.230.184,4,160
187.52.235.153,1,40
177.124.3.193,1,60
68.74.23.184,3,120
124.167.164.185,1,32
60.17.223.26,1,58
144.47.154.207,5,708
93.217.26.137,1,32
89.117.133.1,1,32
178.113.129.58,1,32
183.163.35.242,1,58
5.64.104.143,1,40
172.103.142.5,1,40
176.114.27.142,1,32
82.172.90.1,1,32
122.60.26.185,1,44
197.132.195.223,1,40
115.190.212.71,1,32
151.188.143.142,1,44
52.248.238.143,1,76
80.246.251.250,1,32
76.91.198.181,1,32
108.1.79.0,1,32
175.242.99.18,1,32
112.193.224.125,1,32
69.103.139.178,1,32
172.89.116.79,1,32
117.77.125.99,1,32
94.198.31.232,1,131
73.19.63.167,1,32
79.39.119.164,1,32
176.61.44.27,1,32
113.21.218.66,1,52
184.37.120.233,1,32
182.4.194.144,1,32
114.175.107.207,1,32
192.226.167.203,1,32
123.113.202.54,1,32
87.148.121.168,1,56
219.209.223.58,1,32
109.147.143.75,1,32
71.88.118.51,1,32
197.161.42.129,1,32
79.250.242.191,1,32
17.193.180.115,1,76
187.253.51.215,2,100
67.218.205.101,1,32
24.152.98.149,1,32
89.104.156.28,1,32
113.4.34.194,1,32
14.22.45.51,1,391
2.221.8.113,1,32
84.39.101.49,1,32
189.206.179.184,1,32
182.99.23.150,1,40
172.27.42.201,1,32
81.158.250.113,1,32
220.254.60.169,1,32
186.143.244.6,1,32
223.13.116.76,1,32
174.200.38.174,1,32
138.31.128.14,1,40
76.211.86.158,1,40
41.155.114.182,1,32
73.118.194.51,1,32
105.159.196.21,1,32
218.133.194.242,1,32
201.76.199.115,1,44
178.222.38.79,1,40
206.190.30.175,6,240
95.200.246.10,1,32
89.5.67.140,1,44
185.72.26.108,4,160
110.73.89.46,1,32
171.204.108.113,1,76
58.197.49.15,1,32
58.186.193.39,1,32
52.248.222.71,10,6035
106.50.234.47,1,52
193.0.191.59,1,32
49.124.31.167,1,32
192.175.193.146,1,32
84.182.115.194,3,390
164.48.28.90,4,176
61.247.3.234,1,32
210.151.149.1,1,40
89.88.48.230,1,32
102.196.226.88,1,32
4.99.1.202,1,56
92.5.160.64,1,138
198.15.169.6,4,984
91.107.157.33,1,32
118.199.77.148,1,52
126.114.123.32,1,32
14.49.159.188,1,32
197.58.226.107,1,40
98.224.90.178,1,32
89.222.98.109,1,32
13.30.24.93,1,76
222.135.125.0,1,32
130.182.207.153,6,576
23.40.134.183,1,32
121.163.132.227,1,32
172.31.149.42,1,32
131.183.149.100,1,44
191.112.19.92,1,32
188.202.203.244,1,32
31.155.217.38,1,93
46.238.143.159,1,40
70.42.180.244,1,32
87.199.14.77,1,32
37.17.223.245,1,40
71.230.250.36,1,40
111.246.203.180,1,60
87.166.18.71,1,32
181.205.37.109,1,40
93.30.138.37,1,60
12.114.40.14,1,32
64.222.42.200,1,40
126.188.3.11,1,32
65.65.162.104,1,32
24.242.52.6,1,32
208.110.219.91,2,80
175.207.67.4,1,32
1.148.113.249,1,113
212.234.195.6,1,32
217.20.208.85,1,32
13.52.102.57,1,32
92.193.25.164,1,40
213.233.4.243,1,44
17.193.180.116,3,228
119.62.232.195,1,32
178.21.110.134,1,32
41.163.11.89,1,40
61.40.240.153,1,40
218.159.218.64,1,32
122.240.197.147,1,32
64.40.245.11,2,262
5.74.17.181,1,32
112.153.168.35,1,52
82.184.182.222,1,32
12.165.103.0,1,32
188.216.101.144,1,32
118.238.248.86,1,52
222.116.252.137,1,32
42.87.20.153,1,76
113.30.4.229,1,52
91.75.143.247,1,32
14.116.6.111,1,32
5.250.86.77,1,52
47.47.198.105,1,32
79.45.195.36,1,40
121.144.60.138,1,32
85.22.26.209,1,32
185.250.210.252,1,60
200.173.78.47,1,32
112.233.52.56,1,32
71.163.165.92,1,32
27.251.62.11,1,48
78.4.44.89,1,32
113.149.66.202,1,40
216.157.33.245,1,32
160.167.241.47,1,32
59.73.67.195,1,32
59.5.115.61,1,40
197.161.57.12,1,60
124.12.239.217,1,40
183.158.165.197,1,32
54.211.80.192,1,32
110.60.207.78,1,60
108.74.184.238,1,32
85.26.215.106,1,32
1.141.147.123,1,132
92.46.52.134,1,32
179.191.52.82,1,32
71.230.250.178,2,80
188.11.233.183,1,40
222.168.88.192,1,56
166.136.16.50,1,32
24.68.93.28,1,32
77.78.243.136,1,32
188.213.168.41,1,32
90.18.51.146,1,32
116.30.139.61,1,44
69.138.31.234,1,32
60.58.121.104,1,32
37.17.214.117,1,40
71.230.250.236,1,40
218.101.98.64,1,32
73.234.219.189,1,32
102.82.37.190,1,32
172.200.133.15,1,32
159.52.41.98,1,40
84.54.116.127,1,32
2.29.72.196,1,32
66.183.80.54,1,32
60.118.27.147,1,32
73.238.56.170,1,32
119.157.212.28,1,32
37.68.159.65,1,32
52.255.20.118,1,76
180.163.28.221,1,52
13.204.61.184,1,76
73.131.187.84,1,32
13.204.161.151,1,32
71.230.250.200,1,40
202.69.51.231,1,32
190.9.229.116,1,48
74.24.115.191,1,32
89.174.55.9,1,32
1.74.16.248,1,32
60.64.50.234,1,32
31.163.12.120,1,40
132.216.205.127,1,32
125.230.93.196,1,60
182.223.150.124,2,80
125.226.105.26,1,52
129.138.150.39,1,32
103.87.65.185,1,32
104.227.22.45,1,76
17.193.180.251,2,152
125.215.212.32,1,32
71.34.220.92,1,32
76.139.153.4,1,32
182.110.249.167,1,48
205.24.43.93,1,32
118.85.105.136,1,40
188.72.140.63,1,60
186.201.34.180,1,32
27.2.66.38,5,200
197.25.206.179,1,32
104.12.223.79,1,32
74.193.190.175,1,52
52.224.229.24,1,32
175.50.158.102,1,32
195.209.245.142,1,60
125.113.34.98,1,32
79.34.203.79,1,32
71.230.250.43,1,40
81.81.162.18,1,32
93.181.119.146,1,32
80.80.154.202,1,32
177.19.65.254,1,32
189.66.206.232,1,32
188.6.11.217,1,32
90.113.157.73,1,40
139.173.156.225,2,80
213.219.38.241,1,32
67.20.21.5,1,32
109.222.130.152,1,32
95.206.137.189,1,32
178.32.67.66,1,52
96.65.3.23,1,32
104.98.244.207,1,32
84.66.78.220,1,32
89.180.78.21,1,32
195.209.244.209,1,32
52.18.170.85,1328,1892762
82.23.19.110,1,32
190.213.145.131,2,108
72.158.76.142,1,32
5.239.10.110,1,52
207.237.146.228,1,32
123.134.205.240,1,32
23.208.126.221,2,80
196.79.173.62,1,32
1.222.242.224,1,32
189.83.56.53,1,32
37.109.248.146,1,32
35.90.3.154,2,112
58.59.161.203,1,32
178.194.220.185,1,32
187.66.195.207,1,40
64.65.244.70,1,40
165.116.248.159,4,160
131.3.165.55,1,32
221.98.14.162,1,32
119.159.202.61,1,60
71.230.250.188,1,40
200.65.19.121,1,60
119.195.117.175,1,40
95.147.35.123,1,32
80.121.31.78,1,32
37.17.211.192,1,40
35.84.198.227,1,32
85.189.68.194,1,32
131.91.88.154,1,32
203.136.241.35,1,44
129.237.21.36,1,32
54.62.222.241,1,32
103.214.229.237,1,44
98.62.3.196,1,32
1.208.24.143,1,40
112.153.164.101,1,52
121.108.251.85,1,32
74.37.206.74,1,32
189.57.157.203,1,32
108.176.165.163,1,32
47.244.3.130,3,252
222.217.106.118,1,60
91.223.22.254,1,60
38.134.248.185,1,32
89.179.72.22,1,32
83.239.29.149,1,32
84.25.220.60,1,32
45.198.156.139,1,56
18.188.236.160,1,32
92.198.4.120,1,32
111.88.174.193,1,32
121.132.113.159,2,80
173.59.87.145,1,32
91.16.11.24,1,40
88.224.160.187,1,32
162.54.251.103,1,60
123.234.19.43,1,32
175.51.248.12,4,160
188.175.214.69,3,120
220.73.188.15,1,32
174.222.34.43,1,32
46.10.101.189,1,32
216.135.98.175,1,32
123.10.128.72,1,32
2.160.27.240,1,60
223.139.11.30,1,52
88.246.119.29,1,32
109.23.67.249,1,32
60.30.148.46,1,60
219.150.130.124,1,32
98.96.12.194,1,32
36.250.133.6,2,180
107.205.116.168,1,60
54.162.204.219,1,40
171.171.209.36,1,32
65.99.153.168,1,32
83.193.211.12,1,32
219.108.72.179,1,32
83.136.109.1,1,40
82.244.6.177,1,60
175.236.113.176,1,32
180.158.88.240,1,32
91.210.226.71,1,32
14.38.254.47,1,40
46.83.44.56,1,32
118.115.174.199,1,52
114.45.169.217,1,32
113.70.98.117,1,60
218.229.189.6,1,32
112.176.65.128,1,32
98.27.193.219,1,32
196.206.174.159,1,32
189.20.134.52,1,32
113.222.103.66,1,76
52.3.168.149,1,52
175.133.237.15,1,48
162.0.217.66,1,32
76.225.139.142,1,32
191.205.77.15,1,32
61.199.123.40,1,32
89.13.36.161,1,40
45.73.106.221,1,48
103.29.181.121,1,40
187.53.248.245,1,32
63.149.170.32,1,32
27.44.27.102,1,40
193.249.155.1,1,40
52.12.176.188,1,32
27.57.166.251,1,32
64.109.39.164,1,40
221.35.31.5,1,32
111.176.94.198,1,32
37.245.134.252,1,32
80.62.36.113,1,32
185.13.104.254,1,58
63.216.88.64,1,32
61.88.160.4,1,76
80.230.10.70,2,100
177.218.121.144,1,32
185.6.253.41,1,32
89.228.79.70,1,32
89.195.116.156,1,56
172.117.153.31,1,32
183.249.150.67,1,60
200.32.135.127,1,32
78.161.215.82,1,60
212.8.211.226,2,80
69.214.90.8,1,32
176.82.218.29,3,144
60.90.104.120,1,32
72.194.86.76,1,32
174.242.252.218,1,32
175.221.116.253,1,32
188.177.196.2,1,32
125.244.188.82,1,48
90.39.108.215,1,32
81.162.101.234,1,32
94.245.52.111,1,32
222.222.116.66,1,48
102.102.17.21,1,32
87.15.39.2,1,32
14.130.50.69,1,32
14.247.60.50,1,32
190.204.101.13,1,32
184.122.204.132,2,281
24.79.74.139,1,32
120.219.231.115,2,80
222.252.111.11,1,96
119.229.85.220,1,32
46.41.57.75,1,40
222.100.213.242,1,32
201.10.185.206,1,32
85.199.220.140,1,32
74.193.223.246,228,328978
81.190.71.153,1,32
139.173.169.221,2,80
217.215.187.131,1,32
211.63.29.89,1,32
113.9.36.243,1,76
202.129.26.47,1,60
172.86.4.123,1,32
139.173.159.118,1,40
114.107.162.190,1,32
76.245.224.136,1,32
114.229.184.149,4,204
119.173.28.1,1,32
156.62.0.161,1,40
111.162.131.17,1,76
101.32.99.121,1,32
117.41.47.238,1,60
106.32.56.112,1,32
151.251.196.71,1,32
109.6.85.29,1,32
70.67.197.44,1,32
172.249.30.185,11,650
82.131.164.132,1,32
84.5.56.27,1,32
79.158.2.211,1,32
177.38.202.228,1,32
180.80.226.133,1,32
66.42.147.22,1,32
221.6.34.75,1,32
113.151.186.226,1,76
114.155.47.190,1,32
62.32.192.52,1,32
79.101.244.220,1,32
2.140.216.130,2,277
13.204.2.106,1,76
173.222.181.224,1,32
105.131.148.95,1,32
39.27.50.180,1,76
114.17.31.189,1,32
2.140.216.195,3,370
200.79.88.99,1,40
89.112.3.125,1,32
2.74.43.96,1,40
116.3.22.131,1,48
94.15.235.39,6,408
168.119.158.203,1,32
27.123.206.229,1,32
142.83.132.123,1,32
190.238.165.254,1,32
162.49.45.235,1,32
162.7.122.45,1,32
221.144.168.130,1,32
190.5.90.242,1,32
86.132.68.252,1,32
103.49.115.6,1,44
184.122.204.192,3,328
75.172.120.156,1,32
59.43.26.101,1,48
92.194.146.129,1,40
79.220.48.19,1,32
71.53.34.39,1,32
219.181.139.105,1,32
139.14.166.73,1,32
216.211.33.9,1,90
80.78.156.119,1,32
2.140.216.129,1,110
172.202.186.138,2,80
182.222.119.180,1,76
79.34.124.84,2,88
41.132.178.151,1,32
181.56.35.46,1,32
124.135.122.12,1,76
83.28.193.235,1,32
189.202.64.167,1,32
73.73.25.113,1,32
177.117.164.164,1,32
123.137.42.185,1,32
186.14.251.205,1,32
122.174.254.245,1,40
120.144.38.134,1,32
156.46.129.44,1,40
49.30.51.158,2,120
99.64.103.25,1,32
210.29.104.230,1,40
179.82.36.45,1,40
103.100.173.179,1,40
182.55.211.244,1,48
109.118.90.233,1,32
51.60.122.100,1,76
196.217.220.172,1,32
179.76.188.0,1,32
96.22.151.14,1,110
119.204.46.236,1,32
177.162.164.253,1,84
108.83.145.225,1,32
45.214.242.184,1,32
85.186.64.83,1,32
179.165.21.80,1,60
134.123.210.153,1,56
97.0.252.141,1,32
178.188.154.178,1,32
192.212.98.238,2,1583
77.43.72.251,1,32
84.35.118.23,1,60
95.45.16.142,1,32
122.60.198.132,1,44
198.255.0.84,1,32
187.218.91.97,1,32
90.13.39.119,1,32
94.195.119.86,1,40
181.164.159.7,1,32
41.40.228.55,1,48
23.126.205.38,1,32
185.219.218.182,1,44
218.99.215.186,1,40
23.119.97.43,1,32
94.230.32.139,1,32
36.165.102.4,1,32
178.114.193.154,1,40
204.50.231.28,1,32
121.185.65.217,1,32
117.248.11.149,1,32
79.120.242.103,1,56
182.198.215.142,1,32
27.65.214.11,1,60
90.113.149.118,1,40
61.62.109.149,1,32
5.247.148.28,1,32
60.16.160.32,1,92
219.240.136.87,1,32
106.84.98.129,1,52
75.108.121.14,1,32
124.160.162.48,1,76
54.233.36.41,9,468
190.163.70.143,1,32
128.37.235.231,1,32
192.240.84.239,1,74
58.63.161.113,3,132
75.170.49.211,1,32
43.199.228.173,1,52
73.91.3.133,1,32
123.246.82.131,1,48
187.46.1.87,1,32
94.10.228.203,1,32
107.180.120.123,1,32
2.248.229.65,1,32
66.249.182.70,4,880
23.248.120.89,1,32
103.5.5.21,1,133
187.245.8.5,1,40
190.166.88.194,1,32
101.86.146.25,1,32
179.135.174.173,1,60
162.194.49.63,2,135
49.199.33.175,1,40
115.37.124.211,1,32
71.230.250.39,1,40
164.154.96.247,1,32
185.44.201.165,2,98
106.25.194.96,1,32
72.114.81.217,1,32
73.146.127.118,1,32
174.245.236.14,1,32
45.73.104.43,1,48
27.64.115.36,1,58
98.98.53.31,1,32
207.93.209.27,1,32
171.224.101.139,1,132
1.19.187.42,1,32
172.249.28.71,3,235
78.49.194.243,1,32
221.222.147.53,1,56
1.67.224.31,1,32
104.167.162.247,1,32
58.53.65.141,1,132
171.208.237.21,1,76
202.233.58.145,3,168
187.230.126.27,1,52
196.52.26.152,1,40
187.239.19.197,1,32
83.81.157.116,1,32
166.154.140.219,1,32
118.30.163.197,1,48
114.111.34.193,1,32
202.216.51.37,8,4131
93.232.59.217,1,32
190.240.161.31,1,40
113.156.212.130,1,52
31.102.124.125,1,40
181.45.215.123,1,44
181.161.38.203,1,32
91.232.216.22,1,32
122.224.65.84,1,48
1.80.48.139,1,32
119.223.22.58,1,32
177.201.57.173,1,40
185.201.227.84,1,60
201.106.62.104,1,32
12.156.160.119,1,32
113.54.147.67,1,48
95.34.141.49,1,52
202.88.12.191,1,32
81.24.192.253,1,32
176.109.41.117,3,151
182.166.95.28,1,32
216.220.225.91,1,32
188.170.57.170,1,32
61.127.92.108,1,48
78.238.223.54,1,32
219.226.247.162,3,318
61.227.177.39,1,40
179.63.204.5,1,32
62.99.157.61,1,60
45.70.221.247,1,40
108.58.104.50,1,32
103.207.188.101,1,44
78.184.119.240,1,32
90.8.32.80,1,32
84.253.80.86,1,40
108.57.203.239,1,32
17.192.163.158,6,3808
195.70.88.220,1,32
181.50.88.125,1,32
109.126.83.212,1,32
190.54.111.12,1,40
176.105.227.82,1,32
168.17.123.118,1,32
106.92.72.186,1,32
216.68.133.188,5,358
88.91.26.233,1,32
112.48.129.248,1,32
184.108.170.0,1,32
3.199.221.108,1,32
5.135.215.218,2,112
88.105.231.93,1,32
121.3.59.61,1,32
121.165.165.0,1,40
107.115.30.5,1,32
36.247.127.133,1,48
84.102.164.0,1,32
218.134.108.26,1,60
129.240.115.133,1,52
122.118.125.182,2,96
94.236.236.36,1,32
95.59.4.31,1,32
5.181.22.135,1,32
95.138.31.154,1,32
71.253.97.231,1,32
182.5.140.37,1,32
50.23.153.191,1,32
175.119.225.250,1,32
52.70.135.118,1,40
31.163.4.167,1,40
37.106.159.251,1,40
168.221.215.165,1,32
24.110.52.55,1,32
35.86.245.235,1,32
75.116.132.127,1,32
68.27.70.184,1,32
61.68.143.45,1,58
182.154.139.230,1,32
131.94.255.234,1,32
121.254.223.0,1,32
58.236.15.205,1,52
121.100.126.7,1,60
89.10.5.84,1,32
82.1.189.41,1,32
87.181.146.91,1,32
107.177.126.62,1,32
79.105.137.110,1,32
71.230.251.248,1,40
105.135.51.35,1,32
149.55.73.31,1,40
82.56.102.96,1,40
93.180.146.180,1,32
178.167.184.12,1,32
101.118.42.104,1,32
124.63.2.55,1,32
217.61.152.219,1,32
112.185.3.31,1,40
175.248.233.134,1,32
37.78.164.185,2,80
120.223.170.71,1,32
216.179.239.18,1,32
183.100.132.219,1,32
88.11.63.75,1,40
175.234.10.193,1,32
91.41.146.243,1,32
177.176.31.182,1,44
123.252.246.41,1,32
75.64.233.52,1,32
52.67.246.254,9,5978
64.22.164.131,3,165
41.161.208.31,1,40
54.48.220.186,1,76
67.174.33.58,1,32
178.20.144.17,1,32
65.196.26.144,1,32
154.140.43.99,1,40
82.157.255.89,1,32
182.190.165.34,1,132
91.238.217.164,1,32
91.147.99.154,1,32
123.156.223.202,1,60
39.70.102.94,1,32
151.10.53.113,1,32
156.63.200.238,1,40
94.101.91.155,1,40
183.140.113.20,1,32
115.163.26.168,1,32
151.240.226.173,1,32
66.135.128.220,1,32
178.222.73.75,1,40
92.228.61.181,1,32
78.154.153.188,1,52
196.128.117.127,1,40
211.46.180.222,1,32
116.211.2.254,1,32
173.162.50.254,1,32
112.161.22.119,1,60
18.226.254.229,1,32
189.242.66.250,1,32
94.17.126.151,1,32
189.99.97.47,1,32
200.97.205.112,1,60
182.65.72.108,1,32
102.84.194.59,1,32
187.158.208.232,1,32
107.9.116.16,1,32
80.97.75.229,1,32
187.111.12.167,1,32
186.221.217.56,1,32
185.203.147.2,1,32
31.168.222.19,1,44
149.184.3.4,1,32
2.62.124.232,1,32
213.132.94.172,1,40
196.78.132.101,1,32
71.230.250.208,1,40
41.99.182.51,1,32
60.152.3.53,1,48
46.13.32.238,1,32
112.161.22.55,1,32
50.222.49.204,1,44
64.133.98.154,1,32
222.166.152.95,1,32
61.100.25.207,1,32
160.179.210.175,1,32
4.68.153.221,1,32
45.33.75.113,2,80
54.234.53.30,1,32
49.144.61.172,1,60
101.123.24.22,1,32
78.69.100.25,1,52
79.77.192.139,1,32
213.219.72.234,2,96
179.192.10.129,1,32
23.86.31.213,19,6897
78.235.88.217,1,32
103.204.93.32,12,7023
77.152.115.228,1,32
118.70.17.225,1,32
178.221.32.77,1,32
143.192.83.122,1,60
112.186.168.236,1,32
111.202.16.98,1,40
111.166.69.206,1,32
62.252.154.3,1,32
24.102.32.254,1,32
31.104.33.229,1,32
42.86.216.185,1,32
112.22.227.150,1,52
93.176.125.182,1,32
188.31.26.129,1,32
211.230.231.100,1,32
73.6.178.48,1,32
108.22.252.11,1,32
124.159.87.121,1,40
42.229.141.63,1,32
163.117.120.27,1,48
50.12.110.33,1,32
120.211.98.9,1,40
108.47.45.122,1,32
117.120.188.145,1,32
87.34.238.149,1,32
189.12.103.210,1,32
39.43.142.247,1,40
223.101.4.181,1,60
89.88.193.216,1,52
82.126.124.254,1,32
79.53.162.12,1,32
60.76.195.148,1,32
150.249.142.78,1,32
52.254.41.116,1,76
54.241.247.23,1,32
110.201.19.71,1,48
92.35.77.66,2,64
125.201.204.147,1,32
194.147.60.119,1,32
185.199.178.77,1,40
92.226.39.164,1,32
82.61.51.18,1,40
175.137.158.131,1,32
39.10.243.220,1,32
114.23.230.198,1,32
121.172.22.124,1,32
86.153.39.237,1,32
191.83.7.25,1,44
201.35.123.22,1,32
61.215.35.36,1,32
89.36.199.102,1,32
201.176.227.35,1,60
179.113.127.81,1,32
78.17.216.117,1,32
121.180.222.231,1,32
196.36.71.190,1,32
188.163.111.77,1,52
76.159.109.40,1,32
67.244.23.118,1,32
24.74.252.135,1,32
154.201.230.8,1,168
60.67.203.225,1,40
54.248.142.197,5,231
23.43.230.60,5,616
164.177.212.194,1,32
179.91.177.180,1,44
222.138.75.27,1,32
116.179.78.127,1,32
171.210.17.166,1,48
172.249.28.78,12,1254
192.126.43.227,1,32
118.3.192.140,1,40
110.52.246.185,1,40
65.121.97.155,1,32
91.222.245.116,1,40
89.43.51.124,1,40
46.113.100.6,1,40
206.204.154.189,1,32
35.73.84.61,1,32
76.211.46.94,1,32
80.250.55.254,1,60
73.215.251.56,1,32
2.26.215.1,1,32
13.207.38.102,24,1667
103.212.156.169,1,52
217.10.56.69,1,32
201.153.185.99,1,32
123.185.63.187,2,80
173.221.73.16,1,60
113.151.170.120,1,132
191.119.23.40,1,32
88.61.150.160,1,44
52.100.173.229,1,32
113.197.28.24,1,132
77.245.108.145,1,52
91.106.222.166,1,60
195.5.125.121,1,60
71.230.250.233,1,40
124.11.213.177,1,32
199.130.60.68,1,32
188.24.37.242,1,32
123.174.60.156,1,60
5.64.104.151,1,40
188.246.36.44,1,32
5.188.105.64,1,32
45.113.44.5,1,60
126.178.122.203,1,32
206.247.147.120,1,60
201.176.24.174,1,60
221.140.49.185,1,60
124.70.139.81,1,32
37.59.140.74,1,52
221.41.149.4,1,32
180.131.85.232,1,32
5.154.39.21,1,32
5.135.28.62,1,52
78.142.161.86,1,32
12.199.149.157,1,32
193.164.216.157,1,32
12.240.221.154,1,32
118.170.229.122,1,32
58.239.244.3,1,32
125.145.178.191,1,32
219.5.2.224,1,32
68.18.223.71,1,32
88.248.205.121,1,32
204.101.150.243,1,32
27.243.218.204,1,52
182.152.245.249,1,132
66.103.102.5,1,32
52.100.1.250,1,32
113.167.20.203,1,32
80.219.193.185,1,32
200.68.47.194,1,32
59.149.78.46,1,56
115.251.53.2,1,32
121.113.240.18,1,40
119.72.146.137,1,32
121.255.224.167,1,32
79.217.77.184,1,60
217.163.219.5,1,32
178.46.50.145,1,44
101.55.245.77,1,76
139.68.233.189,3,144
1.14.170.129,1,32
104.88.206.119,1,32
95.234.236.11,1,32
96.42.109.242,1,32
174.233.25.150,1,32
42.84.18.47,1,76
89.106.251.190,1,32
58.206.4.221,1,32
47.136.24.115,1,32
81.127.39.255,1,32
2.120.34.244,1,32
208.111.165.82,1,32
27.36.130.170,1,32
97.1.109.82,1,32
178.222.75.252,1,40
87.149.173.128,1,32
54.224.101.174,1,32
92.93.147.248,1,32
97.27.24.103,1,32
89.246.45.132,1,40
68.74.23.188,1,40
125.35.139.252,1,44
45.214.148.151,1,56
73.76.102.118,1,32
86.146.21.36,1,32
221.93.31.77,1,32
125.35.5.136,1,44
196.194.54.65,1,32
195.14.108.110,1,32
188.121.187.107,1,32
89.170.221.104,1,32
112.235.94.232,1,60
118.89.27.101,1,40
190.217.56.184,1,60
68.169.116.159,1,32
41.164.139.192,1,40
116.145.86.243,1,48
73.149.99.104,1,32
66.140.114.102,1,60
177.164.101.216,1,32
34.253.97.224,1,32
176.180.173.215,1,52
41.155.83.207,1,32
175.113.230.219,1,32
196.71.154.202,1,32
177.163.216.2,1,32
209.150.183.211,2,182
171.146.240.215,1,32
149.53.39.42,1,32
52.46.92.175,1,52
69.182.170.96,1,32
113.197.59.78,1,132
87.250.212.40,1,32
60.154.89.10,1,32
51.61.187.106,1,32
218.216.88.132,1,32
134.249.39.189,1,40
46.76.220.69,1,32
200.125.99.76,1,32
27.36.204.247,1,40
220.189.76.4,1,60
74.247.214.123,1,32
74.193.127.249,377,515219
2.28.0.119,1,32
197.249.229.101,1,32
198.252.230.226,1,32
77.146.33.132,1,32
173.119.244.31,1,32
117.205.25.124,1,40
36.209.47.148,1,273
68.114.233.188,1,32
87.80.62.34,1,32
1.229.242.173,1,52
210.195.35.107,1,76
187.172.172.177,1,60
194.97.192.240,1,32
195.5.122.185,1,60
194.138.180.203,1,40
123.10.115.235,1,76
184.14.131.84,1,32
191.221.145.148,1,32
217.13.195.229,1,32
192.100.27.218,1,32
94.20.155.176,1,32
73.40.179.53,1,32
72.242.24.248,1,32
27.119.177.93,1,32
37.192.212.90,1,76
186.137.18.29,1,32
58.60.63.20,1,52
180.143.186.211,1,32
52.79.224.219,1,93
189.247.140.169,1,32
181.228.255.97,1,32
182.54.140.218,1,40
60.21.150.189,1,48
2.34.160.71,1,32
212.98.155.150,1,44
106.203.220.197,1,32
5.106.56.237,1,32
39.40.111.227,1,32
71.230.250.168,1,40
211.10.113.186,1,32
118.252.191.27,1,60
64.222.12.228,1,32
187.246.111.24,1,32
179.217.83.185,1,32
181.91.134.98,1,32
71.21.252.62,1,32
175.60.80.196,1,32
117.98.38.176,1,32
193.236.75.150,1,32
88.238.43.132,1,32
60.137.20.159,1,32
71.187.29.158,1,32
79.72.185.126,1,32
72.225.243.176,1,32
131.94.144.7,1,44
83.160.229.137,1,32
42.232.251.55,1,32
143.253.113.201,1,60
196.164.191.224,1,32
69.186.153.77,1,32
213.236.15.187,1,60
183.139.133.72,1,32
172.102.228.13,1,40
223.159.173.147,1,32
42.228.46.155,1,60
83.253.200.189,1,40
196.58.55.239,1,40
87.95.64.6,1,32
86.87.207.55,1,58
202.123.228.213,1,44
124.216.24.224,1,32
220.0.1.105,1,32
101.124.155.28,1,32
46.182.222.51,1,32
93.86.147.54,1,52
45.125.162.26,1,28
96.90.157.94,1,32
85.237.78.174,1,32
202.176.156.127,1,32
74.143.156.226,1,32
152.55.33.49,1,32
46.92.194.173,1,32
221.222.51.223,1,79
183.199.244.70,1,60
212.129.0.166,1,32
177.250.11.164,1,32
49.95.219.147,1,32
42.60.192.51,1,40
71.135.31.42,1,32
116.51.254.255,1,32
210.2.131.64,2,155
190.77.203.227,1,32
73.203.224.21,1,32
82.192.3.120,1,32
179.241.199.55,1,32
103.13.121.116,1,44
113.247.122.235,1,60
156.59.102.97,1,40
212.156.88.29,1,40
80.125.185.38,1,32
5.251.174.232,1,32
88.157.6.49,1,32
93.178.109.93,1,60
191.49.189.178,1,32
121.148.94.128,1,32
71.181.61.34,1,32
93.161.210.186,1,32
188.139.57.193,1,40
117.117.95.201,20,21652
68.111.141.250,1,32
177.252.116.71,1,32
125.168.122.8,1,76
221.222.51.160,1,79
42.233.229.250,1,40
221.253.115.191,1,32
207.72.128.49,1,125
95.73.130.252,1,32
138.4.81.97,3,120
1.1.167.64,1,32
124.160.29.99,1,32
115.28.83.249,1,28
99.193.93.215,1,60
71.160.82.185,1,32
106.41.112.194,1,40
152.20.246.129,65,96763
167.139.227.185,1,60
115.96.103.68,1,32
31.163.201.109,1,40
182.48.97.128,2,180
185.163.152.116,1,73
79.238.35.183,1,32
83.72.185.192,1,32
201.109.251.238,1,40
1.252.220.87,1,32
62.115.186.83,1,56
221.255.219.132,1,32
190.189.81.154,1,32
192.221.173.91,2,88
47.141.31.123,1,32
89.122.58.199,1,32
47.16.224.131,1,32
120.221.30.175,1,60
86.156.222.122,1,32
210.240.106.62,1,52
80.154.24.70,1,40
188.11.232.149,1,40
184.96.30.52,1,32
5.88.140.219,1,32
193.99.88.198,1,32
45.70.70.224,1,52
165.116.13.224,1,60
170.206.230.98,1,32
54.34.3.26,1,32
5.236.66.203,1,32
1.82.223.173,1,32
207.72.174.118,1,40
167.148.99.107,1,40
220.168.53.29,1,46
212.107.158.14,1,32
216.103.158.73,1,32
114.158.65.141,1,32
164.205.250.103,2,80
23.62.169.110,1,32
93.185.29.1,2,100
218.29.235.138,1,32
173.237.157.102,1,32
81.203.61.102,1,32
77.39.124.181,1,32
105.211.240.77,1,96
34.221.251.114,8,4050
87.81.118.28,1,32
104.104.253.240,1,32
172.249.30.54,6,438
36.213.245.165,1,52
186.62.55.37,1,32
90.113.149.169,1,40
151.202.82.101,1,32
62.246.41.252,1,32
174.204.98.164,1,32
123.212.254.7,1,32
187.197.144.216,1,44
87.122.108.173,1,32
124.239.185.24,1,60
95.81.239.158,1,32
90.175.80.182,1,56
68.151.117.111,1,32
27.19.53.178,1,32
200.146.166.194,1,32
52.253.10.209,1,76
216.68.133.129,59,74174
179.65.179.38,1,32
201.150.192.5,1,32
194.224.208.46,2,80
213.122.200.150,1,40
90.175.80.77,1,56
117.252.229.137,1,52
95.144.146.124,1,32
46.68.212.208,1,32
95.36.33.183,1,32
125.40.134.98,1,52
185.231.79.54,5,300
66.229.253.224,1,32
77.21.78.92,1,60
187.112.152.154,1,32
121.85.226.127,1,44
197.41.199.16,1,40
27.220.20.200,1,32
83.13.174.207,1,32
122.148.47.76,1,76
90.131.146.79,1,60
140.144.214.121,3,120
192.240.110.252,1,32
52.86.164.233,1,32
140.229.220.9,1,76
139.173.136.244,1,40
121.209.168.40,1,40
27.69.51.87,1,76
90.175.80.246,1,56
77.245.236.176,1,40
186.160.189.89,2,112
189.193.205.241,1,32
67.140.167.128,1,32
90.175.81.147,1,56
78.100.84.254,1,32
5.224.250.211,1,32
37.189.193.84,1,32
58.238.189.81,1,76
172.78.104.129,1,40
222.181.12.4,1,32
217.240.252.154,1,32
179.48.135.183,1,32
138.203.247.200,1,32
117.38.198.69,3,120
17.193.180.253,2,152
125.205.51.53,1,48
14.18.131.226,1,76
211.62.196.88,1,32
192.69.35.39,1,32
52.54.179.92,14,6274
143.215.39.249,1,32
115.202.144.19,1,40
125.102.74.103,1,32
182.126.68.94,1,121
89.248.134.33,1,60
1.4.88.7,1,32
83.108.125.35,1,48
5.163.95.21,1,60
90.175.82.87,1,56
68.149.153.8,1,32
90.164.109.204,1,56
90.164.109.236,1,56
36.235.113.239,1,32
125.40.35.235,1,32
79.8.231.214,1,32
115.57.226.25,1,32
86.252.52.129,1,32
187.199.69.203,1,32
24.50.66.58,1,32
121.176.19.181,1,40
14.95.208.192,1,52
108.53.29.237,1,32
222.152.31.65,1,44
94.67.60.125,1,40
38.148.181.82,1,32
90.164.108.71,1,56
189.193.98.93,1,32
81.232.197.4,1,40
222.87.97.120,1,32
58.145.137.176,1,40
45.19.231.60,1,32
189.149.131.126,1,40
185.111.11.98,1,32
41.175.41.187,1,32
187.172.175.34,1,32
37.43.128.129,1,32
86.220.11.70,1,40
116.153.135.64,1,52
200.83.226.234,1,40
123.11.97.156,1,32
124.12.78.101,1,60
54.178.252.228,1,32
183.173.145.158,1,52
174.213.117.116,1,32
191.85.199.93,1,32
179.183.241.243,1,40
111.205.220.197,1,32
201.165.70.52,1,32
172.249.162.137,6,985
118.204.209.240,1,40
117.37.240.101,1,32
186.30.241.145,1,60
98.127.240.250,1,32
105.151.175.43,1,32
196.180.49.70,2,88
221.7.81.186,1,76
199.71.102.218,1,32
151.27.165.216,1,32
218.222.96.250,1,32
74.217.1.218,1,32
81.130.149.145,1,32
188.152.180.132,1,44
24.62.139.202,1,32
94.198.113.228,1,40
61.105.248.151,1,76
2.39.134.60,1,32
31.120.89.246,1,32
116.169.60.58,1,32
201.21.27.121,1,40
62.237.218.211,1,32
96.72.130.102,1,32
178.19.219.222,1,32
156.37.244.168,1,40
190.118.79.96,2,80
2.75.101.243,1,52
179.245.102.58,1,32
14.71.8.95,1,76
78.69.182.27,1,44
37.70.181.8,1,40
110.50.59.131,1,32
45.164.70.19,4,176
183.107.113.121,1,32
188.11.173.221,1,40
116.145.254.173,1,52
45.175.236.158,1,60
213.40.104.58,1,56
171.159.14.23,1,32
217.178.18.17,2,168
23.82.34.234,23,34351
88.205.123.206,1,32
128.26.238.109,1,44
121.147.88.251,1,32
147.130.44.43,1,32
17.192.251.32,1,105
119.9.253.216,1,32
195.77.220.0,1,32
81.209.34.254,1,32
27.48.171.64,1,32
196.248.157.8,1,32
122.41.26.237,1,32
178.125.11.66,1,32
121.131.54.65,1,60
179.193.59.192,1,32
79.67.111.248,1,32
189.101.97.54,1,32
71.230.250.149,1,40
201.98.48.142,1,60
124.157.158.160,1,32
200.242.21.0,1,60
69.5.231.88,1,32
83.112.135.241,1,32
179.116.70.123,1,32
41.161.49.99,1,40
202.62.175.173,1,40
27.236.77.160,1,40
200.7.205.227,1,32
35.87.139.88,1,32
121.241.129.177,1,48
73.31.180.12,1,32
96.126.60.149,1,32
91.69.106.182,1,131
171.144.183.102,1,76
82.0.244.119,1,32
89.236.247.17,1,40
156.164.153.35,1,32
210.2.131.106,4,216
87.202.230.23,1,32
104.15.194.131,5,284
220.131.1.136,1,44
93.20.38.38,1,32
5.140.255.197,1,40
73.172.115.92,1,32
201.118.114.0,1,32
125.107.153.38,1,32
209.238.125.8,1,32
52.17.229.45,1,32
103.93.249.222,1,60
91.245.60.52,1,32
179.185.192.26,1,32
180.162.124.85,1,32
178.82.208.82,1,40
223.138.148.106,1,32
83.23.212.99,1,32
197.23.176.161,1,32
5.139.56.21,1,32
190.189.238.145,1,60
102.140.73.232,1,32
201.171.117.131,1,40
91.213.96.121,1,40
179.207.218.170,1,32
210.29.105.31,1,32
80.237.103.182,1,32
101.47.212.116,1,32
58.239.55.93,1,52
191.190.100.186,1,32
116.54.42.79,1,40
104.248.125.126,1,40
208.196.6.119,1,32
45.223.82.254,1,60
96.2.45.71,1,103
217.97.191.38,1,32
89.230.50.187,1,32
181.3.160.80,1,32
152.28.25.34,1,60
166.134.30.30,1,32
182.108.106.74,1,60
60.132.24.22,1,32
76.249.235.215,1,32
50.205.222.101,1,32
191.31.161.219,1,32
78.13.205.11,1,32
84.154.134.149,1,32
176.36.239.116,1,1204
220.163.160.122,1,32
87.74.190.181,1,32
95.16.206.34,1,32
78.139.65.45,1,32
151.150.76.67,1,52
1.94.58.7,1,32
189.1.237.149,1,32
27.242.162.61,1,40
31.149.220.243,1,32
72.162.31.191,2,80
82.139.1.116,1,32
141.119.56.19,1,32
14.221.6.141,1,28
207.172.115.236,1,32
175.174.55.120,1,60
217.111.23.189,1,60
208.110.196.239,1,32
220.229.230.7,1,32
77.139.191.142,1,32
191.109.181.35,1,32
75.89.139.197,1,32
198.185.158.245,1,32
188.63.193.148,1,32
5.119.203.33,1,32
143.253.19.4,1,60
52.97.159.100,1,32
218.128.12.192,2,80
60.112.90.121,1,32
24.209.230.226,1,32
13.206.156.234,1,76
172.74.98.157,1,32
156.59.1.195,1,40
47.110.78.208,1,32
182.184.16.243,1,40
121.176.251.217,1,52
60.138.75.74,1,32
188.234.124.185,1,40
36.216.8.252,1,52
193.177.210.158,1,32
139.173.186.130,2,80
136.87.241.203,1,32
88.11.63.87,1,40
182.138.245.190,1,32
171.202.26.95,1,32
105.176.28.37,1,32
182.89.137.195,5,3334
106.88.227.155,1,48
125.205.55.116,1,48
220.173.57.8,1,60
125.244.22.124,1,48
117.72.130.63,1,40
175.162.26.93,1,40
175.162.204.143,1,52
196.37.20.74,1,44
87.16.61.62,1,32
31.98.49.7,1,32
101.112.75.71,1,76
218.142.122.164,1,32
60.115.12.232,13,1150
216.97.3.201,1,56
46.98.4.32,1,32
18.209.158.2,1,32
190.112.38.40,1,32
156.55.80.231,1,40
85.248.4.21,1,32
189.135.252.99,1,56
61.23.72.118,1,32
108.221.1.105,1,32
185.93.105.82,1,32
39.88.192.136,1,48
156.46.239.143,1,40
89.7.21.33,1,44
190.129.49.120,1,40
41.166.88.106,1,44
125.206.87.24,1,40
178.3.169.207,1,40
89.209.252.209,1,48
45.56.94.238,2,80
119.56.65.249,1,60
132.161.240.23,1,32
78.102.112.11,1,32
14.156.61.219,1,60
94.252.62.59,1,32
73.205.27.153,1,32
181.128.227.161,1,32
119.119.61.14,1,52
184.120.1.19,1,32
210.179.65.249,1,32
92.233.43.216,1,32
99.98.194.72,1,32
5.42.242.56,1,32
54.35.157.55,2,330
191.78.135.169,1,32
79.23.132.20,1,44
47.22.103.105,1,32
123.140.191.15,1,32
70.57.231.213,1,32
122.162.232.115,1,32
182.105.207.213,3,228
81.28.153.207,1,32
186.31.101.37,1,56
174.239.231.42,1,32
86.196.244.217,1,32
182.133.242.7,1,96
61.91.237.84,1,52
107.174.7.135,1,32
54.172.62.196,1,32
61.149.135.247,1,32
191.50.173.134,1,32
197.49.193.200,1,40
31.113.147.102,7,3633
41.155.189.87,1,32
41.169.184.95,1,40
67.237.13.87,1,32
84.198.12.215,1,32
108.211.1.86,1,32
177.149.140.174,1,60
212.8.50.164,1,32
120.164.145.28,1,32
185.60.165.223,2,204
151.44.237.146,1,44
85.231.66.38,1,60
106.86.87.100,1,48
218.134.108.88,1,40
113.223.196.226,1,32
177.233.234.80,1,32
78.44.252.137,1,32
68.97.94.39,1,32
122.188.139.225,1,76
104.116.228.232,1,32
142.81.50.44,1,32
13.160.252.159,1,32
41.215.236.152,1,60
108.38.139.23,1,32
120.222.20.10,1,32
121.35.107.119,1,32
37.216.75.184,1,32
182.173.43.184,1,32
76.136.157.62,1,32
23.64.129.47,1,96
188.89.189.191,1,32
76.217.42.102,1,44
41.252.181.118,1,56
58.22.68.166,1,32
24.95.21.169,1,32
217.25.33.100,1,32
96.2.45.197,1,92
93.125.242.163,2,64
82.43.193.108,1,32
84.128.199.143,1,32
166.246.182.49,1,32
71.230.250.78,1,40
87.126.132.32,1,32
179.95.161.77,1,32
45.192.80.84,1,32
102.185.167.219,1,32
71.199.88.99,1,32
113.27.247.128,1,40
185.136.4.53,1,32
112.136.114.74,1,32
112.181.251.76,1,32
23.83.251.94,8,5054
172.249.30.60,2,100
72.25.64.86,1,52
78.132.21.21,1,32
74.231.44.172,1,32
123.2.106.9,1,52
190.86.104.196,1,32
158.16.227.145,1,32
117.45.113.247,1,32
91.203.124.190,1,32
107.160.137.236,1,32
186.162.151.244,1,32
177.48.120.7,1,44
61.160.156.155,1,32
188.36.24.198,1,32
95.178.244.194,1,32
115.64.150.10,1,44
188.13.42.83,1,60
159.252.194.227,1,32
90.89.209.210,1,56
94.15.215.151,1,44
173.39.187.163,1,32
62.62.53.123,1,56
108.70.171.135,1,32
23.24.152.56,1,32
192.86.157.192,1,40
85.75.154.93,1,56
182.243.178.202,3,1310
75.142.103.246,1,32
95.52.157.132,1,32
90.89.210.154,1,56
211.34.44.238,1,32
72.215.74.179,1,40
86.143.18.147,1,32
177.66.217.216,1,44
17.199.26.221,1,113
23.197.131.143,1,32
168.40.157.77,1,32
207.136.135.142,1,32
47.121.81.124,2,168
38.127.254.216,1,56
80.122.89.115,1,32
85.100.97.213,1,32
80.19.89.218,1,40
192.80.177.134,1,32
182.119.126.253,1,32
208.32.162.186,1,56
195.67.61.185,1,32
158.32.129.13,1,32
79.247.121.85,1,32
52.87.43.176,1,60
52.104.26.244,1,52
178.222.76.189,1,40
75.179.29.144,1,32
90.89.210.85,1,56
90.89.210.99,1,56
88.228.154.155,1,32
27.67.98.84,1,76
76.236.142.110,1,32
104.15.196.220,1,94
98.39.228.186,1,32
116.216.79.167,1,44
84.218.30.243,1,32
36.246.11.48,1,52
210.74.143.44,1,44
85.39.212.146,1,32
182.108.20.158,1,32
125.229.174.220,1,40
166.107.59.119,1,60
95.155.245.4,1,32
180.79.94.242,1,32
90.89.209.51,1,56
46.187.171.88,1,32
128.33.144.122,1,32
3.135.160.119,1,32
64.65.244.166,1,40
23.71.63.141,10,3183
85.73.180.182,2,100
197.41.58.176,1,40
91.181.53.226,1,32
49.88.167.134,1,32
217.178.79.18,1,64
216.68.133.159,8,5033
183.222.197.43,1,40
113.63.120.101,1,76
90.89.210.132,1,56
181.53.95.189,1,32
114.160.117.80,1,52
71.230.250.238,1,40
45.198.110.48,1,40
124.153.154.150,1,32
180.41.220.230,1,32
85.230.240.34,2,100
99.44.123.63,1,32
172.249.25.191,8,4431
36.219.72.0,1,32
90.89.209.227,1,56
90.89.209.122,1,56
113.171.246.66,1,56
92.187.182.99,1,56
54.242.74.216,1,32
89.134.65.213,1,32
24.206.254.246,1,32
17.192.163.159,3,209
213.194.158.100,1,52
90.89.210.3,1,56
139.173.99.128,4,728
23.45.1.4,1,32
84.124.121.160,1,32
121.102.141.102,1,32
202.122.75.234,1,40
183.122.20.17,1,32
78.206.153.98,1,32
95.29.50.68,1,32
90.89.209.61,1,56
94.240.165.146,1,32
194.56.225.213,1,32
89.170.52.15,1,44
122.165.213.50,1,52
71.25.242.176,1,32
5.38.154.208,1,32
113.28.164.122,1,32
90.89.209.140,1,56
71.213.68.87,1,32
187.12.196.112,1,32
110.241.61.7,1,32
197.151.28.223,1,60
106.54.6.177,1,52
212.4.144.51,1,56
79.136.96.80,1,32
187.145.189.110,1,60
24.72.121.0,1,32
162.12.5.31,1,40
24.155.1.59,1,32
37.17.171.181,1,40
64.197.180.73,1,56
23.72.1.39,1,32
90.89.211.203,1,56
5.64.104.136,2,80
90.89.211.182,1,56
114.221.2.229,1,32
41.12.180.244,1,32
126.202.5.50,1,32
185.115.96.125,1,32
95.98.217.123,1,32
145.249.69.141,1,32
42.201.86.224,1,48
184.101.231.83,1,32
115.135.9.206,12,648
185.158.170.173,1,32
14.9.197.5,2,120
118.134.64.85,1,32
83.231.117.17,1,32
119.204.198.100,1,76
45.209.185.114,1,40
83.206.168.49,1,40
70.91.59.206,1,32
210.180.15.230,1,60
210.180.245.23,1,32
173.51.167.228,1,32
221.17.92.236,1,40
151.227.52.172,1,56
123.128.176.252,1,40
92.206.252.178,1,32
131.231.35.181,1,60
213.113.24.122,3,237
1.32.67.85,1,32
90.89.210.58,1,56
202.60.138.95,1,76
60.81.55.69,1,76
175.210.13.152,1,32
58.198.64.149,1,32
14.20.220.88,1,40
61.127.107.92,1,76
90.89.211.104,1,56
194.190.30.103,1,32
113.163.248.30,1,52
24.166.59.99,1,32
105.137.93.79,1,32
90.89.210.122,1,56
93.132.98.80,1,32
211.40.108.243,1,32
123.132.159.75,1,40
14.114.60.156,1,32
71.230.250.99,1,40
74.193.187.99,1,50
200.63.74.173,1,32
46.243.196.244,1,48
23.250.99.233,1,32
109.104.139.168,1,32
73.81.167.28,1,32
101.63.37.76,1,60
84.185.204.212,1,32
85.69.115.98,1,56
12.208.13.182,1,32
182.134.94.66,1,32
187.143.180.186,1,32
39.44.219.107,1,60
62.192.82.237,1,32
77.142.164.239,1,32
41.34.86.54,1,40
18.178.47.247,1,32
119.136.64.199,1,32
85.105.33.145,1,32
147.59.183.10,1,32
209.120.69.117,5,200
79.254.254.19,1,32
49.206.62.46,1,32
187.189.66.187,1,32
90.89.209.201,1,56
62.33.146.90,1,56
121.223.195.40,1,32
111.223.118.68,1,48
1.84.15.220,1,52
193.159.251.124,1,32
190.107.11.211,1,32
112.239.141.83,1,60
85.68.17.194,1,56
4.118.111.106,1,32
164.48.28.83,2,136
45.125.126.41,3,120
71.230.250.111,1,40
201.187.179.139,1,32
190.123.42.227,1,32
220.174.104.195,1,60
45.113.74.167,1,32
124.1.80.98,1,32
176.108.129.253,2,149
177.229.166.115,1,32
37.246.37.14,1,32
109.201.47.177,1,32
62.33.147.164,1,56
85.69.114.47,1,56
14.17.95.49,1,32
5.73.246.5,1,44
213.138.214.55,1,40
189.176.68.63,1,32
85.69.114.223,1,56
180.123.177.137,1,58
45.55.60.138,1,32
107.218.253.2,1,32
85.69.113.53,1,56
62.33.147.178,1,56
78.173.180.150,1,32
150.35.205.229,1,40
79.14.184.34,1,32
86.216.185.43,1,32
67.188.96.137,1,32
85.64.131.197,1,56
212.211.57.158,1,60
197.5.135.100,1,32
60.193.46.67,1,32
213.146.237.248,1,32
185.138.248.136,1,40
62.33.146.7,1,56
85.69.113.51,1,56
211.70.140.173,1,32
85.64.128.155,1,56
219.95.54.164,1,32
131.114.209.151,1,32
191.120.237.58,1,44
95.131.108.222,1,32
69.115.233.42,1,32
115.234.242.161,1,32
143.183.24.83,1,32
85.69.113.117,1,56
59.62.78.41,1,76
62.33.146.66,1,56
217.124.185.200,1,40
62.33.145.192,1,56
61.106.73.17,1,32
203.165.242.255,1,32
59.150.112.127,1,32
85.64.130.203,1,56
167.193.198.194,1,32
70.185.153.158,1,32
190.44.122.137,1,32
85.69.112.105,1,56
190.145.195.29,1,48
62.33.146.219,1,56
92.61.226.232,1,60
37.59.129.246,1,32
24.154.222.88,1,32
31.222.223.157,1,32
178.222.107.79,1,40
220.252.171.249,1,40
85.69.115.45,1,56
116.37.224.9,1,32
159.137.10.215,1,40
85.68.17.4,1,56
62.33.147.214,1,56
113.155.255.23,1,76
203.95.219.201,1,48
191.74.62.41,1,32
85.64.131.181,1,56
85.64.130.65,1,56
64.22.165.109,7,364
79.168.175.89,1,40
213.255.42.178,1,40
85.69.112.54,1,56
179.135.32.51,1,60
121.1.88.131,1,32
49.30.145.51,1,52
74.48.196.108,1,32
95.0.205.4,1,32
206.254.172.227,1,32
189.93.247.128,1,52
36.21.90.69,1,52
222.89.51.62,2,80
118.115.189.106,1,32
1.30.66.123,1,32
60.111.182.55,2,128
85.68.17.193,1,56
120.156.72.10,1,32
190.113.114.132,1,32
46.175.52.139,1,32
62.33.146.238,1,56
110.249.236.206,1,69
118.204.144.111,1,60
24.43.71.105,1,32
85.68.17.89,1,56
85.69.115.229,1,56
79.83.218.144,1,40
85.68.17.69,1,56
52.118.20.155,1,32
85.69.115.83,1,56
23.90.227.153,1,32
85.64.128.223,1,56
47.51.68.45,1,32
85.69.114.59,1,56
223.58.45.180,1,60
116.2.252.86,1,132
23.107.92.245,1,32
213.139.89.38,1,40
85.69.115.188,1,56
89.31.25.3,1,32
67.195.195.56,1,32
116.45.96.22,1,52
74.101.162.177,1,32
125.33.33.55,1,44
40.130.248.117,1,32
45.71.139.35,1,32
124.34.152.123,1,32
105.111.203.89,1,60
179.183.131.104,1,44
94.0.254.185,1,32
179.231.181.134,1,32
123.120.65.102,1,32
85.69.112.150,1,56
182.128.90.78,1,32
124.239.185.146,1,76
213.71.139.123,1,32
162.98.154.164,1,32
191.26.100.236,1,32
178.38.217.137,1,52
45.5.153.125,1,40
182.8.189.141,1,32
190.225.126.57,1,32
196.87.69.53,1,32
73.217.254.147,1,32
188.139.123.30,1,40
216.68.150.250,2,143
63.151.127.215,1,32
126.189.185.183,1,32
59.58.155.101,1,113
75.230.109.191,1,32
179.84.106.122,1,32
200.55.25.78,1,32
34.204.21.229,1,52
188.145.19.173,1,40
14.76.153.225,1,32
119.28.72.160,1,32
142.220.1.52,1,32
186.190.137.147,1,32
171.205.118.63,1,58
59.3.29.31,1,32
54.48.155.143,3,526
103.2.95.142,1,60
85.150.77.101,1,32
45.40.177.19,1,40
92.55.34.33,1,32
96.194.195.189,1,32
172.206.3.126,1,32
41.215.199.132,1,32
60.80.75.216,1,76
24.52.26.179,1,32
139.173.159.2,1,40
212.112.113.205,1,32
138.186.161.183,1,44
138.185.19.224,1,44
78.54.231.202,1,32
220.158.105.196,1,60
156.101.72.11,1,32
95.164.27.222,1,32
111.85.218.227,1,32
123.145.101.103,1,32
185.55.68.176,1,32
200.97.203.108,1,32
2.16.130.78,1,60
110.236.196.141,1,60
162.3.164.117,1,32
114.241.42.102,1,40
177.32.196.71,1,32
179.57.219.224,1,60
52.101.248.239,1,52
181.175.111.239,1,40
87.226.88.0,1,32
82.56.122.106,1,40
187.17.90.170,1,32
193.212.115.64,1,32
187.148.50.100,1,40
89.121.173.209,1,32
114.59.190.172,1,52
202.183.185.58,4,885
122.57.238.106,1,44
46.224.97.50,1,32
46.145.52.23,1,44
92.42.209.222,1,40
82.114.81.198,1,32
67.185.160.0,1,32
2.65.183.103,1,40
91.3.84.120,1,32
189.234.65.124,1,32
112.174.123.123,1,32
68.69.97.112,1,32
175.244.227.30,1,32
216.17.151.41,1,32
89.214.30.234,1,40
43.197.40.49,1,60
46.241.191.250,1,32
204.141.74.53,7,781
69.6.18.37,1,40
80.205.43.57,1,32
5.141.118.112,1,40
171.207.84.237,1,76
117.224.231.163,1,32
222.109.96.59,1,40
71.230.250.68,1,40
209.39.164.178,1,32
39.59.68.203,1,32
158.81.81.180,1,40
80.223.191.14,1,32
124.34.8.158,1,32
118.75.227.73,1,60
93.148.177.254,1,32
204.57.187.46,1,60
91.52.3.139,1,32
125.249.238.94,1,52
213.20.30.188,1,32
192.176.17.233,1,56
27.249.64.50,1,48
180.97.53.103,1,52
80.14.21.10,1,56
71.230.250.13,1,40
186.187.194.178,1,32
99.57.123.69,1,32
69.4.249.113,1,40
101.112.102.39,1,40
93.207.251.35,1,32
74.193.223.255,1049,1430557
177.210.47.117,1,32
41.249.205.91,1,32
24.229.142.252,1,32
5.187.224.135,1,32
175.140.154.15,1,32
106.96.90.9,3,120
90.46.24.188,1,32
69.183.235.73,1,32
140.144.191.78,1,32
61.75.148.206,1,76
209.17.58.95,1,32
180.161.194.32,1,40
107.14.131.243,1,32
58.70.143.241,1,32
110.78.62.89,1,60
183.141.12.238,1,32
181.188.233.177,1,40
89.26.226.162,1,32
87.120.150.243,1,32
170.72.35.228,1,32
66.82.253.135,1,32
2.223.52.101,1,32
221.141.26.254,2,256
54.199.19.23,1,32
41.117.39.53,1,32
186.50.4.200,1,32
49.192.159.62,1,76
182.30.88.100,1,76
34.245.235.98,1,32
84.71.197.58,1,32
181.132.18.61,1,32
125.249.216.114,1,52
111.223.129.156,1,40
213.70.210.132,1,32
84.109.248.67,1,32
84.144.138.162,1,60
171.203.163.215,1,32
113.45.158.136,1,52
191.107.186.35,1,40
168.30.12.80,1,32
24.76.243.73,1,32
191.214.109.247,1,52
31.163.142.19,1,40
201.4.147.152,1,32
12.51.153.117,1,32
159.192.14.250,1,32
72.227.137.29,1,32
1.198.208.38,1,40
170.219.81.133,1,60
14.35.247.99,1,40
71.230.250.194,1,40
122.53.250.79,1,32
46.90.133.137,1,32
121.164.68.1,1,32
80.249.134.75,1,60
24.35.4.103,1,32
149.158.217.6,1,60
175.192.60.150,1,52
84.7.162.11,1,32
212.171.197.152,1,60
119.244.84.218,1,32
183.119.3.25,1,52
211.40.165.68,1,32
2.193.231.27,1,32
39.79.141.171,1,52
89.175.199.35,1,32
17.80.194.28,3,164
88.78.124.41,1,32
190.150.1.138,1,32
1.15.84.46,1,32
169.46.179.67,1,60
83.249.188.156,1,40
212.32.245.40,1,32
185.146.228.164,1,32
122.40.100.104,1,32
183.127.186.222,2,80
222.107.130.11,1,32
218.159.53.194,1,52
124.30.150.41,1,40
31.163.221.100,1,40
79.112.225.40,1,32
71.230.250.163,1,40
106.201.57.116,1,32
185.148.24.198,1,32
2.136.55.191,7,736
17.192.163.1,1,60
65.194.157.42,1,32
116.199.90.190,1,32
42.184.173.92,1,76
120.150.174.214,1,40
164.128.253.143,1,32
68.160.205.121,1,32
81.105.29.33,1,32
71.71.159.157,1,32
103.84.202.227,1,40
101.114.110.17,1,52
117.89.187.182,1,56
138.58.195.189,1,40
134.214.87.80,1,40
182.114.162.191,2,108
108.85.101.187,1,32
189.130.30.133,1,32
60.77.85.201,1,32
31.170.42.9,1,32
118.171.4.185,1,32
60.154.25.175,1,76
91.212.68.23,1,44
221.22.243.188,2,80
98.133.229.52,1,32
41.132.252.78,1,32
216.236.122.131,1,32
166.252.221.198,1,32
83.109.174.218,1,32
116.153.195.99,2,386
204.223.130.243,1,32
78.148.138.211,1,32
59.120.51.233,1,32
93.219.225.251,1,32
160.173.183.73,1,32
123.161.241.192,1,60
46.150.231.70,1,32
113.247.115.34,1,60
67.249.227.87,1,32
202.53.87.180,1,52
36.246.144.250,1,32
88.120.81.46,1,32
152.51.209.138,1,32
49.48.247.193,1,52
197.151.164.236,1,32
186.56.176.102,1,60
173.247.68.64,1,32
82.16.181.236,1,32
70.108.213.245,1,32
79.29.77.254,1,32
108.49.60.113,1,32
197.51.120.109,1,40
183.163.45.59,1,52
72.172.209.159,1,32
189.80.163.207,1,32
82.174.25.5,1,32
80.113.147.222,1,32
69.17.1.142,1,32
178.222.47.88,1,40
88.11.63.94,1,40
179.127.103.92,1,60
5.23.117.131,1,60
90.122.93.80,1,32
49.92.217.227,1,32
89.34.101.50,1,32
211.12.244.0,1,32
143.196.209.7,2,88
110.221.220.214,1,32
96.35.183.235,1,56
89.83.96.142,1,32
186.50.253.129,1,44
73.178.94.104,1,32
112.243.14.40,1,32
218.246.131.186,1,32
184.10.248.5,1,32
72.218.157.75,1,32
176.67.202.42,1,32
218.197.177.217,1,32
5.23.52.7,1,32
115.227.143.49,1,32
45.222.82.131,1,32
78.85.209.203,1,44
78.64.251.102,1,44
188.113.180.164,1,32
69.39.251.86,1,52
14.117.224.134,1,32
54.95.44.243,1,32
95.53.251.96,1,32
88.199.13.7,1,32
125.114.206.64,1,32
189.112.243.78,1,32
118.183.6.188,1,32
174.210.245.195,1,32
156.35.124.109,1,40
71.230.250.110,1,40
178.6.223.157,1,48
41.143.126.192,4,300
220.124.79.83,1,32
123.203.162.115,1,32
23.254.81.202,17,1288
183.154.99.9,1,32
24.211.2.72,1,32
108.159.2.213,1,32
88.23.19.84,1,60
95.141.29.50,1,32
52.23.42.53,1,32
123.204.28.117,1,32
182.164.164.67,1,32
85.217.154.185,1,32
112.247.214.23,1,32
176.119.177.204,1,32
71.230.250.49,1,40
75.124.11.68,1,32
139.242.127.198,1,60
124.90.246.167,1,40
59.126.38.182,1,32
221.18.59.222,1,40
200.231.188.70,1,60
203.136.241.14,1,44
103.228.240.181,1,32
69.252.46.78,1,60
98.231.24.41,1,32
113.63.26.16,1,52
130.39.167.2,1,64
67.87.177.94,1,32
103.192.235.218,1,40
91.123.190.88,1,32
91.138.239.53,1,32
115.28.59.158,1,32
84.70.116.42,1,32
178.231.228.174,1,32
183.227.133.244,1,60
112.25.115.79,1,76
66.71.25.104,1,32
219.0.170.123,3,120
71.36.35.194,1,32
92.15.207.178,1,40
173.79.220.121,1,32
203.136.255.237,1,44
5.64.96.245,1,32
201.8.163.207,1,40
185.204.150.115,1,32
213.19.27.87,1,32
124.171.232.47,1,32
201.122.114.146,1,32
52.78.128.210,1,32
109.229.175.44,1,60
36.27.86.155,1,40
183.249.191.199,1,60
118.230.235.17,1,60
172.83.129.103,1,32
211.69.149.164,1,40
218.235.61.42,1,48
188.58.41.0,1,32
189.125.126.235,1,32
177.177.97.43,1,96
64.219.52.155,1,40
205.58.78.164,1,264
41.217.94.134,1,32
190.89.102.126,1,32
190.29.119.180,1,40
107.221.202.16,1,32
73.236.35.0,1,32
188.78.251.108,1,32
69.209.117.25,1,32
100.224.142.113,1,32
110.138.74.198,1,32
98.126.103.89,1,32
42.243.16.155,1,132
119.124.146.118,1,52
14.69.104.2,1,48
183.81.116.178,1,32
188.86.75.73,1,32
173.125.1.57,1,32
73.117.175.109,1,32
81.82.167.137,1,32
71.230.250.21,1,40
79.200.25.90,1,32
46.110.130.114,1,32
46.8.134.68,1,32
14.130.119.190,1,60
125.234.134.100,1,132
112.194.228.55,1,32
39.21.171.117,1,32
76.254.243.95,1,32
91.72.67.42,1,32
218.207.2.99,1,32
187.101.242.62,1,32
153.96.1.98,1,48
37.189.44.50,1,40
164.48.28.93,1,44
181.134.129.129,1,32
213.184.196.91,1,32
178.215.147.66,1,32
60.241.27.119,1,32
172.249.30.61,7,523
73.43.191.155,1,32
76.213.70.27,1,32
112.133.7.86,1,32
2.199.89.86,1,32
118.194.177.17,2,80
180.96.38.214,1,32
110.75.124.170,1,32
87.28.83.252,1,44
188.58.201.100,1,32
24.67.202.174,1,32
52.95.201.7,6,594
115.27.151.106,1,48
47.191.39.39,1,40
79.196.10.22,1,32
147.104.107.203,1,40
134.214.83.31,2,80
82.227.97.54,1,44
191.85.206.168,1,44
73.245.82.251,1,32
23.218.211.91,3,491
94.158.110.178,1,32
42.180.93.157,1,40
203.104.30.145,1,52
162.45.87.248,1,32
109.201.98.182,1,32
118.99.215.168,1,40
194.247.63.107,1,60
76.137.67.138,1,32
118.250.27.197,1,32
218.144.106.45,1,52
104.92.168.176,1,32
139.235.161.242,1,76
5.35.108.132,1,52
18.231.232.82,5,371
175.117.157.112,1,32
165.162.161.162,1,32
178.223.106.90,1,40
212.91.158.53,1,32
46.5.202.160,1,32
41.165.43.57,1,40
51.61.133.147,1,40
46.16.69.142,1,32
95.161.101.152,1,32
65.246.184.38,1,32
52.249.12.98,1,76
39.9.112.135,1,76
88.226.164.214,1,32
67.72.125.14,1,32
99.239.176.0,1,32
49.222.195.100,1,48
31.166.31.56,1,32
98.14.64.198,1,44
196.180.49.67,1,45
86.170.10.154,1,60
186.217.101.81,1,32
188.163.119.182,1,52
183.161.177.182,1,58
93.158.146.207,1,32
114.204.48.197,1,32
211.236.126.184,1,40
190.158.141.223,1,32
96.64.158.128,2,80
77.32.254.123,1,32
104.32.5.20,1,32
153.98.92.145,3,120
168.35.159.117,1,52
211.75.206.199,1,32
211.236.31.61,1,60
120.220.149.70,3,546
24.196.236.206,1,56
60.220.142.53,1,32
93.218.198.129,1,32
115.21.231.90,1,132
189.200.123.30,1,32
37.126.38.87,1,48
190.207.1.7,1,32
125.108.201.111,1,40
93.158.79.99,1,60
197.55.97.201,1,48
188.28.30.189,1,32
98.65.68.98,1,32
141.120.187.130,1,32
60.23.55.196,1,32
200.216.141.13,1,32
61.70.204.2,1,52
213.208.27.177,1,60
171.224.130.253,1,132
218.99.6.150,1,32
197.145.114.196,1,32
175.100.176.136,1,48
114.172.245.169,1,48
220.198.182.161,1,52
85.229.225.80,1,32
193.211.179.6,1,32
218.252.28.49,2,80
37.55.148.114,1,32
118.230.9.11,1,52
14.129.253.65,1,32
42.48.220.121,1,58
203.136.241.9,1,44
117.102.194.119,1,32
177.65.69.78,1,40
82.29.24.45,1,32
83.249.89.30,1,40
174.221.62.13,1,32
23.218.212.227,1,168
104.128.80.1,2,341
13.207.189.149,1,76
70.188.96.45,1,32
93.183.187.196,1,32
186.231.89.107,1,44
5.23.118.117,1,60
181.51.112.177,1,32
14.219.110.50,1,60
190.206.25.136,1,32
91.173.134.145,1,32
112.200.26.2,1,40
120.185.231.40,1,32
91.163.42.19,1,32
210.253.35.237,1,32
47.89.102.244,1,32
201.233.2.25,1,32
197.41.230.159,1,40
103.73.62.146,1,40
184.116.100.4,1,64
108.200.130.85,1,32
94.126.129.47,1,32
27.63.156.173,1,32
180.108.1.183,1,48
14.98.44.66,1,32
168.61.75.43,1,32
123.185.170.101,1,76
139.173.163.35,2,80
195.67.221.50,1,40
108.182.91.52,1,32
41.248.204.58,1,32
151.222.231.116,1,32
24.116.212.8,1,32
114.162.135.128,1,32
203.136.253.155,1,44
37.213.158.135,1,32
85.61.180.131,1,83
84.197.208.216,1,32
84.87.53.222,1,32
212.164.102.12,1,32
89.143.212.171,1,32
221.24.197.38,1,60
180.158.72.208,2,80
104.71.77.51,1,32
82.168.153.235,1,32
107.185.238.194,1,32
221.136.92.201,1,32
2.165.14.16,1,32
83.149.5.219,1,44
217.144.58.38,1,96
35.80.211.21,1,32
124.33.114.212,1,48
50.247.254.67,1,32
113.147.85.150,1,60
52.15.51.144,1,76
113.202.217.239,1,32
79.7.105.81,1,32
106.75.193.123,1,60
151.231.22.87,1,44
187.173.188.246,1,32
93.222.27.182,1,32
180.161.29.152,1,40
34.227.179.92,1,32
200.217.1.168,1,44
134.214.247.119,2,80
216.68.133.198,12,6789
222.140.47.235,1,40
180.141.225.205,1,52
210.152.109.221,1,164
59.2.228.122,1,32
172.103.170.64,1,40
88.117.90.162,1,32
122.56.252.208,1,44
50.177.99.63,1,32
121.117.70.98,1,48
62.91.91.218,1,32
86.183.181.126,1,56
179.134.111.212,1,32
12.35.190.94,1,32
128.221.90.140,5,200
94.236.228.253,1,40
191.221.100.61,1,40
151.28.195.10,1,32
201.72.9.128,1,44
68.20.194.56,1,32
54.224.4.242,1,32
45.126.190.155,1,32
86.198.1.163,1,32
81.234.231.194,1,32
182.24.210.208,1,52
212.125.112.105,1,32
213.164.217.159,1,32
141.207.6.253,2,135
64.192.194.1,1,32
189.64.64.123,1,32
113.204.104.208,1,56
71.230.143.40,1,58
76.75.153.91,1,32
37.17.200.141,1,40
190.212.124.89,1,32
199.25.185.179,1,32
218.128.54.164,1,32
37.48.249.120,1,32
178.98.85.111,1,32
156.62.89.218,1,40
116.251.193.149,1,32
179.156.15.141,1,32
185.91.93.48,1,40
17.192.163.166,2,157
46.107.80.38,1,52
177.246.142.173,1,32
219.89.81.132,1,32
121.106.181.115,1,52
222.219.141.17,1,76
78.51.227.160,1,32
190.164.220.99,1,32
2.203.4.215,1,32
119.133.9.198,1,52
104.128.84.28,1,146
105.133.226.142,1,32
90.113.149.30,1,40
46.249.232.198,1,32
114.53.99.101,1,76
13.160.187.4,1,52
92.195.242.84,1,32
111.175.90.133,1,40
80.218.85.235,1,32
217.174.7.112,1,60
23.230.123.186,23,13986
175.239.193.233,1,32
60.67.35.62,1,32
61.79.43.255,1,48
93.15.173.176,1,32
187.221.162.238,1,32
210.155.78.18,1,611
91.214.100.51,1,32
89.12.246.133,1,32
120.192.215.35,1,40
125.69.167.8,1,32
154.197.241.86,1,32
45.79.254.224,1,60
174.179.178.227,1,32
178.55.34.126,1,32
45.5.240.21,1,32
89.231.219.63,2,80
115.31.33.136,1,32
170.8.99.74,1,32
27.37.199.210,1,76
82.144.146.117,1,32
220.44.50.38,1,32
123.233.9.107,1,48
112.178.67.82,1,32
196.251.161.97,1,32
112.182.121.172,1,32
54.48.147.122,1,76
199.81.253.4,1,32
190.6.94.81,1,32
41.172.152.134,1,40
66.255.189.149,1,32
125.254.196.45,1,52
175.141.27.144,1,32
210.58.45.91,1,32
43.222.49.91,1,60
172.25.179.200,1,40
160.122.99.48,1,32
63.219.188.27,1,32
77.45.13.33,1,32
111.173.48.109,1,32
41.143.156.81,1,32
179.92.246.103,1,40
13.206.69.35,1,76
124.59.96.200,1,48
129.226.98.220,1,32
94.229.196.127,1,32
18.152.197.123,1,32
184.161.192.76,1,32
211.92.162.255,1,32
187.214.145.89,1,32
62.166.31.222,1,32
96.221.241.97,1,32
101.121.228.114,1,40
95.24.244.235,1,60
37.44.243.52,1,32
186.32.199.202,1,32
213.75.161.43,1,56
126.89.249.176,1,32
221.7.84.194,1,76
220.171.42.206,1,48
221.94.90.146,1,32
178.223.107.117,1,40
79.118.156.171,1,32
12.22.67.116,1,32
49.86.168.25,1,32
80.210.62.130,1,40
107.193.20.24,1,32
194.36.254.23,1,32
91.70.62.193,1,32
85.84.222.167,1,32
2.168.12.137,1,32
114.167.219.44,1,52
193.247.31.132,2,80
176.95.167.186,1,60
129.25.190.191,1,32
175.203.186.72,1,32
34.202.215.156,1,32
184.168.210.0,1,32
166.250.132.237,1,32
178.243.66.224,1,40
116.167.114.43,1,32
151.150.76.96,30,35779
122.62.147.16,1,44
82.82.255.168,2,269
45.126.28.94,2,80
81.84.228.157,1,32
190.250.4.150,1,32
27.56.218.151,1,60
126.152.134.86,1,32
118.204.10.121,2,108
151.30.98.199,1,32
115.242.61.39,1,32
168.27.178.20,1,32
68.206.176.216,1,32
188.48.197.164,1,32
1.233.14.133,2,161
95.237.85.197,1,32
92.13.1.28,1,32
54.243.224.5,3,377
222.77.13.84,1,32
217.110.23.168,1,32
24.122.80.101,1,32
211.118.147.22,1,32
71.230.250.73,1,40
74.38.51.89,1,32
4.97.222.170,1,32
77.73.89.98,1,32
84.90.95.15,1,32
34.222.134.198,1,32
114.170.238.124,1,32
61.207.212.42,1,32
118.248.121.63,2,80
222.152.66.145,1,44
91.172.166.107,1,56
112.48.37.93,1,48
98.152.200.73,1,32
141.224.166.182,1,60
191.214.249.189,1,32
78.115.221.9,1,40
196.206.110.208,1,32
125.66.191.191,1,32
90.15.36.15,1,32
76.95.178.138,1,32
183.68.51.249,1,32
95.129.17.105,1,32
13.218.12.71,1,40
106.48.25.202,1,76
119.207.211.244,1,32
93.7.67.208,1,32
179.52.243.216,1,32
88.93.152.74,1,32
68.148.135.11,1,32
103.86.214.0,1,90
195.252.114.32,2,505
27.238.232.24,1,40
187.77.127.33,1,32
46.192.134.85,1,32
171.210.66.103,1,76
27.66.183.223,1,76
78.224.146.5,1,32
3.198.167.59,1,32
172.118.156.10,1,32
94.158.47.89,1,44
80.193.195.180,1,32
170.12.131.114,1,60
93.64.168.250,1,40
2.199.245.80,1,60
83.86.34.21,1,32
178.242.165.230,1,60
222.106.227.36,1,32
47.38.54.171,1,32
212.116.119.8,1,32
189.69.169.105,1,32
50.164.173.5,1,32
5.250.3.49,1,32
89.198.1.185,1,32
64.188.217.22,1,32
121.177.130.229,1,32
69.199.91.217,1,40
170.12.26.186,1,60
212.181.44.246,1,56
24.53.164.123,1,32
97.49.81.13,1,32
147.97.92.18,1,32
73.166.126.171,1,32
190.200.224.52,1,32
46.128.13.114,1,32
38.130.52.125,1,52
84.170.97.149,1,32
116.104.21.117,1,76
71.230.250.185,1,40
34.211.190.117,1,32
66.134.245.142,1,32
94.107.2.245,1,32
88.176.233.3,1,40
94.48.23.53,1,48
37.17.193.116,2,80
109.114.34.24,1,32
99.40.221.149,1,32
72.196.18.216,1,32
201.76.218.194,1,60
218.7.67.174,1,56
183.71.70.235,1,32
93.58.182.66,1,32
36.17.139.112,1,40
84.58.9.242,1,32
201.115.249.143,1,32
139.253.13.129,1,32
123.56.62.167,1,32
82.226.68.112,1,32
78.43.8.68,1,32
83.151.6.199,1,32
97.29.189.227,1,32
73.115.169.155,1,32
5.189.29.89,1,125
171.152.53.128,1,32
119.135.66.19,1,76
182.41.46.41,1,32
222.129.127.191,1,32
191.111.241.21,1,32
64.247.70.161,1,32
191.122.224.125,1,32
101.231.181.189,1,32
192.227.96.252,1,52
124.78.100.86,1,32
62.47.47.128,1,32
173.199.171.167,1,32
178.223.252.36,1,40
72.163.181.5,1,32
182.89.136.193,1,87
74.249.179.11,1,32
49.221.179.40,1,40
219.199.112.106,1,32
200.4.254.251,1,32
192.242.193.129,1,32
37.17.215.51,1,40
140.205.88.88,1,108
49.144.61.129,1,60
42.19.51.29,1,60
37.17.171.20,1,40
113.247.77.38,1,60
187.159.69.138,1,96
220.54.76.173,1,32
54.244.142.17,1,32
136.103.209.15,1,32
81.201.21.75,1,56
88.89.161.201,1,32
66.57.143.158,1,32
50.17.188.65,1,32
211.224.27.197,1,32
120.146.92.119,1,32
35.74.42.110,1,40
67.247.20.43,1,32
116.216.125.1,1,32
83.30.163.4,1,32
218.221.197.36,1,32
109.151.84.75,1,32
52.255.117.2,1,52
23.54.185.55,1,32
61.69.200.156,1,32
1.64.28.91,1,32
49.125.243.200,1,32
217.57.14.118,1,32
218.170.18.231,1,60
149.250.131.22,1,48
111.183.149.148,2,80
222.137.59.235,1,48
61.194.210.208,1,32
185.143.103.66,1,32
164.81.192.61,1,32
119.99.107.228,1,32
103.72.27.25,1,40
99.67.187.160,1,32
216.244.199.233,1,32
189.100.62.41,1,44
71.55.110.66,1,32
183.117.100.209,1,32
14.91.26.242,1,32
76.155.38.187,1,32
89.107.186.182,1,32
1.2.34.219,1,32
218.92.0.108,1,32
5.64.104.154,2,80
217.110.17.55,1,60
115.201.232.20,1,32
91.28.68.156,1,32
165.116.241.89,1,440
187.254.24.119,1,32
114.233.151.232,1,40
123.119.125.177,1,52
52.163.225.58,6,4146
95.218.42.198,1,32
128.37.42.110,1,32
220.252.25.43,1,60
52.51.179.249,2,120
71.80.130.25,1,32
41.46.22.120,1,40
65.169.254.136,1,32
194.203.53.153,1,32
122.224.9.72,1,48
181.167.36.223,1,32
98.42.231.15,1,32
27.122.128.105,1,52
38.146.48.6,1,32
186.51.91.230,1,44
93.249.236.198,1,32
190.3.163.57,1,32
209.98.110.240,1,56
99.33.211.120,1,32
67.82.58.129,1,96
49.144.59.85,1,48
182.89.137.202,6,5992
218.156.206.16,1,60
107.182.92.13,1,32
203.220.166.26,1,40
24.165.126.89,1,32
1.221.179.70,1,32
119.20.28.243,1,32
177.61.101.250,1,32
17.192.163.95,1,105
206.23.201.124,1,32
185.133.221.239,1,40
217.92.103.191,1,32
192.33.47.55,3,215
186.40.163.18,1,32
71.230.250.136,1,40
115.63.228.235,1,32
180.140.119.168,1,32
24.235.71.132,1,32
182.48.200.22,1,32
71.230.250.147,1,40
91.134.29.53,1,32
162.98.86.2,1,71
128.1.95.58,1,32
182.163.155.109,1,32
218.166.53.130,1,32
71.230.250.170,1,40
106.19.27.112,1,32
12.10.87.106,1,32
180.163.2.144,1,76
41.242.12.6,1,40
52.85.81.51,6,5544
223.48.178.129,1,32
79.55.97.188,1,32
60.211.251.158,1,76
64.204.173.111,1,32
125.213.169.255,1,60
37.17.222.251,1,40
66.90.58.250,1,76
138.59.111.1,1,32
89.32.67.191,1,32
27.201.188.255,1,40
61.60.204.81,1,32
76.246.27.212,1,32
84.125.167.89,1,32
64.160.77.50,2,92
180.134.61.249,1,48
115.207.211.209,1,32
94.112.40.182,1,32
196.247.172.115,1,32
81.122.139.252,1,32
112.26.199.13,1,132
201.146.147.187,1,40
117.112.30.213,1,60
74.232.33.139,1,32
121.34.24.2,1,76
219.218.50.155,1,32
5.64.104.128,1,40
2.160.218.32,1,32
41.161.89.146,1,40
73.144.91.123,1,32
146.15.200.183,1,32
151.235.196.15,1,32
122.57.30.253,1,44
60.155.6.101,1,32
175.116.28.152,1,32
83.167.12.92,1,60
73.240.41.113,1,32
203.19.247.255,22,32019
74.255.87.150,1,32
147.253.163.47,1,32
34.232.248.35,25,25705
180.136.177.113,1,32
172.249.162.30,5,3264
13.205.198.148,2,1026
119.58.172.214,1,32
66.221.217.144,1,32
61.5.96.41,1,48
123.140.47.54,1,44
183.137.182.115,1,32
217.50.251.112,1,32
107.142.102.153,1,32
77.226.2.59,1,32
180.191.210.228,1,32
24.22.115.190,1,32
190.24.247.190,1,40
65.159.60.168,1,32
172.103.173.194,1,40
110.105.166.148,1,32
196.76.183.210,1,60
98.139.50.221,1,32
85.245.14.136,1,32
116.186.248.62,1,32
125.32.255.196,1,44
190.254.23.138,1,40
108.67.237.179,1,32
112.52.135.100,1,32
217.55.94.251,1,32
172.69.54.64,1,32
54.227.45.54,4,985
1.11.206.75,1,32
125.33.105.55,1,44
89.27.5.55,1,44
221.167.164.15,1,32
189.223.242.96,1,32
14.222.49.52,1,60
68.232.173.42,1,32
69.136.79.251,1,32
2.7.159.69,1,32
117.239.20.152,1,32
85.138.22.232,1,32
86.218.186.145,1,40
182.154.126.161,1,40
42.84.156.108,1,32
85.2.15.243,1,32
61.24.217.154,1,40
73.2.216.201,1,32
185.134.241.63,1,32
59.124.42.240,1,40
81.184.104.104,1,32
69.154.57.92,1,32
88.185.166.247,1,40
180.142.22.187,1,40
212.90.190.134,1,40
37.123.242.43,1,32
162.30.138.104,1,40
179.83.96.143,1,32
151.187.200.23,1,32
54.55.82.176,1,32
166.156.52.55,1,32
213.232.20.165,1,32
178.220.180.32,1,52
188.12.244.153,1,60
179.120.64.27,1,32
177.82.81.171,1,32
201.182.88.11,1,32
93.248.59.207,1,32
98.243.50.247,1,32
210.33.118.19,1,32
75.247.206.71,1,32
75.111.187.2,1,32
190.194.129.7,1,123
13.30.211.129,1,76
194.88.72.210,1,32
82.50.219.183,1,32
122.42.65.82,1,32
62.210.29.232,1,32
83.254.244.152,1,40
42.93.207.18,1,76
196.128.117.105,1,40
205.58.73.2,1,271
86.117.47.91,1,32
120.210.228.114,1,32
183.143.35.98,1,32
194.208.58.212,1,52
23.253.68.228,1,32
123.189.105.229,1,32
50.51.171.166,1,32
218.12.159.125,1,40
42.230.94.194,1,32
1.140.18.123,1,48
36.25.139.128,1,32
24.187.51.200,1,32
186.30.117.50,1,56
74.193.23.173,1,52
80.211.71.16,1,32
37.243.48.215,1,32
197.35.254.61,1,40
83.18.66.70,1,44
84.137.59.133,1,32
87.62.10.201,1,32
175.247.128.52,1,32
99.20.75.74,1,32
123.182.186.77,1,76
122.143.91.3,1,32
121.181.106.175,1,40
198.180.148.78,1,32
156.46.170.70,1,40
126.128.237.1,1,32
110.208.117.189,1,32
218.227.134.2,1,32
117.239.30.206,1,48
101.58.118.144,1,32
103.213.174.206,1,40
222.178.87.116,1,32
98.10.50.87,1,32
114.106.237.25,1,48
87.229.29.113,1,32
185.26.96.77,1,32
172.249.25.190,8,735
172.249.28.98,1,40
100.211.88.85,1,32
91.14.35.180,1,32
183.165.204.33,1,96
62.140.248.222,1,32
216.68.133.224,2,80
172.249.30.188,2,80
124.41.120.202,1,56
46.42.110.143,1,40
94.212.24.20,1,32
94.19.219.79,1,32
211.106.105.200,1,32
213.248.131.184,1,32
87.20.198.89,1,32
91.115.222.148,2,80
74.193.12.77,915,1324308
123.116.206.108,1,32
52.254.49.142,1,40
91.228.205.58,1,32
36.216.117.169,1,40
14.119.153.148,1,32
49.203.237.66,1,132
42.110.63.135,1,40
96.39.102.253,1,32
114.237.23.13,1,76
219.109.240.212,1,32
78.160.190.232,1,32
171.225.135.203,1,132
49.198.243.240,1,52
182.215.205.52,1,32
217.31.187.184,1,32
113.48.68.142,1,52
189.5.121.140,1,32
209.62.107.28,1,56
62.248.88.235,1,32
172.249.162.192,1,48
14.39.6.90,1,32
113.40.6.106,1,48
58.27.50.80,1,76
23.99.46.0,1,32
77.30.74.142,1,32
121.155.207.164,1,32
2.100.139.116,1,32
49.206.219.85,1,76
168.78.217.6,1,60
147.147.220.101,1,32
182.53.172.115,1,132
82.59.180.91,1,32
78.234.54.223,1,52
178.223.106.91,1,40
60.227.242.74,1,32
24.210.100.70,1,32
205.58.74.35,2,379
221.7.84.99,1,76
186.136.214.140,1,32
52.85.78.110,2,135
31.163.115.181,1,40
218.14.106.28,1,32
143.192.34.163,1,32
94.198.33.8,1,40
17.193.171.235,1,76
96.48.146.123,1,32
107.161.102.163,1,32
112.212.76.162,1,32
118.239.120.191,1,32
177.202.98.254,1,32
65.123.51.207,1,32
179.93.29.219,1,32
71.230.250.1,1,40
195.92.36.77,1,32
177.175.220.169,1,32
202.126.3.249,1,32
181.102.229.14,1,32
24.10.190.229,1,32
52.250.61.33,2,80
99.40.37.116,1,32
190.180.107.64,1,32
223.156.193.150,1,32
58.33.103.235,1,32
177.149.124.33,1,60
67.15.211.91,1,32
72.24.174.236,1,32
101.62.79.33,1,32
90.85.198.90,1,40
79.206.56.195,1,32
172.100.104.195,1,32
95.140.188.195,1,32
218.6.128.215,1,32
210.240.184.72,1,32
210.34.124.186,1,88
89.41.233.100,1,32
31.135.216.68,1,60
124.162.134.11,1,32
88.11.63.93,2,80
78.112.217.100,1,32
109.109.120.148,1,32
96.93.155.206,1,32
24.228.179.187,1,32
39.16.30.60,1,76
163.96.87.221,1,84
124.60.176.35,1,32
27.50.158.209,1,48
189.93.205.249,1,32
83.6.84.68,1,32
199.162.7.101,2,116
45.116.136.62,1,60
185.195.118.94,1,32
213.0.132.190,1,32
1.3.156.158,1,32
173.165.41.17,1,32
89.133.226.91,1,32
218.99.215.121,1,40
185.238.60.114,1,84
189.211.92.111,1,32
74.201.55.192,1,56
222.165.92.77,1,32
73.105.223.241,1,32
111.123.59.245,1,52
184.99.189.17,1,32
78.140.35.8,1,32
80.213.158.251,1,32
78.255.159.135,1,40
200.167.77.21,1,32
115.21.206.149,1,32
173.107.5.158,1,52
67.222.54.24,1,32
125.234.112.201,1,32
85.120.25.29,1,40
218.206.140.206,1,60
92.33.113.207,1,32
118.115.14.220,1,52
117.232.113.192,1,32
139.173.157.40,1,40
177.190.74.94,1,32
95.0.63.109,1,32
103.112.173.115,1,52
176.91.152.237,1,32
109.237.241.157,1,32
171.200.160.170,1,32
38.141.78.130,1,40
208.123.79.45,1,142
34.199.196.61,1,32
4.127.203.42,1,60
212.179.49.13,1,32
1.222.102.18,1,32
84.216.197.148,1,32
83.76.141.201,1,32
139.253.171.204,1,40
190.42.67.24,1,32
59.29.248.77,1,32
24.181.115.116,1,32
67.74.82.65,1,32
73.5.220.41,1,32
187.114.156.210,1,32
202.182.92.23,1,32
37.42.121.87,1,40
101.36.168.114,1,60
80.3.1.155,1,32
185.53.108.209,1,60
82.105.235.110,1,52
92.75.189.76,1,76
1.61.208.167,1,60
177.186.43.107,1,32
120.171.159.153,1,32
78.0.74.188,1,44
118.49.85.153,1,86
67.192.193.170,1,32
115.89.234.14,1,60
86.155.100.55,1,32
190.132.235.254,1,32
41.104.216.159,1,32
213.186.65.22,1,32
72.72.189.6,1,32
109.37.10.81,1,52
87.55.73.91,1,32
14.171.125.161,1,32
105.136.190.68,1,32
194.146.242.120,1,32
201.116.33.55,1,32
198.52.194.185,1,108
39.48.145.172,1,32
177.173.220.5,1,32
112.167.145.94,1,32
73.102.178.223,1,32
221.125.14.167,1,32
123.235.205.139,1,32
79.49.230.38,1,32
105.130.85.34,1,32
87.94.159.215,1,32
180.32.146.205,1,32
27.39.33.214,1,32
60.228.200.102,1,32
45.251.169.59,1,32
24.168.242.41,1,32
196.251.216.92,1,32
175.242.164.221,1,32
69.234.178.236,1,40
203.39.191.176,1,32
113.67.131.31,1,32
36.170.53.91,1,55
95.60.253.219,1,32
185.187.95.225,1,32
189.3.207.164,1,32
201.74.54.75,1,40
92.194.153.164,1,40
219.7.190.147,1,32
76.131.50.158,1,32
120.116.9.245,1,32
104.255.156.169,1,60
112.171.66.198,1,32
84.127.34.62,1,32
76.69.200.106,1,32
121.169.114.81,1,32
196.254.228.23,1,32
49.144.61.184,1,132
72.144.104.77,1,32
91.107.26.226,1,32
216.68.133.202,1,52
213.80.91.123,1,32
172.249.29.71,3,363
139.68.148.128,1,60
121.170.102.41,1,60
150.145.169.226,1,44
59.24.112.131,1,32
200.18.36.9,1,32
175.137.24.20,1,52
126.254.3.63,1,32
12.113.203.119,1,32
112.186.221.163,1,40
69.35.2.105,1,32
2.234.12.245,1,32
24.2.52.56,1,32
5.161.14.35,1,32
34.233.125.17,1,52
119.78.105.217,1,32
108.80.161.119,1,32
91.130.161.252,1,32
188.22.148.179,1,32
173.226.48.115,1,32
162.59.219.176,1,32
122.59.197.188,1,44
113.210.52.187,1,48
190.71.199.45,1,32
111.204.64.215,1,32
70.59.69.29,1,32
119.75.46.185,1,32
94.61.50.227,1,32
68.252.46.241,1,32
202.83.249.59,1,32
17.199.26.235,1,140
106.68.212.6,1,52
49.105.6.211,1,32
54.181.60.46,1,76
13.161.239.27,1,52
218.138.52.225,1,32
177.176.254.8,1,44
114.165.31.242,1,40
124.40.18.90,1,76
76.219.249.197,1,32
84.130.191.129,1,32
78.247.72.150,1,32
179.180.212.100,1,52
98.35.28.79,1,32
144.219.153.193,1,32
107.206.28.57,1,32
166.166.202.159,1,32
67.202.209.161,1,32
63.198.73.53,1,32
93.44.19.226,1,32
194.2.217.137,1,32
77.176.98.118,1,32
67.76.87.183,1,32
188.197.201.134,1,32
151.110.36.190,1,32
91.49.130.83,1,32
162.194.80.122,35,5489
27.24.11.171,1,76
189.57.93.210,1,32
54.131.214.17,1,32
13.204.193.20,1,76
183.152.249.190,1,32
151.230.126.180,1,110
178.42.254.195,1,32
90.25.19.72,1,32
217.154.1.81,1,32
80.21.12.93,1,168
5.64.104.147,3,120
185.66.169.65,1,32
106.236.228.173,1,32
220.5.247.13,1,32
104.111.7.50,1,32
187.56.49.181,1,32
2.254.220.7,1,32
118.199.4.91,1,40
172.92.46.55,1,72
81.124.188.198,1,32
170.205.60.226,1,32
166.253.163.28,1,32
36.170.48.123,1,76
160.35.10.206,1,32
190.141.69.242,1,32
151.25.230.135,1,32
114.55.168.176,1,48
191.108.59.225,1,32
222.120.6.173,1,32
156.33.37.52,1,40
182.53.26.16,1,52
75.126.104.177,1,32
111.175.93.252,1,32
66.57.219.85,1,44
88.11.63.73,1,40
88.61.71.199,1,32
116.24.207.241,1,32
71.230.250.202,1,40
213.207.196.25,1,32
81.50.77.107,1,32
186.21.207.249,1,60
50.11.168.245,1,32
79.197.20.12,1,32
32.210.6.228,1,32
218.251.141.129,1,32
113.161.110.35,1,32
113.127.29.40,1,76
37.156.126.139,1,52
196.246.19.241,1,32
110.58.96.129,5,200
191.118.255.97,1,32
27.241.122.34,1,40
78.19.36.217,1,32
68.74.212.165,2,80
198.23.169.70,1,32
120.132.129.182,1,48
27.215.225.75,1,32
70.81.169.158,1,32
108.181.191.200,1,32
93.215.107.231,1,32
186.12.32.22,1,32
52.13.48.106,1,32
38.22.95.187,1,32
125.34.25.11,1,44
60.30.32.70,1,32
80.52.239.101,1,32
188.127.189.112,1,32
188.94.132.37,1,32
154.23.147.31,1,32
200.145.3.202,1,32
114.160.113.0,1,32
5.64.104.155,1,40
191.29.188.219,1,32
196.79.34.114,1,32
101.13.122.177,1,32
201.129.160.89,1,32
64.1.27.240,1,32
173.206.186.184,1,32
95.34.163.134,1,32
93.170.95.218,1,32
5.64.104.139,1,40
54.53.33.236,1,60
222.234.20.14,1,32
183.154.153.220,1,40
54.249.38.4,1,76
188.214.171.24,1,32
112.62.252.230,1,32
162.12.36.19,3,120
94.198.9.123,1,40
37.17.214.218,1,40
175.231.127.96,1,32
94.206.249.18,1,32
109.22.209.130,1,40
122.33.233.163,1,32
148.247.99.60,1,56
108.84.70.57,1,32
14.62.238.174,1,32
69.7.227.78,1,32
75.106.231.83,1,32
177.202.108.59,1,44
81.214.240.171,1,52
117.91.185.37,1,32
87.79.5.23,1,32
190.134.169.39,1,32
131.231.17.1,1,32
49.175.91.187,1,32
188.21.119.61,1,32
177.65.67.80,1,40
179.230.188.77,1,32
124.67.146.120,1,32
222.216.85.129,1,76
89.150.140.69,1,56
75.200.227.247,1,32
82.246.162.112,1,32
171.226.152.1,1,132
121.180.163.98,1,40
126.132.170.3,1,32
50.246.46.24,1,32
39.43.155.99,1,32
1.251.215.237,1,76
65.215.121.7,1,32
157.127.140.83,1,32
122.224.110.132,1,60
54.42.187.45,1,32
115.191.126.140,1,40
118.169.126.186,1,32
91.75.120.151,1,32
97.30.128.224,1,32
46.234.223.94,1,60
75.73.92.203,1,32
189.96.156.129,1,32
70.61.251.101,1,56
177.234.35.181,1,52
138.41.32.209,1,44
90.68.66.103,1,32
173.82.129.133,1,32
87.48.254.155,1,32
84.39.165.164,1,32
31.163.165.23,1,32
79.169.112.80,1,40
24.24.58.176,1,32
149.55.62.138,2,80
188.60.60.136,1,32
94.41.140.79,1,52
93.212.104.36,1,32
186.175.195.79,1,32
73.230.50.97,1,32
77.81.177.131,1,32
213.136.196.15,1,32
128.36.64.103,1,32
104.221.246.124,1,32
206.188.175.35,1,52
188.192.238.199,1,44
202.96.84.189,1,32
106.203.14.242,1,40
109.176.100.145,1,32
190.253.70.12,1,44
87.205.177.245,1,32
186.209.46.193,1,32
122.37.49.7,1,32
50.206.163.10,1,32
82.180.242.64,1,32
23.78.249.149,1,32
95.213.92.193,1,60
68.70.156.147,1,32
98.124.164.101,1,32
210.111.133.94,1,40
160.27.64.9,1,32
76.148.7.222,1,32
81.187.1.179,1,32
64.214.76.20,1,32
198.7.33.193,1,32
103.117.149.50,1,32
59.62.229.118,1,40
94.254.114.184,1,32
76.213.34.171,1,56
91.182.151.242,1,32
114.36.4.248,1,92
181.220.60.183,1,40
94.248.41.122,1,32
39.36.128.208,2,120
46.214.97.130,1,32
203.161.249.32,1,32
211.62.103.243,1,40
173.111.228.195,1,32
151.176.92.218,1,32
221.221.237.187,1,32
54.186.166.138,1,167
103.45.135.214,1,76
68.185.27.163,1,32
73.25.210.201,1,32
88.27.174.238,1,32
180.149.157.119,1,40
109.212.41.246,1,32
182.50.224.197,1,60
220.60.68.67,3,120
188.199.169.64,1,44
92.251.217.143,1,32
47.128.75.154,1,40
96.210.60.47,1,32
213.205.72.82,1,32
169.52.207.83,1,71
80.119.152.36,1,32
49.48.100.239,1,32
103.236.18.75,1,52
94.94.58.5,1,40
64.249.115.202,1,60
124.228.242.130,1,52
185.40.219.3,1,32
212.12.57.77,1,32
59.7.243.200,1,40
190.178.180.25,1,60
35.123.92.78,1,32
58.55.163.215,1,32
24.189.105.39,1,32
2.161.139.192,1,32
193.249.155.201,1,48
115.253.248.83,1,32
210.152.188.75,1,160
131.34.220.55,1,32
85.206.190.32,1,32
191.74.84.2,1,32
114.175.235.55,1,32
204.13.80.184,1,32
39.41.122.203,1,40
69.193.191.42,1,60
187.91.205.23,1,32
74.200.136.197,1,87
191.74.255.66,1,60
73.200.28.132,1,32
122.11.156.185,1,32
5.98.182.195,1,32
113.56.110.10,1,60
78.8.41.247,1,32
71.230.250.93,1,40
179.204.198.128,1,32
151.24.167.17,1,32
187.175.71.150,1,32
178.105.199.38,1,32
104.227.198.181,1,32
79.46.142.6,1,32
60.194.47.226,1,32
121.123.243.229,1,40
93.68.54.24,1,32
197.59.160.131,1,32
102.198.63.122,1,32
52.67.120.226,1,32
161.237.245.6,1,32
157.201.245.89,1,60
199.187.228.188,1,32
61.209.174.85,1,40
90.113.144.104,1,40
189.139.151.15,1,32
104.7.81.120,1,32
62.101.124.198,1,32
219.252.205.253,24,6056
115.65.86.222,1,44
217.175.171.91,1,32
73.139.66.59,1,32
157.60.49.146,1,32
60.26.0.42,1,60
121.87.132.146,1,60
92.93.204.224,1,44
93.118.242.36,1,32
54.163.38.43,1,32
217.255.68.73,1,32
59.0.24.94,1,32
76.245.31.157,1,32
103.40.247.184,1,32
159.52.182.48,1,40
183.158.92.27,1,32
209.102.23.114,1,32
77.173.189.78,1,32
124.35.17.162,1,32
180.134.44.196,1,32
83.9.86.139,1,32
102.85.64.130,1,32
113.49.73.102,1,48
173.65.209.37,1,32
1.52.125.155,1,48
60.35.145.33,1,40
176.8.13.254,1,32
35.84.25.220,2,619
63.216.158.206,1,32
27.250.87.252,1,48
212.128.29.122,1,60
113.149.150.127,1,40
18.178.112.71,1,76
88.45.240.71,1,78
107.136.92.66,1,32
89.184.10.112,1,40
192.240.67.4,1,40
141.42.5.235,2,100
82.137.51.181,1,32
62.70.214.18,1,32
182.53.159.139,1,60
181.18.2.140,1,32
122.57.162.86,1,44
112.139.15.40,1,32
111.246.8.150,1,32
79.143.157.189,1,32
218.7.94.188,1,56
58.237.203.239,1,40
213.51.88.237,1,32
23.235.83.5,1,32
68.71.218.70,1,32
221.131.174.120,1,40
78.14.48.95,1,32
1.143.153.120,1,60
74.251.191.29,1,32
63.227.164.21,1,32
91.69.66.15,1,32
221.31.160.174,1,32
182.245.33.65,1,56
67.79.106.81,1,32
101.32.100.229,1,56
72.73.155.165,1,32
211.43.159.61,1,32
219.123.178.59,1,32
216.172.116.248,2,80
14.213.103.47,1,52
2.71.227.1,1,32
52.6.92.41,1,32
91.106.91.174,1,32
179.89.4.207,1,32
87.88.237.204,1,32
192.35.118.161,1,32
123.209.180.205,1,32
193.217.142.102,1,32
202.86.66.131,1,32
220.48.115.228,1,32
218.27.17.132,1,32
113.112.54.58,1,76
5.40.62.163,1,32
70.58.36.135,1,32
88.105.83.56,1,40
175.139.218.90,1,40
82.172.218.53,1,32
50.23.66.125,1,32
222.237.109.16,1,32
119.66.116.26,1,76
85.52.38.189,1,32
123.123.175.8,1,32
2.139.81.167,1,32
35.51.9.36,1,40
49.176.99.97,1,32
80.126.164.171,1,32
203.149.15.18,1,32
79.139.156.71,1,32
149.148.161.248,1,96
173.215.227.140,1,32
82.47.217.170,1,32
71.230.250.255,1,40
200.120.32.153,1,60
80.231.30.119,1,56
175.163.176.221,1,32
152.63.145.114,1,60
92.68.38.99,1,56
113.11.177.78,1,60
185.45.160.71,1,44
186.85.46.159,1,32
220.147.201.50,1,44
54.60.219.10,1,32
80.231.26.174,1,56
182.155.77.50,1,32
5.45.54.79,1,32
210.42.51.200,1,32
189.56.164.178,1,32
92.68.38.209,1,56
1.73.18.11,1,32
118.41.30.110,1,32
83.114.156.252,1,32
178.114.184.242,1,44
222.105.96.202,1,32
123.190.250.192,1,52
104.136.129.107,1,32
41.161.255.92,1,40
176.28.101.97,1,32
5.152.59.87,1,32
80.200.177.98,1,32
106.201.146.201,1,48
202.228.117.199,10,3395
58.48.120.61,1,132
67.233.6.112,1,32
80.231.26.93,1,56
125.244.144.253,1,52
185.26.37.191,1,83
113.125.172.174,1,60
73.221.248.234,1,32
54.93.81.0,1,32
105.188.203.119,1,32
113.13.144.28,1,32
119.139.147.225,1,32
42.17.251.133,1,32
167.77.78.115,1,76
178.45.217.224,1,32
92.68.38.218,1,56
92.63.45.10,1,32
182.133.91.217,1,32
197.61.174.36,1,40
196.53.128.126,1,40
50.10.132.14,1,40
58.238.30.21,2,256
27.52.78.159,1,32
59.10.109.229,1,32
37.56.188.171,1,32
12.219.121.24,1,32
80.231.28.202,1,56
80.231.24.174,1,56
47.204.221.62,1,32
42.227.162.23,1,48
71.41.49.201,1,32
115.200.112.118,1,52
82.143.118.228,1,32
117.31.20.54,1,32
68.223.128.127,1,32
191.159.51.218,1,32
113.51.36.218,1,60
80.231.29.174,1,56
64.155.140.52,1,32
83.19.78.182,1,32
207.62.222.138,1,32
75.115.150.158,1,44
173.123.9.246,1,32
123.198.20.161,1,60
96.77.120.14,1,32
171.62.25.153,1,52
198.209.127.233,1,32
23.245.113.31,1,32
184.127.249.15,1,32
80.231.31.56,1,56
43.222.107.89,1,60
185.211.161.41,1,32
59.33.107.31,1,32
192.50.181.199,1,52
218.21.84.251,1,76
125.42.176.48,1,40
80.231.29.92,1,56
169.50.181.230,1,52
94.198.18.26,1,40
24.82.227.117,1,32
219.124.22.236,1,32
106.100.195.42,1,129
92.68.38.128,1,56
92.68.38.65,1,56
139.170.251.10,1,52
54.48.223.91,11,14094
211.19.110.42,1,32
146.108.78.63,1,32
66.230.76.63,1,32
182.48.90.5,1,48
62.211.68.38,1,32
159.177.188.150,1,32
96.74.114.30,1,32
221.186.134.158,1,32
179.255.171.219,1,32
197.55.168.196,1,40
35.82.174.226,1,32
58.51.91.236,1,76
86.136.183.63,1,32
174.234.27.182,1,32
106.68.205.204,1,32
177.138.150.12,1,40
89.132.99.178,1,32
39.11.202.236,1,32
69.109.83.190,1,32
124.126.116.96,1,48
94.195.118.42,1,40
195.30.124.251,1,32
116.147.158.88,1,60
79.203.93.107,1,32
221.1.43.108,1,76
87.77.190.61,1,32
192.36.76.242,1,32
111.244.126.22,1,52
113.33.104.239,1,52
115.47.14.155,1,32
177.30.113.108,1,32
93.127.204.8,1,32
50.252.115.108,1,32
74.208.134.138,1,32
171.211.84.128,1,40
47.192.167.158,1,44
185.182.103.146,1,730
87.19.127.183,1,32
123.183.77.194,1,76
86.250.205.28,1,32
13.206.253.118,1,76
27.57.2.152,1,32
172.249.30.182,8,4411
110.242.240.249,1,32
211.63.143.6,1,60
71.230.250.20,1,40
73.85.141.185,1,32
179.92.68.104,1,32
104.154.113.244,1,32
187.199.82.231,1,32
50.161.20.255,1,32
216.125.71.60,1,32
182.161.36.226,1,48
35.24.40.124,1,40
54.234.221.194,1,32
178.183.235.99,1,32
177.180.192.47,1,32
84.220.37.212,1,32
89.28.227.201,1,32
113.197.51.229,1,48
121.64.231.63,1,48
203.166.184.152,1,1464
162.10.172.14,1,60
49.210.68.11,1,60
178.176.247.68,2,100
85.189.253.71,1,32
14.177.213.100,3,396
71.240.218.188,1,40
188.207.178.225,1,32
216.5.195.58,1,32
18.224.244.165,1,32
64.209.56.254,1,32
37.98.52.229,1,32
52.245.134.11,2,263
71.230.250.95,1,40
50.14.234.18,1,40
188.250.134.35,1,32
124.239.71.127,1,132
88.232.206.201,1,32
113.6.208.35,1,48
111.121.179.116,1,58
189.149.101.64,1,40
23.9.229.114,1,60
188.216.186.215,1,32
1.28.143.152,1,32
61.122.9.69,1,32
109.210.248.46,1,60
90.113.150.35,1,40
85.88.255.48,1,32
65.210.66.236,1,32
138.214.220.191,1,32
37.240.73.109,1,32
110.247.56.164,1,32
139.173.140.86,2,80
27.233.139.57,1,76
110.242.152.185,1,60
220.61.108.39,1,32
172.249.25.139,2,104
31.222.145.113,1,32
74.167.212.57,1,56
185.89.50.185,1,32
189.196.252.126,1,56
185.250.101.142,1,60
52.122.63.254,1,32
130.33.208.85,1,32
91.7.47.181,1,44
171.206.61.245,1,32
222.89.21.165,1,56
211.178.135.115,1,32
201.47.79.10,1,40
5.40.154.151,1,44
198.26.20.6,1,32
87.22.198.84,1,32
151.150.78.118,3,1378
76.150.155.180,1,32
145.145.210.104,1,32
179.123.120.43,1,32
47.32.205.172,1,32
190.212.19.185,1,60
174.152.70.208,1,32
104.230.159.248,1,32
78.205.156.119,1,32
104.7.145.190,7,1047
187.10.250.234,1,44
94.200.118.169,1,40
115.237.54.227,1,32
34.222.204.98,1,52
174.170.58.53,1,32
1.196.227.209,1,32
84.84.201.143,1,32
117.76.32.254,1,32
34.228.250.69,1,215
18.244.86.197,1,32
87.66.76.51,1,32
185.96.173.37,1,52
37.17.163.112,1,40
198.82.63.170,1,32
192.148.63.93,1,32
165.112.66.221,1,32
114.51.223.131,1,32
203.136.241.34,1,44
77.238.136.67,1,44
177.114.125.201,1,32
191.193.125.35,1,32
17.199.46.67,1,116
222.116.115.168,1,32
206.76.92.243,1,32
108.212.135.25,1,32
210.139.204.78,1,32
186.210.210.194,1,32
86.246.32.13,1,32
27.123.49.206,1,32
92.83.3.111,1,40
74.99.185.186,1,32
115.72.101.225,2,773
40.143.247.122,1,32
47.125.220.1,1,52
80.39.205.21,1,32
72.234.14.26,1,32
52.107.157.155,1,32
24.25.100.19,1,32
80.76.150.138,1,44
52.103.39.17,1,52
195.192.156.253,1,32
67.190.91.27,1,32
18.229.112.185,1,32
114.110.91.240,1,32
47.205.155.64,1,32
123.164.222.57,1,76
103.123.28.252,1,32
196.241.235.228,1,32
52.70.51.174,1,32
83.171.43.179,1,32
70.186.99.118,1,32
186.2.249.39,1,32
85.120.51.55,1,40
82.235.50.48,1,32
46.132.84.180,1,32
97.14.134.119,1,32
93.224.58.47,1,32
112.241.108.232,1,32
58.239.116.244,1,76
189.147.34.171,1,32
185.249.129.222,1,60
195.64.157.225,1,56
59.58.127.197,1,32
47.12.124.208,1,32
40.139.126.110,1,32
103.86.92.67,1,32
59.6.27.109,1,32
188.254.208.209,1,32
59.96.163.38,1,40
41.108.246.11,1,32
197.41.45.231,1,40
90.4.46.231,1,32
192.148.245.139,1,58
190.130.242.85,1,40
182.243.228.236,1,40
190.218.52.253,1,32
203.82.75.186,2,168
119.71.57.53,1,76
212.115.162.53,1,32
126.75.14.153,6,534
87.228.188.39,1,32
189.188.61.129,1,32
37.17.219.230,1,40
173.222.53.206,1,32
45.124.14.229,1,32
2.18.101.95,1,32
219.109.132.78,1,58
117.97.55.52,1,60
171.230.104.163,1,48
86.169.50.232,1,40
203.100.113.118,16,864
103.215.113.195,1,32
50.26.82.131,1,32
63.133.102.65,1,32
67.253.227.91,1,32
151.150.78.209,1,52
152.28.8.20,1,60
79.58.107.204,1,32
223.109.155.54,1,32
222.190.14.75,1,32
23.209.47.130,1,32
60.151.108.130,1,40
168.37.172.97,1,44
106.96.201.90,1,32
94.1.131.121,1,40
87.249.108.1,1,32
187.199.237.252,1,40
223.156.220.248,1,60
52.251.174.16,1,32
89.126.121.246,1,32
115.155.248.173,1,40
201.90.3.55,1,32
139.180.241.197,1,52
112.190.192.9,1,60
112.234.107.139,1,48
104.231.93.230,1,32
125.79.68.100,1,32
94.64.206.174,1,32
221.27.54.176,1,48
222.214.175.100,1,132
189.39.21.171,1,52
221.254.221.236,1,32
197.253.9.96,1,40
138.208.246.39,1,32
78.226.210.198,1,32
24.73.116.62,1,60
134.214.198.102,1,40
219.122.159.74,1,48
155.15.65.24,1,32
23.102.86.176,1,32
12.237.140.138,1,32
181.90.247.21,1,32
58.72.63.120,1,40
179.87.86.138,1,32
81.109.202.70,2,80
187.36.206.243,1,32
35.86.117.0,1,32
196.194.100.165,1,32
208.80.18.169,1,32
168.49.160.8,1,53
108.196.182.55,1,32
117.64.195.123,1,52
110.234.126.2,1,32
171.144.176.94,5,205
107.172.166.189,1,60
78.111.3.139,1,58
197.49.81.222,1,40
62.194.61.223,1,32
93.251.95.174,1,32
119.117.175.182,1,40
103.96.139.92,1,52
42.106.141.155,1,52
182.64.14.158,1,32
51.60.122.98,1,71
188.67.48.248,1,32
186.6.221.219,1,32
111.182.62.146,1,32
69.184.160.218,1,32
93.60.51.151,1,32
143.191.18.151,1,32
24.69.51.1,1,32
126.46.239.227,1,32
63.153.7.168,1,32
71.230.250.28,1,40
99.76.77.188,1,32
52.250.58.230,1,76
105.35.204.3,1,32
177.115.27.185,1,32
68.65.221.206,1,40
112.162.20.56,1,32
160.176.178.198,1,32
118.179.192.143,1,32
98.54.240.158,1,32
46.84.66.205,1,40
46.33.194.155,1,32
110.113.189.64,1,32
155.153.116.56,1,60
154.113.208.232,1,32
218.229.30.65,1,32
89.41.174.189,1,32
211.183.1.119,1,32
101.86.109.246,1,32
140.205.63.75,1,32
112.190.178.102,1,60
52.245.0.28,1,32
14.208.187.1,1,45
83.159.48.69,1,40
74.102.162.140,1,32
90.18.204.122,1,32
221.46.109.19,1,32
102.137.49.73,1,32
156.63.127.12,1,40
108.73.145.19,1,40
185.196.177.83,1,32
105.152.76.21,1,32
217.70.189.60,1,32
47.136.224.156,1,32
177.179.201.69,1,32
89.122.46.84,1,32
213.119.164.25,1,32
104.199.237.62,1,32
149.158.205.139,1,60
177.59.148.198,1,32
4.84.247.51,1,32
102.186.68.51,1,32
47.95.94.19,1,32
1.58.172.102,1,52
204.141.74.55,2,80
173.48.99.232,1,32
60.26.121.126,1,32
78.145.194.250,1,32
112.9.83.40,1,32
174.158.207.147,1,32
176.229.143.68,2,80
181.173.173.162,1,32
186.243.125.75,1,32
101.209.210.153,1,32
213.199.196.243,1,32
156.42.146.250,1,40
87.166.243.158,1,32
110.71.18.157,1,86
13.206.118.187,7,3732
218.199.81.198,1,32
80.105.152.171,1,32
62.92.194.77,1,32
119.4.132.80,1,32
150.79.245.75,1,248
209.179.115.254,1,32
93.137.236.30,1,44
183.173.135.219,1,52
174.171.91.187,1,32
52.255.79.207,1,76
108.39.181.81,1,60
80.19.234.218,1,60
41.219.1.147,1,32
78.52.27.168,1,32
27.119.108.175,1,28
177.197.83.1,1,40
189.122.9.118,1,32
211.110.233.4,1,76
24.197.113.31,1,32
34.237.27.128,1,32
87.224.27.52,1,32
23.90.246.254,2,310
188.177.44.236,1,32
52.127.231.2,1,32
151.232.216.89,1,32
181.91.112.199,1,32
36.196.200.240,1,60
149.25.69.24,1,32
196.58.185.98,1,32
222.85.121.184,1,52
84.5.65.59,1,32
84.15.206.185,1,32
192.83.180.94,1,44
98.129.165.5,1,32
42.53.111.106,1,60
78.251.59.14,1,32
83.79.232.113,1,40
61.162.152.144,1,40
221.104.240.106,1,32
120.202.240.205,1,60
71.230.250.231,1,40
54.39.83.44,1,32
182.202.190.99,1,32
60.121.84.58,1,32
1.236.89.176,1,60
203.141.200.62,1,44
182.15.70.226,1,32
1.253.146.107,1,76
80.30.227.89,1,32
99.23.137.189,1,32
218.100.47.102,1,32
151.200.223.0,1,32
119.165.110.203,1,32
179.56.252.193,1,40
27.241.141.6,1,48
65.22.21.99,1,32
217.115.230.218,1,58
72.164.112.137,1,56
73.119.175.188,1,32
71.48.88.79,1,40
71.230.250.126,1,40
60.114.225.209,1,40
109.211.49.171,1,32
120.152.209.130,1,32
75.109.222.37,1,32
66.253.102.199,1,60
201.169.125.238,1,32
121.182.96.87,1,40
90.113.148.125,1,40
78.31.209.161,1,32
168.18.248.127,1,32
188.163.82.96,1,64
72.124.178.145,1,32
89.80.155.160,1,32
137.165.81.122,1,32
39.1.201.90,1,32
219.197.186.59,1,44
62.100.114.246,1,44
197.50.162.230,1,40
188.137.100.238,1,32
66.31.251.254,1,32
117.35.162.6,1,132
47.90.230.131,1,60
89.81.164.22,1,44
202.68.17.164,1,32
18.182.96.165,1,76
63.75.164.82,1,32
186.249.154.198,1,32
220.57.139.219,1,32
31.106.59.234,1,32
75.113.19.50,1,32
125.230.10.88,1,132
114.0.123.68,1,32
41.167.171.158,1,40
82.34.75.48,1,32
72.217.163.106,1,32
95.224.35.30,1,32
116.254.181.50,1,32
1.143.253.216,1,52
94.105.25.41,1,32
71.181.20.189,1,32
113.112.129.59,1,40
76.252.237.33,1,32
194.251.134.114,1,32
212.233.52.130,1,48
124.166.88.214,1,32
95.134.212.103,1,32
50.41.129.177,1,32
178.136.118.243,1,32
81.200.220.181,1,32
188.75.94.33,1,40
122.156.71.34,1,32
78.23.95.82,1,32
2.103.198.52,1,32
75.115.248.89,1,32
73.176.100.206,1,32
79.100.67.78,1,40
185.12.25.186,1,60
35.126.27.39,1,32
2.122.147.46,1,40
82.146.145.17,1,32
81.182.199.244,1,32
94.28.237.71,1,32
41.161.209.187,1,40
212.214.227.77,1,32
38.173.2.154,1,32
52.246.14.193,2,114
187.166.204.217,1,32
45.251.189.163,1,32
222.154.133.237,1,44
112.48.1.64,1,32
96.29.92.183,1,32
218.222.216.81,1,32
85.9.159.92,1,32
71.30.248.254,1,32
72.243.37.23,226,339201
5.92.108.254,1,60
112.186.0.196,1,32
83.158.231.57,1,60
126.111.146.112,1,32
109.126.205.15,1,32
114.45.78.95,1,52
82.30.227.76,1,32
118.206.70.74,1,52
190.91.90.199,1,32
37.245.55.228,1,32
151.241.21.91,1,44
5.90.199.218,1,32
213.250.142.229,1,32
123.203.33.22,1,52
88.44.100.191,1,32
106.198.240.68,1,32
91.242.240.84,1,32
218.233.224.81,1,52
112.140.73.56,1,32
202.228.117.198,10,3416
46.83.196.249,1,32
94.211.228.105,1,32
201.239.246.245,1,32
181.137.213.202,1,40
91.10.155.123,1,40
168.221.0.71,1,32
192.126.132.106,1,32
120.170.219.229,1,60
50.179.188.182,1,32
106.41.81.11,1,32
2.194.219.176,1,32
187.20.219.105,1,32
90.113.146.177,1,40
120.104.109.177,1,32
82.173.220.241,1,32
58.187.211.0,1,32
34.253.248.8,1,32
73.164.130.199,1,32
35.83.95.44,1,32
113.210.83.236,1,60
212.31.205.58,1,32
123.180.89.19,1,132
218.229.200.99,1,76
221.243.76.138,1,32
123.129.135.248,1,32
162.49.197.204,1,32
98.229.129.58,1,32
124.30.79.74,1,32
87.118.126.129,1,32
24.221.72.130,1,40
183.140.173.174,1,32
89.229.14.51,1,32
31.180.68.138,1,40
188.44.46.183,1,32
23.14.119.61,1,32
80.143.70.7,1,40
79.115.27.139,1,32
174.186.165.71,1,32
182.24.127.214,1,44
50.244.223.150,1,32
72.9.172.122,1,32
60.223.49.170,1,32
216.108.202.86,1,32
103.103.81.4,1,40
88.241.0.2,1,60
13.222.0.187,1,32
123.107.207.170,1,60
185.129.175.44,1,44
125.196.53.134,1,48
185.166.45.213,1,32
141.99.239.251,1,32
188.229.65.74,1,32
123.7.230.143,1,40
212.166.92.109,1,56
95.130.77.198,1,32
177.218.243.255,1,32
87.170.221.191,1,32
118.119.184.40,1,32
212.166.94.104,1,56
178.195.184.101,1,44
82.206.140.232,1,32
93.123.105.122,1,32
5.64.104.142,1,40
221.99.113.50,2,100
12.83.115.197,1,32
100.227.14.223,1,32
207.56.182.206,1,40
61.110.92.10,1,60
213.194.61.55,1,40
170.17.93.177,1,40
45.221.80.202,1,32
52.17.241.240,1,32
31.216.238.119,1,40
12.154.246.245,1,32
2.253.96.102,1,32
187.162.164.116,1,60
148.184.142.33,1,44
211.234.18.67,1,32
90.130.48.226,1,40
42.57.114.160,1,32
67.175.13.59,1,32
211.230.102.212,1,32
183.250.77.40,1,52
54.132.181.127,1,32
17.158.126.26,2,104
49.49.29.45,1,315
179.204.224.241,1,32
69.187.76.35,1,44
75.171.144.135,1,32
65.183.58.67,1,44
185.183.84.190,1,32
49.82.145.7,1,32
61.96.227.140,1,32
125.64.175.164,1,32
5.64.104.141,1,40
109.206.92.66,1,32
208.113.3.56,1,32
23.3.106.143,1,32
175.237.223.43,1,32
189.193.78.203,1,32
70.121.31.239,1,32
65.175.72.237,1,32
45.237.141.192,1,32
201.81.42.52,1,32
212.166.95.8,1,56
221.173.174.119,1,32
100.229.54.177,1,32
13.185.213.121,1,32
112.177.63.15,1,32
151.230.88.151,1,32
79.153.105.205,1,32
79.201.192.173,1,32
217.34.127.166,1,32
72.236.7.97,1,32
187.130.151.60,1,32
186.79.50.54,1,32
37.132.246.55,1,32
54.208.153.117,1,76
186.199.210.97,1,32
72.122.208.62,1,40
190.81.209.115,1,32
115.62.64.75,1,76
93.13.78.186,1,32
184.14.91.198,2,234
151.175.34.249,1,32
81.198.46.214,1,32
177.95.222.64,1,32
36.173.223.195,1,32
68.146.223.227,1,32
76.159.174.237,1,32
61.54.215.127,1,32
85.146.70.60,1,32
79.31.208.72,1,32
210.65.48.32,1,32
67.84.96.45,1,32
108.222.4.78,1,32
39.101.58.27,1,32
213.151.127.204,1,56
201.153.1.73,1,40
50.61.222.194,1,32
189.117.63.119,1,44
189.127.190.67,1,32
154.113.80.207,1,32
179.64.132.234,1,60
122.161.149.60,1,32
88.151.82.248,1,32
61.109.17.105,1,32
66.174.240.78,1,32
212.6.179.245,1,32
41.96.123.3,1,32
220.164.230.155,1,48
212.166.92.241,1,56
80.4.46.245,1,44
212.166.92.3,1,56
61.114.8.123,1,60
108.201.155.142,1,32
42.51.125.191,1,40
94.245.204.192,1,32
212.166.92.11,1,56
218.52.88.30,1,40
67.4.200.50,1,32
184.23.32.117,1,32
66.46.247.31,1,40
177.26.202.206,1,32
99.134.227.54,1,32
139.68.237.31,1,32
212.166.93.103,1,56
105.158.87.203,1,32
24.62.20.190,1,32
125.194.221.106,1,32
103.16.45.28,1,32
212.166.95.192,1,56
213.241.210.102,1,60
39.46.150.59,1,93
191.92.49.35,1,32
88.197.140.206,1,32
69.216.3.166,1,32
218.216.218.67,1,32
49.245.184.9,1,40
159.153.88.47,1,32
12.33.254.5,1,32
72.92.175.209,1,56
119.205.220.86,1,32
195.148.145.142,1,32
58.31.182.94,1,32
212.166.95.124,1,56
98.105.3.10,1,32
212.166.92.121,1,56
84.88.37.160,1,32
86.149.49.87,1,32
212.166.92.111,1,56
17.203.227.56,4,285
151.230.124.10,1,60
66.252.7.195,1,56
79.25.135.199,1,32
81.122.253.211,1,44
188.154.134.253,1,32
178.214.187.10,1,40
198.118.16.47,1,32
207.136.72.5,1,32
101.114.209.123,1,32
58.234.100.18,1,128
71.230.250.9,1,40
13.207.63.195,2,80
87.0.46.192,1,32
221.39.34.255,1,48
108.33.207.252,1,32
98.33.231.177,1,32
198.32.68.103,1,96
177.142.242.163,1,44
201.37.106.135,1,32
52.66.106.105,1,32
104.109.231.73,14,11954
174.183.137.104,1,32
188.11.232.115,1,40
123.159.86.223,1,32
218.94.144.243,1,143
68.212.193.38,1,32
173.127.65.229,1,32
70.83.148.102,1,32
176.25.155.107,1,32
188.9.195.126,1,40
84.92.52.219,1,32
179.64.240.5,1,56
221.2.65.74,1,52
34.242.78.253,1,32
159.187.219.108,1,32
192.81.94.250,1,40
212.166.94.209,1,56
24.212.24.10,1,32
87.243.194.22,1,32
177.196.208.105,1,60
126.113.206.178,1,32
93.158.234.250,2,100
178.102.130.3,1,32
221.118.15.215,1,48
88.103.145.88,1,32
192.148.95.175,1,60
115.134.182.69,1,32
31.180.80.178,1,40
93.216.28.192,1,32
36.30.69.142,1,52
71.230.250.144,1,40
180.15.116.177,1,60
190.236.141.200,1,32
217.122.178.115,1,32
104.57.175.36,1,32
79.202.28.231,1,32
163.53.71.143,1,32
97.17.237.151,1,32
104.113.99.41,1,32
106.192.40.71,1,32
201.43.190.137,1,32
108.65.148.219,1,60
181.115.66.67,1,32
85.141.199.92,1,40
186.128.9.135,1,32
113.254.231.193,1,52
49.87.214.34,1,32
71.217.71.89,1,32
75.127.185.205,1,32
14.229.57.61,1,32
80.16.125.70,1,44
71.223.252.207,1,32
115.253.174.158,1,32
217.124.88.186,1,32
140.205.127.254,1,115
89.248.130.243,1,60
179.42.45.171,1,32
113.49.97.159,1,48
164.81.220.9,1,40
5.238.168.17,1,40
182.99.227.167,1,32
79.97.141.155,1,32
88.79.50.163,1,60
27.48.20.44,1,32
24.50.135.141,1,32
101.61.242.47,1,32
113.118.55.153,1,32
73.70.18.44,1,32
60.79.231.68,1,132
106.97.203.167,1,40
170.140.45.175,1,78
94.79.179.2,1,32
93.156.177.8,1,32
59.16.107.165,1,40
139.173.141.120,1,40
89.147.213.244,1,56
84.132.206.202,1,32
2.212.65.5,1,32
80.242.125.62,1,32
42.60.168.252,1,32
114.172.123.20,1,40
41.173.189.18,1,40
125.209.175.48,1,32
219.45.61.236,1,32
220.165.169.222,1,48
115.192.97.153,1,76
194.192.37.231,1,32
190.178.36.118,1,32
217.91.156.236,1,32
122.133.200.43,1,76
162.20.211.153,1,32
109.136.99.5,1,32
103.210.202.204,1,40
116.164.204.47,1,32
88.138.180.60,1,32
93.169.37.37,1,32
171.208.118.226,1,32
100.210.148.174,1,40
159.52.39.210,6,376
221.15.146.176,1,32
113.39.15.75,1,52
31.135.136.205,1,40
149.144.38.173,1,56
70.28.196.71,1,32
71.230.51.251,1,32
66.244.17.9,1,32
39.46.135.78,1,1280
108.64.110.215,1,32
178.223.109.26,1,40
2.236.216.121,1,32
178.67.15.198,1,60
188.105.156.76,1,32
173.98.238.135,1,32
212.207.112.4,1,32
82.252.179.250,1,32
221.11.169.190,1,32
182.42.51.179,1,32
90.42.228.9,1,32
211.78.13.90,1,52
71.212.61.155,1,32
119.118.71.120,1,32
85.175.207.140,1,32
50.196.237.208,1,32
88.192.137.110,1,32
59.26.242.89,1,32
39.10.75.104,1,32
114.233.77.70,1,32
179.83.0.228,1,40
2.243.46.71,1,32
123.119.186.60,1,60
46.86.193.234,1,44
217.53.10.76,1,32
81.134.142.40,1,32
162.60.30.190,1,32
76.217.79.54,1,52
138.221.215.212,2,168
73.215.116.216,1,32
24.5.63.210,1,32
97.0.12.228,1,32
41.175.11.233,1,32
69.32.239.112,1,32
81.211.20.60,1,56
124.43.74.247,1,48
1.9.174.181,1,32
105.157.63.42,1,32
203.3.75.194,1,40
65.177.45.127,1,32
71.252.117.216,1,60
71.160.210.69,1,32
76.17.131.37,1,32
85.220.228.239,1,32
75.79.163.83,1,32
91.132.120.41,1,32
27.2.147.195,1,40
216.211.35.53,1,134
110.62.18.41,1,32
143.194.3.26,1,60
31.113.147.118,1,52
211.168.237.229,1,60
150.26.97.101,1,60
27.219.164.109,1,52
205.75.167.252,1,32
211.157.3.62,1,32
210.63.215.58,1,32
62.111.45.147,1,32
59.41.194.27,1,52
37.102.106.60,1,32
27.243.119.93,1,48
83.158.226.235,1,32
203.19.247.103,10,15000
180.188.82.210,1,32
79.184.80.74,1,44
