,sip_ct,sip_pkt_size_ct
173.221.209.203,741,1070677
112.192.44.130,135,7020
213.203.13.184,2880,4282464
39.46.150.44,197,10244
62.237.51.50,959,1436172
196.180.49.28,5,220
84.212.37.162,1,32
126.26.254.114,373,183790
82.54.174.197,32,1280
221.9.242.142,2,80
185.62.237.173,2284,236558
159.52.182.48,5,200
31.167.79.209,1,32
88.116.236.45,1,44
123.135.253.55,1,40
103.80.51.90,1,40
85.238.182.227,2,80
45.126.10.171,12,480
194.4.181.135,1,32
185.72.26.39,14,560
81.109.202.49,175,7000
196.180.49.32,6,174
185.72.27.125,14,560
50.159.242.126,5,280
185.134.52.211,11,1331
52.20.70.104,1,40
17.199.26.129,10,2699
185.182.100.198,41,1640
159.153.180.3,13,520
99.99.234.179,1,32
199.220.70.162,1,32
72.243.39.159,4505,6442150
90.138.97.203,1,32
81.109.202.26,266,10640
61.21.88.10,47,29347
17.193.183.203,13,8566
74.193.190.124,11,916
112.215.58.248,1,32
218.128.12.192,112,13631
221.36.111.23,1,32
185.56.252.129,136,5440
151.150.185.80,5,301
192.49.223.89,220,8800
113.63.12.35,1,48
188.197.188.19,1,40
219.211.131.83,169,9592
126.75.175.28,27,2895
92.67.254.131,18,720
46.231.172.30,45,1800
185.72.26.13,8,320
204.194.145.251,1160,605607
17.199.30.8,30,29829
94.66.177.22,3,120
209.54.197.228,1,32
140.247.196.71,1,52
61.131.18.26,7,280
164.128.200.50,1,60
212.233.52.130,1,48
134.214.229.157,2,80
68.35.71.20,1,32
81.109.202.48,173,6920
122.232.19.92,72,3348
193.216.222.161,10,400
174.213.47.212,1,32
60.224.121.199,1,32
81.109.202.46,156,6240
101.55.203.141,1,32
87.67.241.3,1,32
162.194.50.126,71,18164
220.165.107.71,1,52
54.206.251.78,1,32
84.88.21.47,1,32
185.72.27.78,19,760
122.119.28.31,1,48
209.188.97.225,80,69124
151.150.187.80,2,648
71.230.250.132,1,40
2.74.190.146,1,48
120.134.146.30,8,7738
221.44.197.32,1,32
91.31.25.96,1,32
184.154.199.2,1,32
141.149.145.166,1,60
182.45.187.150,1,32
185.48.173.62,57,2280
172.102.192.88,2,80
187.192.230.162,1,32
156.43.148.200,1,40
119.221.201.144,1,40
202.233.58.145,3,168
27.206.43.242,1,32
195.68.231.68,1,32
154.231.23.15,3,3143
104.75.146.41,2,166
218.99.215.41,3,120
66.132.175.1,1,32
36.27.120.160,1,32
196.180.49.5,12,528
134.214.58.78,1,40
185.72.27.26,203,8120
159.153.189.238,1,40
71.230.250.108,1,40
185.72.27.66,200,8000
71.230.250.160,1,40
172.249.30.60,1,48
100.212.94.198,1,32
205.119.148.112,1,32
89.199.68.80,128,5120
54.227.93.142,1,76
198.151.142.253,18,8560
186.9.38.1,1,32
201.238.193.153,1,32
103.46.9.1,1,40
210.245.226.248,1,32
59.150.30.33,1,56
108.130.114.220,1,32
185.48.172.193,56,2240
1.154.148.98,45,5997
67.232.161.32,1,32
1.47.162.9,1,60
31.113.147.112,7,608
42.238.148.117,1,32
110.243.119.103,1,32
159.137.143.195,4,160
49.104.199.242,1,32
222.134.167.111,1,52
14.126.26.10,1,32
196.180.49.70,14,616
130.212.92.245,1,32
220.157.62.249,1,32
174.120.33.111,1,40
196.180.49.39,9,396
117.101.15.246,1,40
220.176.5.72,1,32
190.131.231.52,1,40
89.199.68.17,139,5560
210.79.18.196,2,154
47.151.62.136,1,32
221.30.236.52,95,3824
185.72.26.36,6,240
81.109.202.69,19,760
220.205.83.162,1,76
13.4.142.54,20,2141
177.182.69.147,1,32
162.12.144.154,214,8560
183.188.61.108,8,430
91.74.185.156,1,32
70.229.5.41,1,32
139.173.171.12,2,80
35.25.109.167,1,1356
180.139.101.240,1,32
92.187.158.114,1,32
139.173.141.211,2,80
46.231.172.29,61,2440
139.246.185.225,1,32
198.58.73.202,2,80
116.132.6.191,1,44
171.163.21.24,1,48
102.81.31.40,1,32
220.41.188.67,1,32
118.201.179.0,1,60
81.91.180.131,1,32
120.154.15.133,1,52
118.33.17.90,115,159181
36.20.128.34,2,88
42.242.211.68,1,32
206.9.11.196,30,1200
121.109.236.24,1,40
172.249.30.145,23,5309
185.72.26.45,15,600
117.79.94.62,8,6391
82.113.211.77,6,443
220.170.215.3,1,40
145.236.119.71,34,1360
1.87.191.223,1,44
107.164.190.203,65,2600
112.138.2.155,1,32
185.72.27.6,16,640
196.180.49.24,8,352
121.215.29.201,1,136
206.195.27.1,216,27897
14.233.252.252,27,1080
84.47.42.24,1,32
88.121.20.14,1,32
24.126.121.69,1,32
196.209.96.165,1,32
46.81.173.74,1,60
177.159.92.22,1,32
195.208.244.146,261,10440
190.24.134.203,1,40
185.252.120.253,28,1680
62.252.21.103,1,32
14.129.57.177,1,60
81.219.190.33,1,40
115.196.213.45,1,40
114.220.231.30,1,32
114.243.212.171,1,44
117.27.43.63,80,11496
211.21.54.22,1,60
108.73.130.252,3,156
187.251.234.15,1,52
185.95.159.217,24,960
191.85.54.97,1,60
2.64.106.29,1,32
162.1.252.121,18,10368
192.49.237.207,245,9800
185.72.26.105,21,840
119.72.97.26,1,32
177.237.66.146,1,32
98.18.20.98,1,32
49.235.20.251,20,21825
128.78.171.178,97,17460
52.126.83.142,1,32
196.180.49.71,10,400
27.238.195.148,1,32
122.157.89.106,1,32
38.245.188.88,181,6516
211.10.222.117,1,32
212.33.60.153,1,32
185.72.26.104,25,1000
202.91.225.19,1,48
113.105.176.246,1,132
52.13.173.184,1,32
81.109.202.4,48,1920
212.163.68.145,3,120
185.72.27.106,68,2720
24.39.94.149,1,32
173.162.225.11,1,32
185.72.26.20,6,240
188.201.45.24,3,381
174.153.33.226,1,32
121.128.255.179,1,32
77.217.29.100,1,32
222.72.22.138,1,132
188.251.88.180,1,32
1.154.157.30,16,1523
119.242.164.210,1,52
185.45.160.71,2,88
61.200.236.131,1,32
201.92.71.251,1,32
191.246.83.175,1,32
189.49.204.231,1,60
17.199.26.165,1,830
196.180.49.22,6,264
121.100.252.164,1,32
211.179.56.222,1,32
39.44.166.152,1,60
24.40.2.170,1,32
172.249.162.142,36,3768
212.86.92.171,6,395
153.82.111.242,1,32
204.12.38.62,1,32
31.113.147.113,225,148592
12.59.97.166,2,80
196.248.85.234,1,32
24.220.58.143,3,231
39.46.150.59,1,93
159.52.36.12,9,360
71.230.250.54,1,40
124.236.232.84,1,76
135.236.221.68,1,32
81.175.123.116,1,32
61.5.159.105,147,7816
188.211.130.172,1,32
151.150.2.61,1,83
212.102.152.207,1,40
68.222.207.187,1,32
81.109.202.10,29,1160
71.230.250.148,2,80
119.191.177.203,1,60
77.81.192.247,1,40
159.52.41.98,5,200
88.61.171.67,1,52
142.161.202.113,44,1760
68.248.37.227,1,32
212.86.77.221,1,135
162.96.233.62,1,32
91.239.114.255,1,32
85.56.20.108,1,32
5.64.104.153,2,80
196.163.226.40,1,32
185.72.26.108,7,280
122.212.12.27,1,76
79.129.252.166,1,32
52.255.219.120,1,76
23.94.229.137,1166,1746120
66.225.95.82,1,32
31.113.147.64,40,6358
197.204.40.54,1,52
13.161.233.158,104,133275
185.96.173.98,3,802
80.53.128.29,1,32
80.131.213.23,1,32
89.95.188.13,1,32
54.45.231.250,9,5178
85.110.131.101,15,600
87.59.82.222,163,6520
201.212.204.11,1,40
87.70.118.29,1,32
172.249.162.132,140,107771
108.73.145.146,14,1798
129.240.107.113,1,32
172.249.25.177,8,2055
46.42.155.233,4,758
216.68.133.149,40,6744
142.81.167.151,1,32
182.187.107.209,1,32
196.180.49.7,4,176
62.169.44.213,1,60
151.150.76.208,1,52
3.200.48.115,1,76
111.163.123.226,1,58
2.18.66.71,1,32
74.193.187.83,1,48
213.43.30.51,1,32
111.230.221.58,4,622
23.86.221.149,1,32
71.160.229.56,1,32
60.92.208.115,2,100
112.39.180.110,1,76
82.216.42.181,1,32
66.247.94.110,7,350
194.96.126.164,159,6360
96.78.110.235,2,80
181.50.226.97,1,32
162.99.31.147,3,394
193.216.222.159,31,1240
155.153.42.188,2,944
192.240.162.59,1,32
123.136.108.235,1,60
111.172.221.4,1,32
65.179.166.198,1,32
185.72.27.53,23,920
134.214.46.204,7,280
5.80.201.66,4,672
185.72.27.113,20,800
185.72.27.70,79,3160
52.46.92.171,8,6606
142.161.167.8,257,10280
208.108.73.77,1,197
79.39.22.60,2,88
211.243.28.79,1,40
5.249.234.124,1,32
157.42.159.123,64,2560
87.114.44.230,1,32
112.198.40.95,1,93
62.244.204.141,1,32
67.235.139.238,1,32
59.22.52.106,1,32
196.180.49.43,7,308
204.242.26.114,2,345
66.121.46.250,1,32
18.224.212.39,1,32
201.34.74.125,1,32
177.214.64.56,1,60
139.173.163.35,3,120
96.58.46.246,1,32
123.125.242.196,1,58
203.63.250.254,1,60
92.35.226.244,2,64
81.109.202.16,44,1760
118.29.100.109,339,21002
192.212.72.21,37,1480
117.35.102.6,1,48
81.21.207.39,1,32
5.64.104.155,1,40
208.108.73.181,1,258
211.179.58.225,1,40
102.129.185.88,1,32
173.168.207.195,1,32
71.230.183.142,5,301
106.202.245.122,1,32
118.76.218.143,1,32
72.23.142.140,1,52
61.43.82.162,1,52
208.108.72.115,1,151
81.109.202.11,26,1040
203.198.233.223,1,32
128.221.106.108,2,256
54.224.78.7,20,12702
157.42.86.25,18,1062
187.99.216.77,1,32
67.13.102.165,1,32
87.50.40.209,1,40
79.241.179.77,1,32
27.49.154.72,1,32
218.128.12.141,18,2275
217.103.168.229,1,56
42.91.123.191,1,48
217.255.123.97,1,32
111.168.39.20,1,40
70.179.103.244,1,32
89.154.127.197,1,32
162.248.37.45,1,91
73.48.214.18,1,32
200.196.55.161,1,32
42.51.0.86,1,32
162.1.253.41,16,9216
172.89.139.130,1,32
64.160.76.72,2,80
197.231.11.41,1,40
58.249.190.59,39,32622
27.43.84.224,1,32
202.173.71.226,1,32
114.48.95.214,6,552
118.165.195.110,1,32
178.183.204.235,1,32
89.248.3.210,6,504
185.72.26.31,10,400
198.15.182.21,8,346
54.95.105.64,3,156
200.188.153.97,1,44
61.123.33.72,1,32
54.92.125.119,19,760
151.150.76.80,8,8678
5.64.104.148,2,80
17.199.30.108,17,13060
200.241.158.208,1,40
142.161.236.75,7,280
63.157.187.195,1,32
37.241.241.106,1,32
222.152.31.65,1,44
196.180.49.17,13,572
95.236.222.96,1,32
85.50.229.119,1,32
114.241.9.227,1,44
50.240.17.136,13,442
118.58.203.177,1,32
41.30.24.150,1,60
3.238.160.60,6,4866
106.75.193.123,1,60
134.214.180.168,12,480
119.67.30.5,1,60
52.248.83.178,1,76
139.253.188.67,51,2448
185.184.82.194,5,200
103.52.11.171,1,131
79.250.78.115,1,32
109.39.27.230,1,32
92.194.234.244,1,40
106.193.7.50,1,32
111.69.29.65,1,32
14.237.85.126,1,52
14.214.9.137,1,48
123.62.35.61,11,1832
54.49.210.125,20,5509
66.156.171.223,1,32
79.58.67.105,1,32
190.95.201.155,1,32
116.150.4.214,4,496
178.185.104.75,27,1188
23.209.249.165,1,32
222.116.75.95,1,32
143.215.104.54,1,60
74.193.127.199,120,162501
61.131.78.191,2,80
222.82.234.116,1,48
162.104.243.159,1,60
36.164.21.20,27,1188
39.45.127.202,1,32
120.180.155.148,33,1452
185.72.27.133,56,2240
85.109.161.164,1,32
5.64.104.128,3,120
46.83.235.126,1,32
71.230.251.249,3,660
46.234.223.67,10,1543
185.72.27.97,22,880
220.170.197.74,1,60
91.216.13.48,1,32
119.169.104.151,1,32
196.180.49.40,5,220
5.64.104.131,4,160
202.67.182.179,1,44
218.101.177.53,4,160
43.218.235.105,1,32
189.123.192.125,1,32
93.144.253.49,1,44
154.201.225.156,3,288
54.94.201.121,62,2480
162.21.161.126,1,32
52.14.131.239,5,1707
118.91.132.60,1,40
114.38.20.189,1,40
148.52.96.238,1,32
174.186.133.56,1,32
84.208.251.226,1,32
47.244.10.123,4,336
188.58.158.28,1,32
108.33.36.45,1,40
79.80.26.128,1,32
125.163.223.235,1,48
24.131.159.172,1,32
184.174.252.97,1,32
27.250.90.179,1,60
223.41.19.92,1,32
196.180.49.72,11,484
213.190.89.150,1,60
14.253.42.115,1,52
23.80.3.40,12,18000
92.67.254.101,13,520
201.127.148.166,1,32
86.208.53.4,1,32
117.99.18.132,1,32
151.106.127.201,20,880
152.91.210.184,1,32
103.24.169.165,1,32
95.218.202.101,1,52
216.68.134.5,33,15684
191.251.132.206,1,32
116.135.175.0,2,96
140.229.182.237,1,76
52.15.239.237,25,2452
170.16.66.25,1,60
166.211.156.57,1,32
196.180.49.31,7,308
184.120.193.34,1,32
77.9.48.0,1,32
31.113.147.71,51,62527
196.180.49.79,13,572
62.80.82.221,43,1720
211.63.138.169,1,32
1.85.238.205,1,48
13.161.239.86,2,104
18.230.98.71,1,40
31.113.147.79,340,474708
212.207.44.189,1,40
27.241.66.48,1,48
123.215.84.44,1,32
83.108.115.61,1,32
109.195.69.102,3,132
8.3.36.10,1,1420
206.57.241.177,37,4936
175.173.19.172,1,32
90.95.11.135,1,32
72.208.167.58,1,32
124.40.19.80,1,76
149.158.50.235,1,96
14.95.255.129,1,48
177.107.52.224,1,32
119.116.4.246,1,32
5.80.76.200,1,60
24.90.206.76,1,32
148.210.128.6,1,32
120.167.82.170,1,52
211.48.7.172,1,32
49.95.212.91,1,52
185.12.25.165,13,520
183.115.147.218,1,32
139.68.202.55,9,360
189.182.181.168,1,32
87.75.122.141,1,32
103.43.171.247,1,32
188.105.9.46,30,1200
71.230.251.251,8,320
113.158.234.197,1,32
192.185.83.32,1,32
23.58.107.11,1,32
119.157.123.164,1,32
88.61.30.245,1,52
123.108.102.204,6,240
185.72.26.18,14,560
17.147.94.158,1,52
159.52.166.94,4,160
157.176.139.79,1,32
114.170.141.157,1,40
162.12.12.19,5,200
89.185.201.138,1,32
113.172.85.196,1,44
51.74.225.57,1,32
72.161.33.153,1,32
206.190.92.52,3,208
109.147.112.142,1,44
82.127.58.224,1,32
74.193.187.157,11,596
59.162.230.117,6,296
117.46.140.131,1,40
118.134.53.23,4,669
13.31.194.217,1,76
62.121.103.52,1,32
217.217.229.56,1,32
162.99.30.101,1,150
179.64.192.23,1,56
196.206.136.146,1,32
20.86.217.72,9,920
182.89.137.202,50,62894
109.171.33.164,1,32
58.116.91.97,1,60
181.215.4.21,1,32
89.234.80.29,1,40
190.198.226.251,1,48
82.246.138.199,1,44
80.172.74.8,1,32
113.117.240.127,1,76
200.101.239.199,2,80
198.255.144.88,1,32
64.239.65.204,1,32
202.84.162.51,1,32
88.88.233.173,1,60
216.68.136.103,12,1691
186.190.225.61,1,32
159.137.224.98,1,40
216.68.133.129,115,160764
134.160.176.105,1,40
159.52.33.95,4,160
82.222.210.176,6,240
221.42.118.162,1,40
23.94.231.105,4,1084
80.104.25.77,1,32
31.106.20.81,1,32
196.241.91.239,1,32
61.8.100.209,1,96
119.173.140.90,1,60
186.255.255.191,1,32
65.9.127.45,1,60
185.72.27.94,21,840
159.114.49.179,1,40
118.84.76.150,1,52
185.72.27.61,38,1520
47.89.7.66,1,60
165.229.136.81,9,360
196.180.49.18,1,45
212.81.36.227,1,32
93.122.94.3,1,32
77.107.152.153,1,32
180.151.225.93,10,440
77.217.138.222,1,32
197.43.117.29,3,164
210.154.7.194,4,628
211.22.185.211,4,313
95.24.25.122,18,22636
79.109.138.46,1,32
196.180.49.20,10,440
115.196.14.154,1,40
189.1.90.146,1,32
66.247.69.62,5,220
210.152.188.75,1,160
24.217.12.227,3,132
108.73.145.147,3,144
142.161.151.150,7,280
80.226.61.228,1,32
185.126.164.187,14,654
45.33.71.205,1,60
42.61.1.86,1,32
196.180.49.10,10,440
45.18.146.86,1,32
77.85.161.42,1,44
173.122.222.54,1,32
84.199.186.240,1,32
222.70.76.23,1,52
18.182.99.194,30,2989
119.99.107.72,1,60
142.161.168.60,2,80
31.113.147.119,6,388
24.68.115.53,1,32
113.4.18.193,1,32
12.15.94.116,1,32
187.243.219.194,1,32
35.75.231.9,1,32
119.70.39.44,1,76
114.1.236.200,6,324
183.188.61.226,27,16165
89.230.158.204,1,32
185.72.27.89,28,1120
119.114.241.40,1,32
63.251.244.161,1,32
71.230.134.127,5,227
52.14.216.83,3,4276
93.75.6.137,1,32
94.3.60.253,1,32
60.219.135.11,1,32
24.199.218.71,1,32
202.123.20.175,1,32
77.45.3.119,1,56
1.195.161.224,1,76
69.104.250.150,1,60
87.62.150.252,1,40
113.227.66.51,2,100
220.202.165.104,23,920
50.184.19.161,1,32
221.10.6.185,1,32
206.190.202.178,7,280
74.193.187.99,7,629
66.235.248.58,5,1241
109.42.221.122,2,80
90.27.102.195,1,32
200.6.103.56,1,40
173.40.3.12,1,32
93.59.71.87,1,40
173.88.254.129,2,84
124.132.71.210,1,32
185.0.65.10,33,1320
35.68.170.74,11,1588
13.206.5.45,6,9225
60.73.148.72,1,32
116.208.206.7,1,44
13.31.233.190,4,256
73.137.165.89,1,32
54.233.175.24,2,632
60.59.115.50,1,40
91.233.214.180,1,32
91.245.235.225,1,32
192.242.172.220,2,80
80.154.79.55,1,40
31.113.147.114,117,151299
107.156.10.146,1,32
119.221.91.198,1,32
221.88.144.41,1,32
113.57.75.44,1,52
222.186.21.52,14,1694
115.74.88.67,1,40
163.74.48.191,1,58
52.250.246.158,1,76
35.28.164.101,5,643
8.255.236.131,1,81
196.180.49.64,5,220
69.86.5.9,1,32
61.53.94.240,1,32
126.237.86.67,6,758
24.200.225.190,1,32
174.208.134.198,1,32
18.182.172.50,8,8304
80.28.246.4,1,44
185.48.172.155,27,1080
82.9.188.253,1,32
166.253.128.225,1,32
130.194.168.219,1,32
62.114.37.248,1,32
183.101.74.0,1,32
27.251.98.166,1,60
95.139.78.200,1,32
197.146.67.192,1,32
182.101.212.167,1,60
61.66.29.42,1,32
92.220.178.52,1,32
198.53.37.41,9,422
68.74.17.143,2,80
209.238.124.202,1,44
82.118.88.128,1,32
196.180.49.65,4,176
72.128.93.45,1,32
101.33.109.155,1,32
202.163.133.114,2,96
188.155.38.95,1,32
68.74.53.3,1,52
172.249.30.54,8,4520
95.87.89.227,1,40
200.48.146.197,1,32
46.231.172.26,46,1840
221.160.254.174,66,10016
186.201.101.200,1,40
172.103.170.64,2,80
113.9.218.203,1,76
83.13.25.105,1,32
119.9.37.13,1,32
162.194.80.124,6,1752
213.15.180.191,1,32
184.71.29.192,1,32
71.230.250.66,2,80
17.147.94.159,8,3696
91.6.176.72,1,56
50.247.162.111,6,374
112.130.203.109,1,32
178.239.57.208,1,32
74.107.253.54,1,32
87.83.116.77,1,32
104.104.37.219,1,32
100.251.189.139,2,124
59.70.72.210,1,40
177.144.175.151,1,60
202.159.34.233,1,40
180.37.113.166,1,32
116.3.145.115,1,48
164.128.209.196,1,60
202.216.158.36,7,4248
151.168.158.111,1,32
141.255.107.155,1,32
188.69.33.101,1,32
185.62.238.110,8,438
206.23.76.26,1,40
35.86.74.221,1,32
206.80.5.63,2,104
87.53.2.238,1,32
110.57.241.102,1,32
221.245.0.189,1,32
107.170.253.230,1,40
76.39.249.63,1,60
71.230.250.25,1,40
150.79.245.75,1,232
151.44.250.237,1,44
68.138.144.134,1,60
200.70.61.72,1,44
115.103.237.82,1,32
80.166.92.196,1,52
106.100.44.188,1,154
17.199.46.228,6,2141
108.71.157.250,1,32
187.252.237.7,1,32
201.220.225.149,1,32
12.59.204.169,1,60
182.5.116.87,1,32
184.14.91.185,3,404
112.136.254.123,1,32
128.46.225.103,1,32
185.72.27.49,12,480
78.68.108.128,1,44
67.177.63.192,1,32
140.250.66.227,1,52
170.16.66.136,1,32
210.179.154.245,1,32
198.15.145.129,4,176
71.230.250.245,2,80
1.81.117.227,1,40
124.231.77.242,1,44
124.73.174.33,1,32
72.162.31.191,3,120
134.214.85.223,6,240
196.180.49.21,8,352
63.220.47.88,1,32
117.225.173.254,1,32
54.240.185.30,3,120
195.252.20.215,1,32
190.34.115.210,1,44
108.78.50.139,1,32
142.161.233.47,10,439
95.84.228.219,1,32
122.170.169.112,1,40
177.88.119.124,1,32
24.240.41.86,1,32
192.222.251.115,1,1060
52.87.170.230,1,32
50.3.43.43,1,32
188.175.214.69,5,200
119.4.171.132,1,32
110.241.165.240,1,32
69.191.172.78,1,32
31.113.147.67,3,164
36.199.138.17,1,32
223.158.232.171,1,32
121.102.94.174,1,32
147.104.107.203,5,200
64.212.248.25,2,64
86.218.27.252,2,88
120.180.155.149,26,1144
194.147.235.130,1,32
196.180.49.67,5,220
88.242.143.218,1,56
50.55.42.254,1,32
151.150.180.249,1,32
171.52.222.163,1,40
52.250.15.140,41,24094
90.18.235.195,1,32
191.74.38.47,2,88
179.185.251.0,1,40
79.239.147.173,1,32
185.0.65.16,46,1840
96.72.34.25,1,32
82.119.32.134,1,60
5.198.186.93,1,32
194.190.86.78,1,32
50.131.203.38,1,32
178.137.159.15,1,32
31.221.59.128,1,32
182.119.218.181,1,32
114.0.84.249,1,32
202.35.212.5,1,32
216.100.13.106,1,56
181.47.179.82,1,32
27.236.15.22,1,32
104.87.86.170,260,258798
156.49.181.171,1,40
114.56.145.203,1,32
169.46.50.145,1,32
179.117.15.131,1,32
34.201.78.215,2,80
111.167.117.175,1,60
52.6.54.107,7,532
104.88.26.3,1,32
27.251.55.59,1,60
4.127.238.85,1,32
77.241.122.87,289,125243
185.72.27.121,19,760
54.215.144.3,9,12604
107.160.167.183,1,40
217.208.20.20,1,32
185.72.27.1,18,720
81.123.80.47,1,32
178.194.107.69,1,32
122.119.51.44,1,40
23.82.34.88,1,52
31.116.165.35,1,32
117.199.20.131,1,32
222.113.13.249,1,32
95.63.247.18,1,32
183.123.45.206,1,60
187.25.179.104,1,32
151.25.34.96,1,40
185.55.161.135,1,44
121.207.139.169,1,56
151.44.254.246,1,44
98.86.78.125,1,32
78.13.102.231,1,32
36.199.22.8,4,179
66.183.116.20,1,32
69.17.162.15,1,32
80.164.102.108,1,32
12.214.43.88,1,32
119.120.159.88,1,32
66.178.239.96,1,40
185.126.164.186,6,256
66.173.40.154,1,28
34.199.158.55,22,6273
94.42.171.196,1,32
98.62.180.150,1,32
2.22.74.61,1,32
186.32.97.150,1,32
61.87.132.128,1,32
23.83.250.228,9,13464
23.61.0.120,1,32
202.88.180.50,1,32
183.100.43.228,1,32
154.161.81.141,1,32
68.153.107.41,1,32
206.179.68.7,1,96
84.202.152.81,1,32
104.98.52.163,1,32
46.231.172.31,34,1360
115.247.111.3,1,32
222.186.53.35,7,280
210.152.21.125,118,7364
188.197.0.236,1,44
175.221.139.124,1,32
104.213.185.37,6,2457
52.212.106.92,2,80
216.125.161.193,1,48
101.231.84.126,1,32
24.185.23.6,2,80
80.155.51.148,1,32
2.160.133.120,1,32
94.179.112.135,1,32
158.81.9.200,2,80
69.39.251.97,6,4856
182.46.142.33,1,32
173.184.187.197,1,60
89.34.101.143,35,1820
186.248.77.90,1,40
41.168.109.10,1,40
24.184.98.126,1,32
94.198.57.209,1,40
60.81.214.177,1,132
37.17.196.130,1,48
202.207.175.5,14,1190
189.173.221.135,1,40
180.95.139.196,2,80
117.117.90.237,7,1166
104.71.254.172,1,32
81.248.24.199,1,44
192.227.98.130,3,180
73.227.156.211,1,32
43.194.151.204,1,84
121.108.84.153,1,32
61.116.172.165,1,48
189.203.182.57,1,32
119.0.207.123,1,32
187.79.235.95,1,32
172.249.28.110,30,9306
49.211.212.152,1,32
77.26.17.171,1,40
46.228.101.37,7,308
111.193.164.247,2,80
36.235.217.202,1,32
128.221.90.140,5,200
69.103.43.30,1,32
115.59.2.204,1,40
47.80.157.1,1,40
182.65.93.197,1,52
78.115.221.9,1,40
72.237.57.16,1,32
211.145.12.24,1,40
91.39.55.93,12,1624
128.120.158.26,1,32
103.13.175.189,1,40
213.236.36.111,1,32
171.157.84.127,1,32
119.143.115.152,1,48
104.145.1.214,1,32
83.143.31.116,1,32
212.6.148.174,1,32
178.89.102.128,1,40
93.161.191.243,1,60
188.175.96.131,4,160
84.105.212.9,1,32
188.63.30.197,1,32
82.139.157.148,1,32
208.90.173.131,1,32
94.0.102.110,1,32
85.184.49.226,1,40
89.236.148.230,1,32
86.113.48.183,1,32
76.202.31.255,1,40
68.234.89.142,1,56
126.195.147.99,1,32
172.249.28.105,34,16721
179.85.83.223,1,60
112.225.154.56,1,40
54.56.134.92,3,435
34.221.122.4,1,32
94.153.225.90,1,32
195.5.126.185,1,60
193.216.222.153,45,1800
185.226.147.226,1,32
113.53.48.217,1,60
223.104.199.164,1,60
1.59.8.192,2,156
71.230.143.41,2,80
93.254.115.145,1,32
71.230.152.134,2,169
211.75.102.244,1,32
94.252.153.188,1,32
73.123.239.50,1,32
47.244.11.249,13,1803
60.109.210.200,1,32
18.216.153.225,1,32
14.182.190.201,1,52
213.124.120.41,1,32
118.191.146.20,1,32
52.51.160.221,1,411
27.178.116.137,1,32
67.162.250.194,1,32
129.196.181.58,1,56
111.251.75.101,1,32
46.144.243.138,1,56
54.244.25.87,6,3780
213.0.92.230,4,336
58.194.247.176,1,48
24.148.109.92,1,32
101.152.233.110,8,794
78.63.32.182,1,32
217.25.225.10,1,32
171.50.215.111,1,48
186.189.195.198,1,44
87.15.51.27,1,32
188.126.96.39,2,88
179.123.80.116,1,32
79.127.192.13,2,80
85.57.82.10,1,40
88.193.192.168,1,32
163.162.161.94,1,64
109.135.147.204,1,44
187.179.68.40,1,32
59.106.56.53,1,40
185.188.31.205,1,40
210.241.232.255,1,32
118.25.78.243,1,40
24.1.62.145,1,32
45.222.157.117,1,44
41.18.209.220,1,60
47.121.127.86,4,336
113.214.249.189,1,32
182.107.137.206,1,48
119.182.46.168,1,48
59.163.156.57,1,32
110.65.110.200,1,132
184.146.203.160,1,32
173.213.129.58,1,32
17.193.61.75,1,107
60.59.98.28,1,40
181.210.253.85,1,32
103.49.52.69,1,60
112.251.16.71,1,32
112.190.223.209,1,60
61.94.106.237,1,32
178.0.107.228,1,32
37.192.70.250,1,40
69.195.19.81,1,32
40.136.197.68,1,32
64.104.157.121,1,32
58.196.226.190,1,40
200.242.18.120,1,32
5.188.104.131,1,60
12.36.191.103,1,32
64.22.164.130,4,219
184.181.239.167,1,32
126.4.163.119,1,32
5.42.102.185,1,32
82.43.25.35,1,32
198.37.175.76,367,547657
80.244.193.19,1,32
93.226.30.95,1,32
73.42.115.43,1,40
118.14.168.122,1,32
132.145.151.51,12,480
98.23.111.23,1,32
175.140.121.141,1,48
124.216.29.24,1,32
114.224.147.185,2,175
123.233.63.206,1,52
71.230.250.117,1,40
23.68.52.180,1,32
52.248.228.133,1,76
121.209.168.40,1,40
198.29.147.198,1,32
220.205.41.189,1,52
201.122.106.217,1,40
150.155.181.183,1,32
99.182.164.200,1,32
90.172.73.122,2,88
98.112.236.230,1,32
222.244.165.13,1,60
187.192.52.123,1,44
112.234.8.147,1,32
81.170.77.36,1,40
178.112.158.178,1,32
120.180.155.151,41,1804
5.74.41.213,1,32
111.165.120.8,1,48
61.93.35.28,1,60
61.30.3.60,1,40
203.162.87.210,1,48
190.105.88.217,1,40
93.211.57.98,1,32
92.241.107.156,1,32
75.109.119.154,1,32
87.242.94.23,1,32
80.212.114.216,14,650
122.33.183.155,1,32
165.116.243.161,4,160
201.177.46.28,1,40
191.166.33.34,1,32
176.112.119.78,1,44
115.130.249.163,1,32
69.128.191.115,1,32
153.255.61.190,16,12106
113.161.51.205,1,52
168.17.193.129,1,44
61.151.139.244,1,32
155.253.11.210,1,32
196.180.49.36,4,176
116.24.181.241,1,32
58.59.138.131,1,32
82.167.190.149,1,32
160.161.235.52,1,32
173.243.206.100,1,44
199.67.110.60,1,32
189.140.33.100,1,32
103.56.176.120,1,40
186.175.43.208,1,32
218.142.111.190,1,58
93.250.41.193,1,32
178.241.76.192,1,32
134.214.55.84,4,160
222.102.150.226,4,160
82.186.28.246,1,40
49.50.147.81,1,52
94.1.131.121,2,80
174.148.235.142,1,32
176.229.208.197,1,32
24.135.157.68,1,32
124.235.104.157,13,616
40.136.109.245,1,60
179.244.236.152,1,32
201.58.41.33,1,32
207.111.183.197,2,80
118.99.157.165,1,32
213.245.198.229,1,32
200.122.60.126,1,96
200.65.18.70,1,60
84.16.153.116,1,32
90.125.97.32,1,32
221.36.109.190,1,84
190.124.167.68,1,56
182.115.186.60,1,60
96.65.212.254,1,32
72.3.236.208,1,32
18.191.203.156,1,32
1.30.229.180,1,32
37.106.89.117,1,40
27.237.66.215,1,40
151.231.22.87,1,44
172.119.52.97,31,5049
177.70.51.22,1,60
52.24.161.229,5,831
218.130.230.73,10,400
54.248.160.59,1,76
179.255.3.159,1,32
58.206.92.85,1,28
182.189.71.217,1,40
168.250.103.64,1,60
79.243.101.101,1,32
116.176.41.162,1,132
220.144.236.60,1,40
199.67.160.6,1,60
218.134.211.120,2,100
185.104.111.133,5,280
125.213.249.236,1,32
67.207.112.91,1,32
138.221.35.73,10,400
85.38.165.170,1,32
23.66.54.64,3,366
34.213.255.199,1,32
31.135.143.246,1,32
94.245.235.9,1,32
95.29.153.9,1,32
218.201.180.214,1,32
78.143.118.203,1,32
92.61.226.218,1,60
23.31.17.135,1,32
24.241.255.27,1,32
165.253.14.127,1,60
70.67.236.74,1,32
49.218.37.0,1,48
121.95.165.254,5,784
107.130.150.187,1,40
93.246.194.200,1,32
62.245.70.104,1,60
17.71.252.67,26,22456
89.170.21.203,1,32
177.127.222.178,1,44
196.141.9.24,1,32
47.120.247.160,4,336
172.19.93.61,1,32
172.249.25.186,34,18039
118.49.166.84,1,32
187.95.67.122,1,32
112.62.156.157,1,32
121.143.84.133,1,32
216.211.39.137,2,218
195.67.230.115,1,32
18.178.1.47,1,55
86.132.171.51,1,32
52.69.216.113,1,32
76.87.205.59,1,32
131.114.1.75,1,32
76.65.42.254,1,32
187.199.100.194,1,40
83.255.158.170,1,40
189.208.32.80,1,40
95.45.58.23,1,32
67.171.96.27,1,32
27.55.160.188,1,32
17.192.251.94,3,1126
47.244.31.133,4,336
172.249.28.71,227,236283
17.197.151.183,9,6860
92.122.223.134,1,32
175.216.12.241,1,32
216.221.23.30,1,32
59.34.152.132,1,32
212.174.116.188,1,32
171.192.59.41,1,32
72.172.102.205,2,152
185.72.27.41,39,1560
126.158.164.213,4,192
176.25.10.212,2,80
107.162.178.215,1,32
175.58.36.96,1,32
80.136.93.168,1,32
189.216.131.71,1,32
198.30.194.84,1,76
77.241.122.240,15,600
94.15.235.39,4,272
182.124.89.211,1,40
124.24.127.126,1,44
133.200.138.251,10,2246
180.179.120.145,3,208
60.249.27.202,1,32
71.230.250.181,1,40
88.196.140.171,1,32
95.184.57.245,1,32
190.217.160.117,1,32
52.25.148.85,1,32
143.7.81.133,3,172
83.186.176.33,1,32
60.31.126.229,1,32
60.151.108.130,1,40
151.18.125.234,1,32
173.171.18.209,1,32
91.124.153.250,1,32
184.26.206.177,1,32
192.100.161.184,5,200
52.51.179.248,2,104
196.180.49.68,12,528
64.22.165.173,3,210
121.158.43.205,1,40
88.135.157.204,1,32
122.131.207.93,1,48
176.116.45.170,1,32
182.154.20.0,1,32
218.136.214.53,1,32
192.156.143.212,1,56
188.166.165.214,1,40
71.230.146.118,9,396
113.196.203.169,1,76
1.63.123.46,1,60
156.33.230.133,1,40
1.41.7.64,1,32
41.147.105.2,1,32
70.90.106.238,1,32
172.249.28.67,5,935
105.99.140.137,1,32
172.249.31.73,1,52
172.103.173.194,3,120
188.66.38.101,1,32
213.62.194.182,1,32
98.246.126.213,1,32
114.45.127.237,1,32
138.221.89.121,3,120
189.163.200.101,1,32
197.42.23.35,1,40
14.121.136.50,1,32
71.230.251.253,2,80
185.72.27.101,10,400
175.105.166.123,1,48
76.244.232.235,1,32
82.23.50.13,1,32
75.168.51.202,1,32
181.232.76.10,2,88
112.30.32.153,1,60
103.213.249.53,1,32
41.166.115.36,3,164
202.183.185.58,20,9010
125.201.236.210,1,32
91.9.150.252,6,7570
167.224.198.255,1,32
73.98.0.171,1,32
113.68.110.113,1,32
117.244.50.190,1,40
72.186.189.253,1,32
185.72.27.145,42,1680
71.104.244.90,2,158
117.117.95.232,324,486000
108.58.254.139,1,32
175.96.186.92,1,32
78.130.32.157,1,48
178.56.91.131,1,32
114.162.51.92,1,40
126.234.99.250,1,32
122.166.185.133,1,60
177.64.20.150,1,32
110.200.174.51,1,48
14.108.83.235,1,32
111.172.153.141,1,60
46.99.133.11,1,32
88.138.148.98,1,32
17.199.30.205,16,9355
139.219.156.149,1,48
65.62.22.212,1,32
85.199.20.193,1,32
146.24.69.162,6,636
84.153.107.129,1,32
34.238.130.223,1,40
52.51.97.30,2,532
71.230.250.100,2,80
183.194.245.120,1,60
176.110.107.188,1,32
31.113.147.116,7,728
31.98.230.169,1,32
188.252.97.99,1,32
216.166.16.161,1,32
74.101.90.185,1,32
222.89.226.200,1,56
170.122.162.74,1,32
45.126.89.136,1,32
179.93.69.25,1,32
94.49.21.103,1,40
31.207.233.218,1,32
212.5.74.17,1,40
23.200.192.71,1,32
193.169.102.230,1,60
86.63.88.83,1,40
61.169.72.106,1,40
84.33.1.100,1,56
198.218.28.201,1,56
117.45.221.29,1,32
98.53.70.233,1,32
194.194.228.184,1,40
197.40.156.94,1,40
171.210.21.67,1,132
119.158.30.116,1,32
45.175.20.203,1,32
5.244.103.80,1,32
81.240.193.242,1,32
67.172.125.141,4,144
186.199.38.174,1,32
89.116.107.123,1,32
162.98.86.26,3,214
27.253.53.35,1,40
35.80.183.62,1,32
181.207.104.207,1,32
54.216.254.90,1,32
207.19.131.243,1,32
82.121.78.65,1,32
219.97.178.236,1,32
173.233.156.50,4,384
37.40.107.136,1,32
5.63.32.253,1,40
99.191.170.166,1,60
12.251.240.94,1,32
208.101.6.58,1,32
23.229.43.187,1,32
162.60.122.134,1,32
200.122.13.116,1,468
195.90.44.74,1,40
222.72.67.166,2,104
73.52.236.7,1,32
72.158.235.226,1,32
81.99.171.50,1,32
34.230.249.251,1,32
80.130.107.179,1,32
60.57.167.213,1,52
113.251.156.198,1,32
94.191.181.3,1,40
85.242.216.181,1,32
37.17.212.103,1,40
121.157.129.168,1,40
78.38.216.193,1,32
175.114.84.50,1,48
68.74.23.184,5,200
106.199.167.15,1,32
176.13.185.175,1,32
197.25.213.175,1,32
46.185.230.206,1,32
68.74.137.74,1,60
222.222.54.189,1,52
93.125.101.137,1,32
88.11.63.93,3,120
73.225.127.223,1,32
95.148.48.208,1,40
194.217.67.67,1,32
122.57.238.106,1,44
193.36.51.126,1,60
134.62.49.135,1,32
89.199.67.26,4,175
69.225.90.123,1,32
108.48.213.138,1,32
190.252.174.32,1,44
196.194.176.231,1,32
157.193.83.114,1,48
124.222.130.231,2,88
223.61.251.42,1,32
41.33.30.133,1,32
88.57.47.18,1,40
89.199.72.64,6,261
217.147.148.243,1,32
79.106.127.9,1,40
192.33.108.180,1,79
110.150.208.179,1,32
121.134.222.190,1,32
178.165.28.77,1,48
119.223.176.156,1,32
1.254.40.106,1,48
94.104.232.32,1,32
200.31.247.39,1,32
68.43.55.199,1,60
66.249.190.116,2,104
69.154.196.209,4,160
110.210.207.140,1,44
197.38.46.61,1,40
37.38.52.44,1,40
179.39.174.17,1,32
75.140.80.186,1,32
39.43.153.173,2,1759
101.56.179.200,1,48
66.251.143.163,1,40
112.153.170.199,1,52
196.180.49.13,5,220
51.83.180.134,1,32
115.241.151.19,1,32
52.51.97.106,11,6927
139.68.229.167,3,120
141.149.144.213,4,207
61.232.228.184,1,32
103.214.64.119,4,2604
31.69.75.31,1,32
23.64.129.57,1,99
149.184.171.56,1,32
196.208.230.38,1,32
192.212.98.238,1,655
190.68.55.201,1,44
23.64.129.24,3,305
83.109.89.202,1,32
198.52.194.197,2,405
185.49.252.227,17,680
221.131.86.70,1,40
73.91.203.137,1,32
108.28.218.213,1,32
198.252.128.84,3,609
13.205.209.153,1,86
59.14.219.25,1,32
186.176.148.147,1,32
80.11.88.60,1,32
105.131.163.176,1,32
192.252.94.97,1,655
109.126.119.49,1,32
38.132.116.34,1,60
205.58.72.114,1,279
162.12.51.215,2,80
192.214.35.94,24,4758
197.253.91.183,1,44
178.103.29.87,3,120
178.222.108.50,1,40
62.76.10.106,1,32
222.142.226.123,1,52
74.47.108.131,1,32
217.54.73.42,1,60
173.119.75.170,1,32
23.72.221.45,1,32
97.54.8.58,1,32
114.173.89.228,1,52
62.134.223.15,1,32
54.50.226.158,1,32
54.49.181.122,3,258
82.246.238.234,1,44
1.21.241.209,1,40
38.179.93.213,1,32
211.141.156.139,1,32
188.5.216.21,1,32
82.105.51.25,1,32
79.210.122.135,1,32
218.130.60.150,1,40
13.161.232.63,2,80
116.133.77.50,2,120
185.118.251.37,1,52
222.209.122.78,1,60
153.28.25.126,1,40
174.157.89.104,1,32
47.82.215.211,1,40
119.234.162.159,1,32
172.30.180.165,1,32
154.142.216.202,2,100
188.125.29.188,1,32
88.65.243.254,1,32
119.198.169.232,1,32
185.72.27.142,40,1600
176.209.3.241,1,32
156.43.239.223,1,40
211.17.62.101,1,40
170.68.63.136,1,60
69.133.225.232,10,520
202.53.112.125,1,60
62.31.54.217,1,56
184.100.145.42,1,32
106.203.123.161,1,32
84.130.183.91,1,40
17.193.180.253,1,76
209.43.241.68,2,120
119.18.55.10,1,60
92.26.173.41,1,32
62.174.135.5,3,120
113.126.201.27,1,32
84.47.165.79,1,32
151.27.77.251,1,40
83.89.169.165,1,32
64.170.17.66,2,64
5.189.61.210,55,69344
47.194.143.148,1,32
196.180.49.25,10,440
109.101.158.211,2,64
62.237.10.224,1,60
37.16.224.87,1,32
185.60.165.203,4,276
27.48.35.96,1,32
185.72.26.109,4,160
185.197.201.77,1,32
187.53.80.22,1,32
219.113.122.24,3,848
220.147.102.25,1,40
220.139.6.178,1,32
112.161.254.194,1,32
2.207.189.122,1,32
103.196.201.230,1,60
134.71.233.28,1,32
79.125.166.222,1,60
103.100.88.231,1,40
85.103.24.6,1,60
89.108.136.90,1,32
122.160.196.110,1,32
179.63.107.36,1,32
93.68.127.129,1,32
27.203.3.238,1,32
211.180.225.77,1,32
107.154.34.206,1,32
212.204.142.195,1,60
58.215.7.251,1,32
173.108.23.122,1,32
123.166.131.74,1,48
58.48.209.188,1,32
122.57.82.219,1,44
111.93.159.236,1,44
182.180.52.182,2,80
93.158.199.94,3,156
64.65.244.201,2,80
63.199.214.54,12,1817
60.149.229.196,1,56
14.46.176.110,1,60
62.237.10.160,1,32
123.144.18.243,1,32
80.111.30.213,1,32
49.95.4.43,1,32
190.72.197.68,1,40
190.118.110.55,1,32
13.206.179.251,1,52
73.217.57.152,1,32
82.189.245.157,1,32
121.66.63.70,6,854
112.241.129.149,1,60
202.90.169.45,1,60
220.57.172.123,1,32
125.211.76.60,1,32
84.204.206.103,1,32
86.249.60.35,1,32
122.233.27.30,1,60
112.63.183.40,1,60
154.247.19.115,1,32
113.10.95.253,1,76
12.50.236.198,1,32
52.91.251.173,2,619
64.22.165.114,20,1963
35.26.238.236,2,147
85.97.192.154,1,32
200.65.30.165,1,60
185.129.63.171,1,32
206.74.237.130,1,32
5.122.72.185,1,32
221.43.121.41,4,240
197.254.60.160,1,40
37.17.208.91,1,40
122.171.236.120,1,40
182.189.155.194,1,40
125.126.94.64,1,32
87.250.84.67,1,32
168.253.70.138,1,56
37.58.72.99,1,32
177.252.171.202,1,32
31.113.147.98,101,122926
182.99.23.150,6,240
133.209.42.11,1,32
34.208.13.93,1,32
71.230.250.172,2,80
176.247.162.212,1,56
189.232.172.81,1,32
24.74.52.34,1,32
13.161.239.27,18,8657
175.176.185.134,1,90
109.219.216.221,1,32
80.163.153.1,1,32
12.35.2.123,1,32
61.97.67.111,1,48
162.168.238.212,1,32
166.158.124.125,1,32
119.133.47.54,1,58
68.160.126.187,1,32
121.211.14.70,1,32
139.242.252.190,1,76
58.22.139.106,1,32
112.186.147.207,1,32
172.249.28.100,3,159
71.230.199.104,11,518
27.25.178.227,1,76
77.109.161.245,1,32
50.212.97.246,1,32
223.35.25.169,1,40
200.65.29.249,1,60
117.27.230.216,2,88
77.241.122.67,6,240
45.125.123.150,3,120
71.230.250.46,1,40
91.198.62.73,1,78
71.230.250.230,1,40
73.172.148.116,1,32
174.187.11.231,1,32
14.54.241.177,1,32
91.42.36.166,1,60
189.223.34.61,1,40
186.242.212.158,1,32
85.103.171.122,1,32
101.231.177.29,1,62
113.247.63.55,1,76
123.111.111.198,1,52
216.141.146.210,1,32
172.102.228.13,3,120
122.119.224.160,4,192
167.192.79.188,1,32
96.85.35.217,1,32
17.199.46.148,15,8764
68.169.180.34,1,32
195.14.148.134,1,32
32.84.17.193,1,32
78.229.186.65,1,44
156.35.155.233,1,40
61.208.83.167,1,32
195.14.23.171,5,420
172.102.227.153,1,40
71.230.250.4,1,40
24.85.175.141,1,32
41.88.235.53,1,32
71.230.143.40,1,40
209.133.111.232,1,32
92.69.66.185,1,56
109.161.200.96,1,40
88.11.63.72,2,80
188.121.4.138,1,32
218.197.37.226,1,32
47.223.252.236,1,52
191.121.201.45,1,44
60.67.170.198,16,832
181.25.181.231,1,32
85.73.85.78,1,56
92.194.244.84,1,40
62.237.19.100,16,19017
101.198.149.226,1,32
88.11.63.70,2,80
71.230.146.117,2,121
123.255.100.81,1,32
175.51.248.12,10,400
60.111.182.55,1,64
60.17.116.179,1,32
52.255.243.16,1,76
216.202.230.134,7,280
192.33.42.167,3,789
216.177.171.25,1,32
104.109.3.80,1,32
92.13.120.232,1,32
217.224.80.53,1,32
185.36.71.159,1,32
86.194.43.63,1,44
182.87.88.130,1,32
60.123.95.192,1,32
31.161.129.33,4,336
113.173.85.89,1,32
201.205.40.52,1,32
121.100.145.211,1,76
73.31.36.163,1,32
185.109.204.143,4,505
31.211.101.8,1,40
182.129.17.11,1,32
110.63.186.93,1,32
203.136.255.156,1,44
162.8.33.57,11,6779
89.131.233.22,1,56
139.173.135.232,3,120
93.112.34.7,1,32
47.184.240.195,1,32
142.161.238.230,8,320
222.81.168.217,1,32
104.225.126.174,4,160
152.57.72.242,1,32
89.131.235.204,1,56
89.91.142.130,1,40
157.134.45.142,3,326
185.12.84.174,1,32
184.152.33.144,1,32
40.134.121.54,1,40
23.220.73.38,1,40
188.54.147.119,1,32
198.245.91.198,1,40
178.162.1.119,1,40
189.90.9.221,1,32
220.47.155.246,1,32
82.56.122.106,1,40
156.58.124.114,1,40
192.49.201.102,1,40
192.148.95.167,2,120
52.254.226.193,2,282
89.131.236.196,1,56
85.73.82.54,1,56
106.51.21.89,1,48
111.172.220.174,1,56
176.36.129.15,1,426
187.140.137.119,1,32
122.53.85.219,1,44
129.232.161.118,1,44
189.196.0.131,1,56
187.111.212.44,1,32
89.131.236.152,1,56
85.73.84.128,1,56
84.224.161.21,1,56
176.249.208.30,1,32
50.201.146.53,1,32
34.201.162.9,1,32
185.27.232.109,1,32
67.237.185.196,1,32
118.33.25.147,2,80
69.196.41.114,1,32
172.249.30.152,1,52
84.224.163.45,1,56
138.4.81.97,5,200
74.49.85.16,1,32
170.219.107.152,1,32
171.229.11.28,1,48
99.38.109.0,1,32
67.40.1.81,1,60
34.202.64.112,2,137
217.180.103.22,68,102000
90.113.155.172,1,40
85.73.86.38,1,56
83.72.121.179,1,32
85.73.82.140,1,56
103.99.250.253,1,40
121.23.215.10,1,52
210.111.133.94,2,80
77.42.206.131,1,40
85.212.213.229,2,80
91.181.250.76,1,32
125.250.194.184,1,60
84.224.164.15,1,56
92.69.68.58,1,56
69.215.148.44,1,32
185.252.129.69,1,32
59.49.238.16,1,32
2.236.103.63,1,32
113.41.83.38,1,60
87.55.57.57,1,32
47.88.231.84,2,2187
145.148.132.215,1,32
89.131.238.1,1,56
110.70.171.76,1,60
50.20.47.129,1,60
43.217.140.34,41,5243
114.168.219.59,1,32
70.78.142.110,1,32
89.131.237.134,1,56
189.125.198.115,1,32
59.161.152.223,1,32
201.69.67.49,1,32
177.162.185.49,1,40
178.167.110.184,2,104
172.84.30.95,1,32
101.112.211.204,1,76
95.56.166.68,1,32
166.255.206.13,1,32
113.220.0.194,1,40
183.155.42.234,1,32
113.20.94.96,1,52
172.249.30.184,1,52
106.100.114.147,1,154
71.21.52.104,1,32
78.4.235.34,1,32
148.51.130.153,1,32
171.195.79.253,1,32
58.30.138.42,2,80
62.228.3.43,1,60
70.117.101.111,1,32
132.216.244.249,1,52
60.220.66.149,1,32
5.28.97.203,1,32
73.40.107.36,1,32
222.137.191.228,1,32
64.247.128.254,2,198
106.65.127.21,1,32
163.74.6.198,1,32
221.241.249.195,1,32
192.240.69.121,1,40
76.136.53.74,1,32
94.192.66.97,1,32
175.108.203.11,1,32
95.171.138.203,1,48
35.33.92.230,1,40
202.201.83.28,1,40
186.14.107.88,1,32
94.109.204.133,1,60
60.105.235.252,1,58
176.125.43.185,1,32
201.233.185.19,1,32
121.172.126.169,1,40
67.163.107.39,1,32
201.144.153.238,1,32
83.174.70.79,1,32
64.22.174.159,4,240
88.88.233.121,1,32
89.234.110.171,1,32
5.146.205.249,1,40
125.170.121.206,1,32
143.59.29.20,1,32
23.66.1.58,13,12496
142.150.0.15,1,32
178.96.158.218,1,40
52.254.219.239,1,40
187.244.41.105,1,44
150.241.2.190,1,32
77.96.107.66,1,32
165.116.243.41,3,120
170.17.203.237,1,40
101.54.5.232,1,60
190.170.220.156,1,32
171.50.229.25,1,60
113.45.158.136,1,52
24.253.251.226,1,32
14.57.33.147,1,32
23.94.230.247,1,52
87.145.251.162,1,52
115.65.97.187,1,44
88.113.43.229,1,32
73.166.226.7,1,32
174.198.120.51,1,32
141.60.112.181,1,32
112.153.28.199,1,60
87.240.94.189,1,32
54.49.53.170,1,40
79.23.132.20,1,44
118.244.99.78,1,32
105.35.235.43,1,32
113.28.151.221,1,28
89.191.126.79,1,32
17.192.163.138,2,274
182.243.177.137,10,8027
106.97.166.187,2,80
52.254.69.245,1,40
188.4.160.67,4,240
88.57.56.123,1,44
68.233.158.106,1,56
68.74.23.188,4,160
17.156.100.186,1,68
93.206.215.233,1,76
81.93.119.176,1,32
86.220.107.64,1,40
111.166.110.154,1,32
118.93.49.123,1,40
223.109.116.183,1,32
191.82.132.156,1,44
18.208.86.58,1,32
180.35.37.124,1,32
181.26.28.86,1,40
202.123.246.143,1,44
218.206.137.70,1,60
68.86.180.218,1,32
79.97.75.40,1,32
81.29.105.100,1,32
85.93.107.118,1,32
87.116.38.107,1,32
134.154.232.45,4,432
111.205.116.184,1,32
34.192.86.117,1,32
52.225.191.30,1,32
134.192.82.62,1,32
223.75.225.86,1,52
173.55.16.230,1,32
204.206.52.195,1,32
202.130.137.75,1,32
183.173.145.114,1,48
60.190.45.53,1,32
98.76.36.224,1,32
46.169.248.179,1,60
189.195.73.185,1,32
171.148.203.78,1,76
92.233.131.200,1,32
195.177.191.54,1,32
35.68.146.131,26,2678
68.68.105.221,1,32
71.230.250.135,1,40
184.75.109.170,1,32
73.237.53.252,1,32
82.80.247.58,1,32
52.19.186.253,1,32
184.22.86.233,1,32
125.194.225.102,1,32
122.226.246.112,1,32
177.226.40.251,1,32
177.70.51.98,1,60
80.207.255.193,1,32
113.227.59.54,1,76
52.254.33.134,1,76
151.150.78.133,1,40
94.68.3.99,1,32
142.83.43.170,1,32
62.240.245.116,1,32
128.221.81.171,1,32
113.46.20.108,1,132
14.29.92.111,1,32
218.30.62.144,1,32
67.248.109.178,1,32
42.81.145.255,1,32
69.38.69.183,1,32
111.93.154.124,1,44
13.207.6.74,1,76
12.27.119.181,1,32
45.222.231.170,1,60
218.252.28.49,2,80
54.187.116.56,1,52
121.180.238.19,1,32
222.103.204.216,1,60
45.56.91.160,2,80
164.128.57.226,1,32
211.52.14.204,1,32
178.162.10.78,1,40
202.46.27.16,4,336
159.137.119.219,1,32
183.215.14.175,1,32
184.170.253.117,1,32
87.57.100.163,1,40
181.204.162.172,2,96
119.207.240.126,1,60
221.13.2.224,1,32
157.247.11.42,1,32
178.45.161.145,1,32
112.230.43.176,1,40
41.43.64.114,1,32
210.170.120.117,1,32
106.62.217.114,1,76
23.62.146.180,1,32
68.74.17.226,2,80
71.230.250.153,1,40
54.249.137.16,1,32
195.89.181.170,2,112
188.11.198.155,1,40
177.196.11.201,1,32
142.161.196.17,8,320
91.236.6.178,11,716
114.161.132.202,1,32
5.64.104.136,1,40
92.8.58.140,27,1080
222.233.32.60,1,32
212.144.104.145,2,80
79.148.212.124,1,32
13.30.32.49,1,76
118.163.35.107,1,32
211.236.126.182,1,40
183.218.27.33,1,52
52.92.2.120,1,32
185.111.212.80,1,32
37.129.187.127,1,32
185.234.133.204,1,32
193.123.218.75,1,60
103.228.210.32,1,44
181.116.237.219,1,40
82.237.7.189,1,32
172.36.82.197,1,60
2.105.62.164,1,48
100.224.70.36,1,32
122.40.180.93,1,32
172.103.153.252,2,80
115.38.134.105,4,496
110.50.244.80,1,32
153.26.51.238,1,40
32.217.147.98,1,32
107.8.26.75,1,32
114.32.212.25,1,60
103.202.201.66,1,52
119.6.7.156,1,32
211.236.126.189,1,40
36.21.41.58,1,32
87.237.18.212,1,40
156.28.12.162,2,80
106.96.13.83,3,120
217.178.79.16,4,296
70.54.57.24,1,32
107.6.251.175,1,32
121.152.70.86,1,60
96.27.241.217,1,60
134.214.126.227,1,32
104.153.62.134,1,40
54.218.170.45,4,212
68.29.109.75,1,32
188.173.236.160,1,125
5.64.104.147,2,80
121.20.215.221,1,32
112.218.176.26,1,32
90.113.156.121,1,40
93.239.223.94,1,32
123.21.64.51,1,52
85.222.6.19,1,48
23.232.218.172,1,32
187.183.150.92,1,52
113.223.11.164,1,32
82.178.120.202,1,32
79.222.72.43,1,32
191.53.146.4,1,40
179.218.187.143,1,32
92.201.99.44,2,80
189.86.172.129,1,44
77.18.139.223,1,40
17.193.171.235,1,76
106.99.178.180,1,32
71.230.250.231,2,80
190.180.254.49,1,32
171.188.134.59,1,32
220.209.4.61,1,32
41.80.25.170,1,40
149.184.130.119,2,80
5.188.104.138,1,52
72.225.84.169,1,32
1.23.24.222,1,32
69.206.101.218,1,32
2.136.253.70,1,281
164.48.28.82,2,88
139.173.169.221,1,40
189.79.18.106,1,32
219.226.220.234,1,40
211.114.77.168,1,32
109.145.250.10,1,32
5.64.104.156,2,80
125.245.159.100,1,40
221.34.235.12,1,60
63.111.240.68,1,32
222.188.125.229,1,32
65.213.13.230,1,32
17.193.180.116,1,76
185.72.26.0,8,320
51.185.15.161,6,280
23.230.122.131,10,4558
65.204.228.61,1,32
182.108.220.66,1,32
139.173.142.36,1,40
142.248.116.146,1,40
156.42.102.47,1,32
111.195.242.206,1,32
74.59.36.46,1,32
86.115.131.202,1,32
94.69.164.164,1,44
186.216.5.210,1,32
183.200.184.155,1,52
46.57.136.86,2,96
213.61.197.210,1,40
185.184.83.21,13,520
83.99.173.193,1,44
115.29.74.77,1,32
75.97.220.231,1,32
74.143.174.73,1,32
92.93.165.45,1,32
5.64.104.140,3,120
71.230.146.69,2,76
82.192.203.18,1,32
70.174.126.57,1,32
177.60.164.5,1,32
35.11.132.249,5,1273
75.179.170.185,1,32
94.191.125.93,1,32
183.165.132.61,1,40
35.90.3.154,2,461
171.166.167.204,1,40
132.209.9.10,1,32
190.224.201.58,1,32
173.198.26.35,1,32
113.19.123.86,1,32
217.58.130.165,1,32
112.12.202.83,1,60
59.68.93.206,1,32
68.234.159.137,1,32
23.94.230.129,6,8958
111.93.107.204,1,44
195.212.38.191,1,32
165.116.248.159,5,200
41.99.32.160,1,32
79.119.111.192,1,32
72.223.169.3,1,32
124.150.228.30,1,32
152.86.36.160,1,32
80.92.252.232,1,32
220.44.249.232,1,32
41.217.163.135,2,100
79.40.96.62,1,32
119.160.46.241,1,32
177.136.222.109,1,32
138.253.228.51,1,44
73.159.71.86,1,32
52.240.55.122,3,1260
39.43.110.173,1,48
79.169.11.242,1,40
71.47.113.42,1,32
163.145.44.123,3,225
59.70.134.49,1,40
88.227.138.58,1,32
88.237.246.151,1,32
14.40.50.249,1,32
200.86.243.1,1,32
60.144.46.88,1,32
132.148.2.48,1,32
182.191.82.103,1,32
188.175.98.63,5,200
87.160.243.213,1,40
212.155.217.174,1,40
201.192.167.246,1,40
89.121.101.130,1,32
172.103.142.5,3,120
58.147.254.145,1,40
90.122.158.201,1,32
159.52.175.60,6,240
71.173.18.203,1,32
154.201.202.120,6,576
119.251.73.17,1,60
52.100.176.154,6,647
182.41.130.57,1,32
61.151.9.86,1,40
2.72.190.179,1,32
117.253.60.206,1,32
90.183.236.83,1,32
105.195.31.158,2,168
130.53.254.6,1,52
46.173.222.216,1,32
123.48.142.141,2,96
186.222.10.227,1,32
77.207.220.30,1,32
208.33.168.66,1,32
69.39.251.86,1,52
172.249.30.177,1,52
107.157.84.14,1,32
52.246.92.103,2,388
209.238.124.153,12,528
98.78.201.205,1,32
126.232.160.98,1,32
159.137.136.71,2,80
196.180.49.29,6,240
23.94.229.33,4,239
112.225.244.227,1,32
219.14.48.63,1,32
103.112.181.232,1,40
223.15.215.0,1,92
159.137.197.133,5,200
82.0.52.241,1,32
36.172.164.162,4,496
118.40.159.71,1,60
190.52.69.8,1,40
23.61.66.119,2,80
80.12.66.131,1,32
187.146.237.227,1,40
105.206.41.209,1,32
12.232.213.120,1,32
173.48.203.28,1,32
113.116.227.105,1,32
5.82.32.42,1,32
37.213.90.3,1,32
95.76.138.79,1,32
180.97.145.44,1,60
112.8.68.38,1,76
35.87.20.156,1,32
112.52.49.79,1,60
94.1.65.150,1,60
84.227.160.71,2,100
104.15.195.68,7,1324
34.211.101.87,1,32
187.92.9.32,1,32
203.136.248.6,1,44
36.248.85.139,1,32
121.105.183.111,1,52
45.125.173.212,7,1467
89.11.203.141,1,32
219.106.70.129,3,120
218.99.215.71,1,40
212.13.117.168,1,60
61.202.69.45,1,132
178.143.144.229,1,32
120.125.12.5,1,32
220.40.249.152,1,40
81.171.158.238,1,32
17.193.181.206,11,4574
172.196.72.197,1,32
31.149.20.227,1,32
178.42.38.249,1,40
207.20.180.147,1,32
223.48.9.89,1,32
80.236.150.75,1,32
82.97.162.117,1,32
158.205.203.166,1,32
178.125.203.12,1,32
177.64.251.205,1,40
109.53.105.165,1,32
82.33.106.191,1,44
162.99.43.134,1,32
223.53.10.223,1,32
81.109.202.36,47,1880
108.200.106.214,1,32
183.162.67.109,1,32
13.161.234.213,1,52
188.81.161.240,1,32
91.19.23.81,2,104
66.215.163.149,1,32
82.12.161.19,1,32
218.195.174.89,1,60
182.223.150.124,2,80
217.66.152.165,1,32
99.47.23.37,1,32
80.8.105.42,1,40
31.222.97.105,1,32
140.252.69.166,1,52
85.175.79.115,1,32
2.246.148.5,1,44
27.48.230.214,1,40
104.36.81.247,1,32
115.250.156.235,1,32
5.40.154.151,1,44
54.240.173.68,3,151
110.204.68.185,1,32
24.222.100.15,1,32
75.89.84.235,1,32
84.52.88.58,1,40
58.219.242.83,1,32
200.216.62.189,1,32
179.185.237.11,1,32
131.34.235.30,1,60
178.169.63.167,1,32
178.222.76.189,3,120
156.58.71.80,1,40
185.151.11.213,1,32
120.221.38.117,1,32
95.234.107.175,1,32
221.24.129.31,1,52
97.49.246.137,1,32
103.240.43.118,1,40
202.85.83.21,3,120
148.90.40.211,1,32
113.10.200.217,1,32
139.173.159.118,3,120
61.160.68.7,1,32
58.22.205.31,5,939
93.20.16.142,1,32
117.100.254.234,1,52
5.54.218.50,1,32
88.237.232.112,1,60
73.10.175.78,1,32
139.233.98.128,1,76
187.12.116.196,1,32
200.39.89.248,1,32
189.197.6.240,1,32
217.178.79.19,2,128
64.219.50.222,1,40
122.248.199.123,1,32
185.177.64.30,1,40
52.46.92.174,2,829
61.209.174.85,1,40
191.235.239.45,1,32
115.52.151.163,1,40
171.168.103.30,1,76
119.52.178.220,1,32
100.213.228.32,3,252
50.164.13.143,1,32
37.67.71.23,1,52
41.115.215.47,1,32
60.80.81.223,1,32
190.31.240.118,1,60
139.173.140.86,3,120
159.153.172.26,4,160
5.190.189.185,1,32
95.136.188.123,1,40
73.18.177.42,1,40
190.14.124.89,1,32
154.142.158.193,1,40
69.93.66.220,1,32
93.240.33.98,1,32
120.156.94.83,1,52
159.115.111.89,1,44
37.17.20.190,1,40
64.65.244.70,1,40
142.137.32.150,1,32
115.22.167.34,1,32
197.47.196.122,1,40
46.197.117.179,1,32
200.149.220.105,1,96
216.57.251.173,1,32
135.236.181.147,1,32
46.168.96.24,1,40
139.239.240.106,1,60
27.46.45.232,1,32
101.60.79.12,1,76
223.59.82.119,1,32
92.78.141.157,3,590
124.124.101.81,1,32
93.223.147.158,1,32
90.113.149.213,1,40
52.84.169.200,1,52
219.95.128.161,1,32
61.212.110.58,1,40
58.158.110.142,1,32
88.11.63.85,6,240
91.147.68.74,1,32
222.102.78.17,1,32
172.103.154.82,1,40
74.193.23.172,2,170
71.238.146.235,1,32
189.26.73.19,1,32
218.128.12.186,7,540
162.12.5.31,1,40
173.96.27.69,1,32
108.55.173.188,1,32
46.182.106.20,1,40
190.145.12.158,1,32
173.246.155.221,5,1854
103.80.169.113,1,60
73.132.109.177,1,32
210.114.156.43,1,52
18.188.134.158,1,32
106.118.1.159,1,48
180.159.249.62,1,40
61.11.47.200,1,32
23.90.36.59,1,32
152.28.41.88,1,60
220.10.172.203,1,32
182.24.116.189,4,496
92.58.14.9,1,32
79.71.255.12,1,32
121.171.57.110,1,32
179.84.133.172,1,32
71.230.250.218,1,40
73.28.120.20,1,32
193.12.15.13,1,32
171.171.119.27,1,60
157.207.243.55,1,32
168.27.219.16,1,40
79.45.75.115,1,32
162.216.174.120,1,32
90.23.110.37,1,32
74.193.190.157,2,80
109.57.226.4,1,32
90.2.126.197,1,32
111.125.25.141,1,32
189.222.98.128,1,32
89.198.185.107,1,32
202.190.15.194,8,1636
195.249.238.174,1,32
166.48.207.40,1,60
183.138.203.251,1,32
118.161.133.170,1,32
59.115.2.239,1,32
52.27.39.225,1,32
12.5.19.130,1,32
76.23.143.181,1,60
50.228.225.179,1,32
64.22.173.131,1,533
188.163.122.214,1,76
114.50.134.80,1,76
23.39.183.92,1,32
218.62.182.142,1,32
13.195.28.168,1,32
24.166.187.78,1,32
85.113.98.169,1,32
182.0.110.209,1,32
102.84.114.236,1,32
66.224.45.150,10,2431
52.255.209.92,1,76
159.137.149.121,4,160
5.203.125.206,1,52
37.98.112.19,1,32
98.5.174.210,1,32
152.59.2.75,1,32
188.195.130.178,1,32
85.245.166.255,1,32
162.110.164.218,1,32
122.37.186.162,1,32
46.110.38.99,1,32
188.172.193.138,241,343284
106.90.35.172,1,76
189.230.101.131,1,32
212.231.181.49,1,32
85.37.254.97,1,32
172.249.30.185,10,1665
68.230.251.113,1,32
146.252.84.252,1,32
79.189.227.55,1,32
86.196.43.115,1,32
94.126.37.199,1,32
59.62.103.113,1,60
191.159.153.205,1,32
69.115.126.133,1,32
39.42.106.27,5,1520
154.168.21.250,1,40
69.46.18.246,1,32
208.108.73.69,2,718
119.157.127.116,1,60
5.93.217.91,7,4014
173.45.93.134,1,32
81.255.84.74,1,32
84.198.203.204,1,32
191.109.12.236,1,40
125.227.55.237,3,120
112.165.197.201,1,32
89.207.84.211,1,32
66.223.11.181,1,32
123.185.129.153,1,48
193.42.44.190,1,32
221.125.182.91,1,32
221.28.134.214,1,32
74.48.4.203,1,32
67.254.23.142,1,32
115.210.116.222,1,32
221.245.24.227,1,32
78.98.62.222,1,60
88.237.224.40,1,60
104.242.139.199,1,32
187.255.172.253,1,32
120.192.228.194,2,88
80.52.190.208,1,32
221.40.216.11,2,80
121.71.47.179,1,60
36.234.32.24,4,496
119.66.147.163,1,32
125.167.132.56,1,32
5.64.104.137,2,80
122.158.171.175,1,60
217.46.29.251,1,32
213.253.188.26,1,32
122.130.227.31,1,32
221.118.15.215,2,96
54.49.153.79,1,506
71.230.250.240,1,40
81.150.13.127,1,32
177.47.4.85,1,32
49.164.145.43,2,104
103.251.161.254,1,32
12.255.250.37,1,32
187.54.172.231,1,32
175.135.214.104,1,32
126.128.45.251,1,32
118.134.193.35,2,80
217.0.68.76,1,32
115.252.92.54,1,32
218.58.254.66,1,32
64.202.155.185,1,32
47.244.9.130,3,252
119.21.21.49,1,32
202.167.39.253,1,60
108.63.125.103,1,32
115.86.39.128,1,32
188.181.237.14,1,32
119.140.109.165,1,44
5.64.104.146,1,40
96.202.96.106,1,32
5.27.142.36,1,32
194.147.3.103,1,60
209.17.149.62,1,32
66.15.66.188,1,32
54.187.75.103,1,52
104.78.244.114,1,32
73.65.199.138,1,325
176.101.214.136,1,40
213.189.205.222,1,32
222.187.91.198,1,48
113.10.185.109,1,60
223.138.214.158,2,96
80.219.238.69,1,32
211.245.114.215,1,40
190.139.203.76,1,32
217.57.165.124,1,32
176.80.166.217,1,32
188.125.240.116,1,32
14.172.177.211,1,32
218.249.189.93,1,60
190.117.80.194,1,32
187.200.4.72,1,32
34.232.237.222,1,32
175.244.68.48,1,32
117.253.111.15,1,40
113.58.228.143,1,48
74.193.190.125,1,52
142.161.201.125,3,120
14.125.133.10,1,32
122.176.175.145,1,32
187.159.73.130,1,32
171.198.222.31,1,32
188.202.28.126,1,56
81.182.160.245,1,32
76.228.49.147,1,32
167.95.65.211,1,32
46.101.141.58,1,32
139.173.130.252,1,40
63.77.110.179,1,32
83.194.247.38,2,332
37.219.254.81,1,92
123.130.194.157,1,32
222.140.220.117,1,32
110.69.35.251,1,32
70.91.244.17,1,32
96.92.106.108,1,32
220.6.225.138,2,180
124.166.193.147,1,76
45.125.150.1,3,957
60.244.206.107,1,32
112.13.92.230,1,32
14.76.69.112,1,52
157.42.35.77,1,40
193.199.227.103,2,92
84.100.247.155,1,32
66.61.80.201,1,32
112.30.40.165,1,58
12.87.14.189,1,60
185.93.241.152,1,32
107.178.36.253,1,40
120.152.44.48,1,76
166.49.128.218,1,32
189.214.234.1,1,32
138.4.164.32,5,1051
183.120.33.239,1,32
211.33.91.34,1,32
92.101.30.137,1,40
124.62.27.147,2,88
117.52.39.200,1,32
74.193.23.96,2,120
54.183.119.172,1,32
79.67.219.84,1,32
188.43.95.43,1,40
108.88.255.163,1,76
54.160.82.97,1,32
218.148.253.197,1,32
45.33.76.87,3,957
39.39.55.62,1,32
125.239.156.100,1,48
108.43.247.179,1,32
93.66.184.188,1,60
115.64.249.114,1,44
178.103.17.242,1,40
37.177.46.161,1,44
107.12.252.22,1,32
168.49.180.178,1,32
123.25.146.51,1,52
126.177.22.170,1,32
79.199.216.151,1,32
94.18.42.51,1,32
95.178.52.149,1,32
75.72.16.37,1,32
96.86.40.6,1,32
79.221.38.91,1,32
219.172.239.51,1,32
36.18.178.161,1,32
66.249.182.82,3,511
185.134.89.99,1,32
98.139.245.67,1,32
45.55.244.244,1,32
185.88.80.117,3,329
175.52.196.118,1,32
68.223.241.197,1,32
195.229.239.86,1,44
74.96.157.230,1,32
219.3.64.124,1,32
23.80.41.21,1,32
188.24.0.61,1,40
196.246.173.8,1,32
43.207.11.206,1,84
197.254.252.26,4,160
114.42.246.42,1,32
88.11.63.75,1,40
183.151.245.248,1,40
67.197.81.117,1,32
96.48.114.173,1,32
172.109.16.38,1,32
221.0.120.31,1,48
47.190.101.218,1,32
116.149.112.91,1,32
78.3.109.71,1,32
159.231.9.248,1,32
14.60.154.1,1,32
46.151.233.33,1,32
121.106.109.225,1,32
92.244.145.79,1,32
83.248.200.73,1,40
1.151.38.8,1,32
66.28.6.253,1,32
18.184.172.242,1,40
71.230.250.43,1,40
221.25.192.38,2,104
113.227.195.155,1,60
118.196.213.110,1,32
35.84.207.26,1,52
36.238.251.46,1,32
73.107.251.222,1,32
78.173.107.92,1,32
84.7.10.38,1,32
45.164.70.19,1,44
114.157.193.165,1,40
14.212.144.81,1,48
191.171.106.106,1,32
181.17.131.249,1,32
146.240.243.16,1,40
190.98.186.42,1,32
192.242.210.203,1,40
219.99.73.127,1,32
104.16.117.160,1,32
23.43.132.61,1,32
49.218.79.119,1,40
88.12.113.108,1,32
61.225.213.54,1,32
193.86.98.32,1,32
168.30.171.240,1,60
185.179.109.217,1,32
186.211.235.142,1,32
190.205.212.32,1,32
64.22.165.172,2,104
176.222.107.172,1,32
210.237.195.3,1,40
108.202.53.81,1,60
41.95.220.29,1,32
191.119.159.153,1,40
115.55.155.242,2,80
113.221.149.175,1,76
60.206.75.87,1,32
182.113.95.119,1,60
173.231.211.56,1,32
178.89.7.214,1,32
61.43.195.77,1,48
85.141.180.198,2,139
109.207.208.37,1,60
115.21.6.171,1,32
194.249.5.64,1,32
209.254.128.133,1,32
2.23.254.86,1,32
52.19.62.24,5,1141
198.52.194.189,1,164
104.151.25.221,1,32
104.101.207.35,1,32
222.239.37.129,1,32
123.234.43.21,1,48
47.37.147.78,1,32
171.203.75.49,1,32
92.86.19.239,1,32
213.124.101.21,1,44
70.180.27.172,1,32
59.55.203.150,1,52
223.87.222.32,1,52
200.94.43.50,1,32
67.173.61.26,1,32
139.126.16.132,1,32
47.82.213.202,3,120
125.174.220.54,1,32
197.109.70.202,1,32
35.22.128.17,1,40
80.59.108.202,1,32
222.155.128.86,1,44
61.133.129.99,1,32
64.173.132.11,1,32
151.240.170.13,1,32
121.91.166.153,1,32
177.223.86.237,1,32
196.65.64.237,1,48
73.193.81.239,1,32
27.2.66.38,9,360
94.195.118.21,1,40
139.232.144.8,1,76
84.185.84.120,1,32
185.49.252.234,17,680
196.251.23.21,1,32
78.133.220.165,1,32
123.25.176.48,1,52
220.165.152.238,1,52
186.126.127.125,1,32
64.190.4.237,1,32
93.182.5.69,1,32
160.165.237.91,1,32
46.70.15.13,1,32
84.10.128.67,1,32
118.231.135.211,1,40
185.72.218.212,6,240
36.4.165.45,1,40
81.100.110.230,1,32
188.145.219.216,1,40
47.51.251.201,1,32
111.253.50.114,1,32
42.129.155.120,1,32
90.41.147.170,1,32
178.162.9.1,1,40
88.92.239.244,1,32
109.97.129.16,1,32
112.53.246.189,1,32
54.206.7.127,1,44
122.229.118.238,1,32
37.76.186.31,1,44
23.192.253.159,1,32
35.124.179.250,2,127
181.239.36.135,1,32
98.29.81.227,1,32
175.217.112.85,1,32
154.131.41.88,1,32
187.168.0.49,1,32
123.235.126.80,1,32
117.113.238.202,1,48
191.187.99.80,1,44
115.182.165.41,1,32
171.61.18.175,1,40
182.111.246.226,1,32
113.161.157.178,1,52
190.191.237.15,1,32
80.34.129.152,1,32
89.93.30.86,1,40
54.63.173.195,1,52
113.28.154.216,4,160
162.9.190.87,1,32
50.193.28.214,1,32
66.128.213.103,1,32
46.84.18.35,1,32
123.188.63.105,1,32
45.22.106.67,1,32
115.52.199.141,1,32
112.133.46.248,1,32
58.215.221.14,1,60
36.146.200.222,1,52
121.117.7.220,6,240
176.98.60.172,1,32
5.64.104.139,2,80
76.247.149.22,1,32
177.137.162.17,1,40
182.245.243.167,1,32
196.254.83.49,1,32
217.93.238.14,1,32
61.115.76.19,1,32
216.204.127.244,10,520
45.61.9.217,1,32
82.135.144.47,1,32
190.84.163.2,1,32
122.235.21.46,1,32
24.106.28.95,1,40
177.112.104.2,1,32
120.170.193.75,1,52
13.206.17.159,2,152
60.67.216.178,5,220
5.117.103.248,1,32
201.171.121.61,1,40
94.25.137.126,1,32
94.188.14.188,1,32
69.176.31.97,1,32
92.176.25.100,1,56
212.97.36.139,1,32
171.206.200.211,1,40
69.96.17.69,1,32
12.26.86.121,1,60
99.43.188.19,1,32
172.249.28.75,1,52
116.138.31.62,1,60
171.212.182.178,1,52
5.39.148.41,1,32
103.246.121.86,1,32
36.27.14.109,1,52
14.239.160.28,1,32
41.173.172.41,1,40
108.73.130.208,1,52
179.169.4.152,1,32
175.203.21.249,1,32
41.59.165.43,1,32
217.3.0.29,1,32
78.18.138.173,1,32
68.202.207.61,1,32
103.212.42.232,3,396
93.151.28.187,1,32
113.156.136.41,1,40
90.120.174.147,1,60
103.242.88.173,1,40
180.187.97.236,1,32
95.60.62.1,1,32
116.3.116.199,1,40
67.156.203.82,1,32
72.92.83.0,1,32
78.96.62.17,1,44
139.173.190.205,3,120
59.161.28.252,1,48
180.158.72.208,2,80
180.138.30.187,3,120
185.61.130.238,1,40
203.209.190.248,1,60
183.154.244.211,1,32
113.160.189.46,1,48
208.170.27.230,1,32
95.164.171.14,1,32
198.5.180.146,1,32
58.56.174.218,1,32
89.130.14.185,1,56
71.186.11.218,1,32
177.27.158.168,1,32
189.93.1.8,1,32
113.246.58.131,1,52
98.88.52.58,1,32
82.183.0.140,1,32
201.47.40.182,1,40
129.127.123.198,1,32
139.43.143.99,5,200
97.44.112.240,1,32
84.92.57.2,1,32
188.10.12.205,1,40
2.6.16.229,1,32
99.190.4.131,1,32
190.20.235.118,1,32
187.181.227.213,1,40
113.118.87.127,1,32
92.176.27.205,1,56
83.253.56.110,1,40
92.176.24.187,1,56
184.7.66.85,1,32
192.33.47.55,1,40
71.208.1.88,1,32
23.66.210.23,1,32
64.192.21.10,1,32
136.64.208.51,1,32
81.218.110.3,1,32
78.160.102.48,1,32
172.103.189.171,1,40
122.58.58.199,1,44
185.214.53.102,1,40
95.199.184.201,1,32
84.183.189.229,1,32
31.163.173.250,1,40
99.63.116.36,1,32
86.131.147.118,1,32
52.79.185.205,1,32
172.103.170.212,1,40
177.250.237.255,1,32
194.137.248.237,1,32
187.253.80.116,1,32
211.47.22.188,1,40
88.4.245.159,1,32
219.228.196.196,1,32
209.250.32.227,1,32
59.124.12.205,1,40
103.197.4.11,1,32
221.46.181.40,1,52
83.198.146.130,1,32
188.175.173.206,1,44
46.45.9.183,1,44
222.142.65.178,1,32
41.36.143.237,1,40
191.74.19.124,1,32
14.51.52.44,1,32
71.176.9.64,1,32
183.180.37.12,1,40
189.171.6.67,1,32
119.102.57.188,1,60
93.66.153.91,1,32
69.230.219.51,1,32
31.216.238.124,1,52
198.101.116.106,1,32
73.25.122.30,1,32
141.98.2.168,1,32
27.53.76.24,1,40
116.30.207.111,1,32
45.168.237.227,1,32
71.230.250.209,3,120
2.65.60.163,1,40
54.43.130.190,1,32
104.50.75.96,1,32
17.90.231.200,1,40
78.215.210.122,1,32
196.180.49.27,5,220
124.41.196.149,1,32
82.150.127.244,1,32
115.64.150.10,1,44
34.254.213.61,1,32
12.68.201.250,1,32
68.74.208.252,6,240
208.196.44.237,1,32
60.127.62.138,1,32
82.180.101.173,1,32
120.210.0.151,1,40
172.249.30.49,31,22031
171.61.117.239,1,48
88.140.110.231,1,32
211.70.176.217,1,32
69.185.85.18,1,32
96.17.100.125,1,32
122.118.125.182,2,96
49.196.206.191,1,60
34.219.188.115,1,32
219.98.154.154,1,52
182.154.122.230,2,80
72.154.147.148,1,32
205.58.75.181,1,246
71.230.250.233,1,40
42.226.55.11,1,32
5.142.145.214,1,32
167.148.99.50,3,120
31.119.240.136,1,32
182.116.126.61,1,40
39.10.232.206,1,52
219.105.37.23,1,48
60.241.132.237,1,32
45.33.75.113,2,80
186.141.30.174,1,32
84.35.118.23,1,60
179.225.101.12,1,32
1.20.208.185,1,32
69.207.100.246,1,32
123.114.97.116,1,60
194.119.173.100,1,32
109.221.239.170,1,32
122.118.232.223,1,32
210.182.6.14,1,32
110.149.139.43,1,40
27.233.123.154,1,40
195.44.139.90,1,32
37.17.174.15,2,80
41.147.168.172,1,32
93.249.234.72,1,56
37.192.172.108,1,32
90.68.165.61,1,32
5.255.152.146,1,56
41.132.172.198,1,32
151.180.220.205,1,44
109.169.69.59,1,32
110.75.187.238,1,32
220.54.187.101,1,32
160.219.141.18,1,32
217.148.174.128,1,32
118.250.212.180,1,32
183.109.131.140,1,32
84.113.220.40,1,32
184.38.4.211,1,32
187.147.95.131,1,56
41.215.223.90,1,32
89.130.15.128,1,56
213.81.239.14,1,32
219.62.13.241,1,32
31.103.186.22,1,56
27.16.177.127,1,32
115.91.145.0,1,40
154.201.219.22,6,576
60.143.206.169,1,32
186.183.111.7,1,32
52.88.37.19,1,32
222.244.88.146,1,48
77.42.206.39,1,40
31.146.144.168,1,32
23.127.90.74,1,60
86.145.65.52,1,32
47.244.11.236,1,117
69.105.106.193,1,32
109.231.52.17,1,32
185.96.173.37,4,172
5.190.111.31,1,32
5.161.189.213,1,32
124.166.47.206,1,32
218.159.108.123,1,52
38.110.71.13,1,32
121.139.76.33,1,32
182.89.137.223,9,1006
132.216.58.155,1,40
122.169.75.220,1,32
120.207.18.169,1,96
162.194.50.116,10,4762
88.71.65.44,1,32
82.188.116.140,1,32
105.142.146.152,1,32
106.80.108.101,1,60
88.78.203.95,1,32
170.9.18.134,1,32
196.201.131.111,1,32
47.45.181.149,1,32
60.244.78.152,1,76
185.72.27.118,7,280
139.68.232.31,5,200
96.68.49.121,1,32
54.240.173.27,2,504
208.96.242.234,1,32
177.205.74.42,2,112
99.184.109.154,1,32
80.123.196.251,1,32
124.228.231.213,1,60
171.196.73.73,1,32
50.194.158.21,1,32
23.218.211.91,1,159
222.120.102.158,1,40
206.254.140.56,1,32
73.50.21.19,1,32
54.35.78.100,1,32
95.203.171.194,1,32
207.7.192.58,1,32
52.92.67.89,3,318
76.137.139.35,1,32
110.51.240.38,1,60
99.136.40.205,1,32
104.52.46.82,1,32
177.65.85.6,1,40
37.186.174.136,1,40
196.244.218.244,1,32
189.106.48.173,1,32
203.136.223.230,1,84
186.238.203.166,1,32
80.249.112.155,1,60
128.26.143.229,1,32
125.173.129.242,1,32
185.12.25.229,10,600
42.106.29.127,1,60
80.69.252.140,1,32
5.64.104.150,3,120
141.104.11.129,1,32
70.68.68.38,1,32
110.213.101.14,1,32
89.9.9.122,1,32
201.246.21.26,1,32
75.178.4.163,1,32
98.153.144.249,1,32
121.156.201.118,1,32
188.12.162.229,1,60
67.6.110.162,1,32
188.233.60.178,1,32
66.192.214.48,1,32
125.239.43.159,1,48
94.203.252.63,1,32
108.4.166.237,1,32
149.231.11.94,1,32
98.56.204.128,1,32
110.201.114.212,1,48
180.186.39.169,1,32
117.39.115.109,1,48
187.124.54.162,1,32
61.117.218.13,1,76
46.185.126.64,1,32
111.81.188.86,2,80
14.117.16.120,1,32
218.221.170.112,3,120
31.75.131.195,1,32
85.195.237.252,1,32
194.235.195.249,1,32
80.22.163.105,1,32
85.211.158.210,1,32
203.85.210.219,1,32
41.36.107.227,1,40
103.105.134.5,1,52
40.130.205.170,1,32
105.36.120.237,1,32
185.92.155.30,1,60
194.65.41.103,1,60
96.200.250.184,1,32
179.116.254.229,1,32
122.167.195.197,1,32
73.236.139.193,1,32
177.178.103.29,1,44
59.28.207.135,1,32
84.107.186.231,1,32
81.54.232.26,1,32
90.113.148.179,1,40
123.169.142.195,1,60
94.121.40.83,1,32
178.245.140.137,6,240
74.215.54.91,1,44
210.155.78.18,1,703
89.33.150.20,1,32
13.207.148.29,1,32
116.245.121.191,1,40
172.26.176.247,1,32
73.67.199.174,1,32
85.245.48.3,1,52
51.29.242.181,1,40
109.144.171.251,1,32
212.139.72.236,1,32
134.214.180.160,3,120
174.195.2.25,1,32
175.141.196.243,1,32
115.36.192.138,1,40
104.128.80.1,1,169
193.254.5.86,16,640
64.65.244.246,1,40
97.23.196.109,1,32
162.104.192.5,1,60
119.26.156.235,1,32
188.161.125.209,1,32
92.21.168.147,1,32
213.188.211.235,1,40
27.241.171.93,1,60
45.121.189.154,1,32
212.4.62.20,1,40
216.151.182.37,1,32
221.35.147.191,8,368
5.140.230.28,1,40
94.195.119.86,1,40
104.7.150.161,1,32
74.193.23.173,2,565
95.136.241.48,1,40
222.70.91.195,1,60
39.23.168.107,1,32
189.80.4.92,1,32
182.181.35.106,1,60
178.223.109.141,2,80
173.65.13.81,1,32
18.237.60.125,1,32
116.251.23.178,1,32
88.252.160.19,1,32
124.14.228.146,1,32
38.163.146.202,1,32
203.59.202.185,1,32
5.64.104.138,1,40
2.201.29.205,1,32
153.96.174.209,1,76
84.75.66.159,1,32
27.213.0.33,1,52
135.235.134.250,1,32
188.84.55.254,1,32
68.74.189.228,4,160
78.121.206.81,1,32
1.214.114.61,1,44
80.249.159.252,1,60
195.56.16.251,1,32
80.83.151.204,1,32
188.11.193.187,1,40
190.10.93.199,1,32
123.7.230.143,1,40
58.196.146.142,1,76
188.231.202.197,1,32
27.244.228.1,1,32
8.216.201.196,2,166
119.133.154.83,1,60
27.119.108.175,1,28
159.137.246.199,1,40
87.69.84.42,1,32
45.76.107.170,1,34
174.230.33.48,1,32
122.219.74.234,1,32
128.214.142.176,1,44
81.192.142.209,1,32
58.104.142.244,1,40
75.79.250.203,1,325
193.175.6.43,1,32
93.106.71.206,2,64
171.208.150.107,1,60
66.98.180.222,1,32
70.122.85.105,1,32
205.58.73.183,1,278
188.142.101.76,1,60
98.10.245.114,1,32
176.218.241.221,1,32
92.195.66.90,1,32
114.19.84.49,1,32
125.251.93.250,1,48
210.245.110.40,1,32
78.122.36.15,1,32
171.170.138.141,1,52
189.178.86.76,1,56
85.252.12.135,1,32
180.72.96.52,1,40
196.180.49.190,6,264
179.220.42.241,1,40
110.38.118.229,1,32
91.172.217.29,1,32
176.219.14.114,1,40
125.118.204.57,1,32
119.225.113.129,1,32
207.66.206.31,1,32
218.145.164.241,1,28
184.110.223.19,1,32
112.155.232.83,1,32
27.243.33.127,1,48
223.97.107.223,1,76
193.220.36.206,3,144
58.207.104.134,2,80
151.78.140.49,1,40
77.173.122.145,1,32
61.116.13.150,1,60
87.197.180.60,1,32
86.122.27.245,1,32
99.167.65.130,1,32
180.155.6.188,1,44
176.80.94.114,1,32
2.79.80.77,1,40
62.64.101.63,1,32
80.212.114.72,17,763
211.19.197.96,1,32
106.96.90.9,3,120
112.39.213.53,1,32
196.180.49.191,10,440
109.0.163.69,1,32
145.146.198.205,1,32
222.106.84.184,1,32
196.138.56.77,1,32
189.173.85.95,1,40
42.123.137.202,1,32
222.237.218.236,1,32
188.197.160.0,1,32
66.46.247.31,1,40
77.100.80.174,1,32
178.93.95.219,1,60
203.186.66.151,1,60
162.104.220.161,1,32
37.101.248.155,1,32
213.110.7.37,1,60
201.2.30.108,1,44
13.161.239.228,20,26266
63.145.179.162,1,32
189.30.163.61,1,32
72.6.75.188,1,32
98.65.187.158,1,32
183.161.81.52,1,32
98.19.218.219,1,32
82.56.122.214,1,40
37.55.59.152,1,32
41.160.219.235,1,40
101.113.45.225,1,60
31.144.254.172,1,44
203.144.178.27,1,60
201.108.116.178,1,32
64.130.59.53,1,32
172.102.237.232,2,80
73.27.166.53,1,32
94.64.10.171,1,32
216.13.45.193,1,32
68.235.197.137,1,56
126.238.117.191,1,32
80.101.46.50,1,32
87.162.220.46,1,32
60.255.130.55,1,32
110.113.34.117,1,32
37.122.105.144,1,60
73.230.250.22,1,32
115.32.235.42,1,40
88.11.63.80,2,80
50.157.185.106,3,120
188.10.246.39,1,32
84.87.165.238,1,32
64.29.204.127,1,32
125.250.248.58,1,32
103.54.186.154,1,40
187.40.116.146,1,32
73.154.199.236,1,32
93.190.253.109,1,32
210.152.109.221,1,164
192.140.217.21,1,32
27.39.93.48,1,40
173.190.242.125,1,32
88.226.4.58,1,32
111.179.11.237,1,32
50.51.27.250,1,32
110.135.22.148,1,40
196.166.148.92,1,32
181.101.87.14,1,32
52.251.16.201,1,76
217.162.213.164,3,215
181.65.90.10,1,32
185.231.79.54,6,360
119.84.57.254,1,32
116.6.94.31,1,60
196.156.211.225,1,32
85.157.147.129,1,32
128.37.17.3,1,32
107.209.173.97,1,32
71.230.250.207,1,40
107.195.62.216,1,32
128.96.64.163,1,76
223.143.2.96,1,32
24.161.243.77,1,32
92.91.147.145,1,40
2.77.63.207,1,32
79.7.135.229,1,32
61.91.114.152,1,52
178.222.11.157,1,32
14.248.63.1,1,32
71.230.250.78,1,40
143.101.201.25,1,76
109.63.220.163,1,44
123.169.63.73,1,32
201.171.242.123,1,32
50.26.181.243,1,32
175.240.243.120,1,32
47.44.132.72,1,32
151.150.185.184,1,52
198.44.238.19,1,32
185.60.101.7,1,52
166.167.141.131,1,32
39.14.178.159,1,32
201.190.115.230,1,56
36.249.36.172,1,32
81.187.228.136,1,28
87.78.11.42,1,32
206.117.196.188,1,32
114.171.149.128,1,40
200.173.2.72,1,40
152.57.181.43,1,40
171.239.250.71,1,32
69.198.21.38,1,32
187.250.232.167,1,32
188.113.20.125,1,32
182.63.85.110,1,40
98.18.171.29,1,32
179.44.249.81,1,32
68.20.255.69,1,32
159.185.240.125,1,56
182.154.126.161,1,40
182.142.161.153,1,32
104.132.164.230,1,40
88.232.14.128,1,32
100.243.73.253,1,32
101.77.185.185,1,32
74.187.164.200,1,32
179.57.190.59,1,40
182.97.192.120,1,48
175.54.150.34,4,172
218.99.215.186,4,160
189.158.197.69,1,32
66.12.54.97,1,32
190.233.135.132,1,32
52.94.120.9,1,191
125.32.255.196,1,44
201.144.134.218,1,32
37.99.173.19,1,32
71.230.250.173,1,40
41.162.85.106,1,32
153.84.171.164,1,32
195.36.62.28,1,32
213.182.154.60,1,32
24.145.65.186,1,32
49.200.64.248,1,48
71.230.250.7,1,40
221.40.126.110,1,48
68.175.179.4,1,32
121.97.15.109,1,32
23.250.244.157,1,32
180.87.137.30,1,40
159.2.175.2,1,48
13.161.234.143,1,40
122.119.121.200,1,32
24.53.4.186,1,32
177.48.233.78,1,32
41.164.207.39,1,40
1.64.180.129,1,32
187.173.52.141,1,32
181.174.32.118,1,32
186.17.79.15,1,32
201.109.175.164,1,40
172.249.162.192,5,370
46.80.160.94,2,120
123.199.225.29,1,32
113.30.111.88,1,60
103.99.86.53,1,40
54.44.248.172,2,135
122.62.147.16,1,44
172.249.28.97,30,37579
118.31.113.139,1,32
80.209.154.44,1,60
104.186.34.113,1,32
219.89.101.111,1,32
94.195.118.83,1,40
116.20.97.164,1,32
123.150.21.210,1,32
60.205.169.178,1,32
189.118.47.61,1,32
136.103.2.195,1,32
100.248.21.28,1,32
94.76.242.137,1,32
117.237.72.135,1,32
47.244.13.187,3,252
54.228.11.71,1,32
209.169.189.75,1,32
176.72.134.37,1,32
222.99.90.193,1,32
212.219.217.2,1,32
52.83.145.143,1,32
156.52.117.91,1,40
221.45.99.95,1,48
185.213.49.122,2,80
52.76.142.233,1,32
17.192.242.122,2,80
180.137.52.218,1,32
95.120.134.120,1,32
76.131.186.149,1,32
113.203.234.179,1,76
109.41.13.123,1,32
71.41.129.86,1,32
139.246.4.117,1,40
172.102.204.49,4,160
147.97.244.93,1,32
54.229.213.126,1,32
37.192.201.132,1,40
192.227.98.131,3,156
60.137.220.7,5,662
175.215.118.132,1,32
86.221.197.50,1,52
78.196.35.161,1,32
197.50.65.223,1,40
2.237.240.167,1,32
106.81.150.51,1,32
112.144.185.250,1,40
90.15.132.44,1,32
69.34.59.250,1,48
180.83.174.234,1,60
45.56.94.238,3,120
112.141.15.9,1,32
84.114.6.231,1,32
218.148.246.203,1,76
115.38.178.186,1,32
68.76.73.10,1,32
179.71.111.243,1,32
86.78.95.36,1,32
217.18.159.175,1,32
14.106.36.52,1,32
221.141.123.160,1,128
202.164.204.134,6,5155
93.189.34.221,1,32
51.61.206.225,1,60
138.221.243.247,6,240
84.230.4.222,1,32
5.99.64.96,1,32
179.48.121.0,1,32
5.47.252.180,1,44
210.112.118.58,1,40
107.220.243.29,1,32
79.167.228.153,1,52
52.15.30.230,1,76
12.130.94.62,1,60
107.182.203.12,1,32
188.164.218.44,1,52
51.225.170.147,1,32
123.204.43.69,1,32
94.229.123.46,1,32
125.248.234.121,3,120
189.161.10.169,1,32
98.74.193.179,1,32
67.180.201.91,1,32
198.52.194.188,2,380
108.144.108.131,1,32
18.147.1.39,1,32
221.20.23.92,1,32
120.146.155.78,1,32
190.175.36.227,1,32
89.98.118.245,1,32
88.117.108.125,1,32
52.103.122.161,1,32
172.103.155.42,1,40
205.69.167.226,1,32
98.15.61.113,1,32
83.76.65.235,1,32
91.79.114.204,1,32
117.88.70.204,1,143
182.152.207.9,2,80
171.169.243.77,1,60
95.224.104.117,1,32
110.220.219.184,1,40
71.76.28.247,1,32
68.204.45.123,1,32
172.249.30.142,23,22500
78.134.79.211,1,32
178.215.165.60,1,32
190.29.106.231,1,60
2.77.28.251,1,52
108.73.145.19,1,40
119.138.190.45,1,32
76.217.100.179,1,32
172.249.30.157,1,91
50.238.123.5,1,32
217.239.91.74,1,32
208.93.187.213,1,32
162.55.147.55,1,32
70.3.157.151,1,40
196.155.156.25,5,200
13.161.234.202,3,1297
211.55.31.214,1,40
190.164.11.128,1,32
115.236.136.3,1,32
89.121.68.103,2,184
101.63.39.252,1,52
179.155.159.74,1,32
188.208.70.246,4,336
94.205.126.76,1,40
70.177.28.92,1,32
23.99.246.158,1,32
198.151.174.225,1,40
73.153.198.214,1,32
45.35.233.194,1,32
85.40.4.141,1,32
186.77.123.240,1,40
106.207.0.127,1,32
188.59.13.245,1,52
61.89.34.22,1,32
49.15.203.87,1,32
202.216.158.39,14,7692
223.19.203.109,1,32
46.42.85.31,6,240
24.93.200.129,1,32
182.24.112.63,1,76
209.93.21.92,1,32
185.72.26.63,8,320
45.47.112.182,1,32
117.119.243.100,1,32
1.61.173.142,1,60
52.15.232.139,1,76
221.128.246.68,1,40
76.41.168.123,1,56
170.208.114.112,5,220
123.123.27.163,1,40
182.196.91.154,1,32
134.125.115.178,1,32
197.44.224.224,1,40
177.233.242.217,1,40
101.122.253.23,1,52
94.50.101.1,1,32
195.5.115.70,1,60
125.232.36.163,1,32
178.221.214.9,1,32
219.91.73.154,1,32
95.198.139.132,1,52
181.236.113.241,1,60
104.184.133.194,1,32
77.4.223.146,1,40
60.240.212.70,3,225
143.191.194.241,1,32
141.149.144.225,3,164
54.93.242.39,1,32
84.6.123.215,1,32
2.241.129.211,1,60
5.23.117.139,1,60
71.36.132.211,1,32
13.161.237.153,9,7132
187.105.46.234,1,32
176.86.222.132,1,32
124.35.209.213,1,32
185.168.251.146,1,32
106.110.16.2,1,52
109.208.95.225,1,60
105.213.28.146,1,32
78.19.251.180,1,32
138.57.229.161,1,40
220.235.223.145,1,32
104.199.73.121,1,32
201.38.226.5,3,297
85.140.33.170,1,28
54.196.255.8,2,348
124.171.126.175,1,32
83.30.4.34,1,32
71.230.250.189,1,40
80.154.77.59,1,40
183.163.198.231,1,52
69.241.113.252,1,32
173.216.141.125,1,32
87.161.176.88,2,100
112.10.80.183,1,48
185.84.4.218,1,32
79.173.20.57,1,32
220.249.202.114,1,107
218.19.132.200,1,32
138.41.3.223,1,32
45.221.7.193,1,60
81.60.247.122,1,32
142.161.25.145,3,120
83.221.4.17,1,32
119.24.166.240,1,32
24.235.233.120,1,32
178.114.184.242,2,88
183.160.190.198,1,76
69.216.68.20,1,32
177.202.175.9,1,60
41.175.110.87,1,44
23.245.205.101,1,32
221.32.59.207,1,32
151.247.137.216,1,32
90.113.158.228,1,40
125.42.71.19,1,40
107.223.143.50,1,32
194.18.165.233,1,32
202.228.32.114,2,104
52.227.81.5,1,32
70.70.233.196,1,32
74.43.68.3,1,32
82.235.246.235,1,32
73.211.46.94,1,32
204.13.233.26,1,32
83.206.25.137,1,40
93.7.251.27,1,32
61.93.183.121,1,32
50.10.215.61,1,32
177.80.188.175,1,32
47.199.95.47,1,32
172.100.135.175,1,32
120.205.143.197,1,60
80.135.65.249,1,44
196.214.164.1,1,32
89.133.74.123,1,32
66.204.123.64,1,32
82.185.0.219,1,32
87.239.134.36,1,32
35.15.72.151,6,470
81.18.56.162,1,32
119.105.15.207,1,48
101.10.246.137,1,32
41.34.53.125,1,40
92.54.251.3,1,32
217.219.44.126,1,177
42.225.104.80,1,60
185.247.171.250,1,40
88.11.63.82,3,120
188.11.132.191,1,40
67.41.109.126,1,32
184.179.232.82,1,32
88.214.255.58,1,32
151.150.78.69,3,209
190.122.91.235,1,32
104.237.222.206,1,32
140.107.223.113,1,60
106.55.175.99,1,132
76.246.212.195,1,32
88.133.94.212,1,48
77.76.54.25,1,60
104.131.152.168,1,32
216.139.197.0,1,32
59.67.23.211,1,52
189.136.91.89,1,32
45.196.92.124,3,120
107.128.184.34,1,32
200.237.4.89,1,32
100.238.77.39,1,32
102.103.246.228,1,32
14.8.13.3,3,225
99.67.75.112,1,32
187.36.77.66,1,32
24.104.130.184,1,32
166.154.52.66,1,32
59.62.78.205,1,40
173.221.209.53,1651,2265639
176.96.0.22,1,32
186.119.209.157,1,32
159.52.32.21,1,44
88.11.63.87,2,80
94.19.116.19,1,32
178.93.245.54,1,32
161.197.7.92,1,144
87.104.201.74,1,32
84.182.115.62,1,280
83.167.236.173,1,32
203.117.87.244,1,32
80.146.189.134,1,32
205.58.72.221,1,347
221.3.254.94,1,32
187.31.174.220,1,32
79.150.8.8,1,44
80.39.118.227,1,32
14.167.55.12,1,32
5.250.23.242,1,52
191.170.11.13,1,32
220.165.214.144,1,40
139.241.12.39,1,52
88.11.63.76,3,120
90.4.134.82,1,32
101.112.157.229,1,32
201.63.28.107,1,32
59.48.17.34,1,52
92.225.11.70,1,32
177.150.128.136,1,44
73.126.22.65,1,32
110.237.91.123,1,32
42.48.104.190,1,40
185.18.120.128,1,32
217.31.44.194,1,32
83.134.173.94,1,32
103.123.114.25,1,40
157.42.66.218,1,40
1.26.7.245,1,32
201.201.174.54,1,32
217.29.142.98,1,32
151.28.16.25,1,32
123.182.120.250,1,76
34.236.122.183,1,32
67.52.103.218,1,32
196.38.251.40,1,32
82.158.68.115,1,32
104.120.57.2,1,32
179.220.65.165,1,32
86.250.10.55,1,32
35.74.42.110,3,120
14.9.232.41,1,32
42.84.75.86,1,32
190.249.48.88,1,32
78.140.180.234,1,32
79.152.120.221,1,40
122.54.87.244,1,32
190.130.154.148,1,40
126.233.96.212,1,32
113.124.112.228,1,52
115.135.0.228,1,32
71.230.250.140,1,40
4.97.241.225,1,32
46.4.155.232,1,32
113.165.156.4,1,44
119.71.160.24,1,76
191.146.116.204,1,32
181.167.244.137,1,32
172.249.29.78,6,657
74.193.112.255,125,173627
122.56.249.39,1,44
183.117.212.195,1,32
181.112.11.29,1,32
220.60.68.67,3,120
211.88.16.91,1,32
96.2.45.71,1,280
47.154.177.205,1,32
99.160.196.4,1,32
27.170.68.141,1,32
196.180.49.59,11,484
202.35.134.231,1,40
170.112.172.198,1,32
77.32.204.167,1,32
119.146.240.159,1,32
189.29.181.163,1,32
82.226.244.181,1,32
97.28.43.169,1,32
175.208.221.156,1,40
110.238.92.90,1,48
219.119.252.222,1,132
27.243.161.1,1,58
192.20.38.76,1,32
221.1.107.15,1,52
23.215.55.237,1,32
201.39.130.126,3,298
78.226.5.124,1,32
92.118.123.96,1,32
192.48.33.146,1,32
13.206.151.52,1,76
175.117.208.105,1,60
183.188.62.4,1,86
77.248.92.91,1,32
18.232.170.83,1,32
213.136.123.240,1,32
109.61.174.59,1,44
171.61.18.156,1,40
108.91.78.233,1,70
86.155.187.232,1,32
38.250.36.198,1,32
31.199.70.212,1,32
61.26.0.89,6,240
84.45.214.56,1,32
58.205.1.126,1,76
201.102.182.146,1,32
89.43.92.19,1,32
5.66.86.51,1,44
104.74.15.108,1,32
71.230.250.47,2,80
31.84.194.176,1,52
23.100.133.1,3,187
104.86.22.26,1,32
172.69.176.236,1,32
103.108.158.231,3,274
206.62.55.42,1,56
76.245.89.12,1,32
120.152.122.243,1,32
117.117.95.121,2,270
187.79.79.93,1,40
201.38.226.6,4,485
124.167.50.170,4,312
121.170.89.62,2,120
64.160.80.92,1,28
138.54.92.126,1,60
84.24.58.21,1,32
52.21.240.254,1,32
187.114.36.76,1,32
176.82.218.29,1,48
193.48.63.219,1,32
171.167.73.2,1,60
121.106.57.64,1,60
189.42.45.236,3,120
46.57.119.99,1,32
178.28.180.242,1,32
179.163.251.102,1,32
80.200.10.112,1,32
187.144.200.45,1,32
60.16.183.39,1,52
181.53.62.84,1,32
23.193.109.179,1,32
194.219.101.40,1,32
151.162.236.171,1,32
86.151.34.53,1,32
79.66.14.205,1,32
126.136.23.208,1,32
46.245.92.94,1,40
80.158.132.107,1,32
201.9.165.92,1,32
126.177.2.225,22,2108
75.94.46.92,1,32
117.38.198.69,5,200
119.5.5.210,1,32
58.186.162.111,1,32
62.51.37.85,1,32
78.190.164.43,1,32
82.40.73.244,1,32
62.47.119.202,2,128
211.231.19.79,1,32
177.235.64.0,1,32
74.58.142.167,1,32
63.110.108.75,1,32
200.231.253.215,1,32
180.79.55.149,1,40
2.28.103.127,1,32
122.60.198.132,1,44
195.217.51.80,1,32
2.70.146.176,1,32
177.76.119.15,1,40
216.77.17.211,1,32
66.45.197.87,1,32
37.17.214.117,1,40
187.173.198.214,1,60
46.229.84.190,1,32
101.178.128.148,1,32
14.156.28.29,1,60
213.43.167.104,1,32
175.202.100.115,1,32
189.149.135.90,1,32
81.198.241.147,1,32
59.38.96.196,1,48
107.161.177.139,2,80
45.48.15.168,1,32
222.165.139.204,1,32
114.50.85.87,1,32
80.17.252.69,1,32
176.4.175.188,1,32
37.59.233.40,1,32
66.53.204.119,1,32
124.141.87.43,9,4147
61.224.57.64,1,40
185.24.123.247,1,32
181.132.87.55,1,32
89.12.205.163,1,32
74.34.150.142,1,32
46.74.190.134,1,40
34.216.236.216,1,32
115.98.203.1,1,32
73.188.183.22,1,32
111.93.51.59,1,32
182.119.102.29,1,52
222.76.132.121,1,32
66.46.247.106,1,40
191.159.26.219,1,32
187.254.17.134,1,56
36.16.38.158,1,32
105.149.255.228,1,32
64.1.219.121,1,32
218.168.112.65,1,60
99.135.175.17,1,32
212.81.227.111,1,32
186.52.206.212,1,40
157.210.36.246,1,60
71.230.250.214,2,80
100.234.86.83,1,40
87.100.42.185,1,32
112.254.104.44,1,32
103.228.85.54,1,32
134.214.180.169,6,240
202.189.128.218,2,100
42.183.14.89,1,32
68.74.157.186,1,40
63.215.39.99,1,32
190.240.161.31,1,40
185.204.175.118,1,32
213.70.135.248,1,40
187.242.186.182,1,32
79.146.144.180,1,32
210.34.124.103,10,910
109.166.146.186,1,32
118.30.163.197,1,48
79.100.31.165,1,40
117.37.208.100,1,136
115.243.132.95,1,32
1.233.14.133,1,106
50.249.93.209,1,32
81.149.198.105,1,32
218.128.12.128,2,188
58.56.150.248,1,60
123.234.129.126,1,52
177.232.219.13,1,32
74.55.33.111,1,40
78.31.113.174,1,32
101.114.81.48,1,32
1.67.251.146,1,48
108.0.101.142,1,32
78.53.106.78,1,32
67.166.19.178,1,32
80.144.113.97,1,32
216.68.132.238,6,3565
106.52.39.55,1,60
201.237.21.195,1,32
92.127.182.9,1,32
104.248.137.51,1,32
23.219.213.41,4,160
195.92.139.181,1,32
189.23.132.100,1,32
179.190.200.141,1,60
60.105.123.209,1,32
219.123.130.52,1,40
103.229.91.17,1,32
138.42.112.254,1,32
122.148.182.65,1,32
199.207.32.109,1,32
185.171.41.124,1,32
200.103.6.211,1,32
66.244.205.184,1,32
217.115.18.168,1,32
202.4.72.90,1,40
38.114.40.137,1,56
185.127.93.32,1,40
188.22.92.66,1,32
208.59.12.187,1,32
218.247.79.141,1,40
76.33.147.1,1,60
24.231.109.166,1,32
181.88.203.104,1,32
14.96.214.97,1,32
213.168.156.236,1,32
154.23.36.227,1,32
121.151.107.193,1,32
124.160.169.222,1,76
189.157.217.72,1,40
23.64.129.135,334,500289
123.31.1.231,1,32
49.246.18.57,1,32
73.108.13.58,1,32
208.123.86.146,1,40
139.173.72.83,2,80
46.85.175.155,1,40
66.167.114.26,1,32
80.66.247.70,1,32
76.69.80.97,1,32
181.202.65.34,1,32
42.18.177.93,1,76
58.55.52.166,1,32
87.67.112.41,1,32
96.111.23.63,1,32
109.151.143.89,1,32
110.55.113.65,1,32
103.114.51.130,1,40
187.175.39.7,1,56
80.237.151.166,1,32
125.35.53.192,1,44
42.106.140.228,1,76
46.100.46.183,1,32
50.49.14.134,1,32
71.79.1.191,1,32
111.93.92.112,1,44
76.9.16.175,1,32
78.43.49.13,1,32
211.201.3.84,1,32
217.236.48.233,1,32
88.58.100.119,1,44
117.125.179.183,1,32
179.49.128.86,1,32
93.102.50.78,1,32
109.229.252.70,1,60
200.145.180.15,1,32
213.22.213.21,1,32
94.28.122.70,1,32
207.111.178.8,1,40
84.247.52.137,3,252
178.233.209.247,1,32
46.242.4.59,1,32
174.209.12.215,1,56
115.168.38.58,1,32
91.51.88.47,1,44
190.81.114.171,1,32
91.167.30.38,1,32
180.191.224.92,1,32
85.120.123.156,1,32
50.178.190.5,1,32
89.194.5.78,1,32
47.18.36.38,1,32
46.95.50.44,1,48
220.145.179.79,1,32
149.140.67.7,1,225
169.23.240.144,1,32
70.42.255.73,1,60
76.252.53.4,1,32
188.10.181.190,1,40
139.173.157.40,1,40
79.235.98.99,1,32
119.202.85.26,1,60
184.10.207.219,1,60
78.234.146.254,1,32
80.251.204.122,1,32
209.92.84.99,1,32
73.170.115.72,1,32
181.205.78.234,1,40
1.69.46.244,1,32
221.148.233.210,1,32
116.175.178.162,1,32
46.116.71.117,1,95
119.204.207.171,1,76
95.137.94.206,1,52
88.63.140.13,1,52
14.105.105.0,1,32
71.230.250.129,1,40
195.71.171.170,1,32
86.218.66.237,1,60
138.42.112.253,1,60
85.28.31.248,1,32
112.221.75.37,1,32
77.221.122.236,1,32
85.109.62.204,1,32
171.227.56.149,1,32
177.74.67.67,1,32
95.130.246.92,1,32
185.166.141.85,1,32
74.193.223.255,775,1051353
189.18.132.190,1,44
83.2.74.135,1,32
177.159.155.90,1,32
35.102.82.213,1,32
188.173.51.115,1,32
178.170.133.242,1,32
17.80.194.28,3,164
142.113.23.174,1,32
189.75.233.76,1,32
117.117.90.185,46,68471
203.136.241.14,1,44
82.172.21.211,1,32
49.239.98.27,4,282
113.113.117.122,1,32
66.49.232.40,1,32
86.149.190.128,1,32
182.89.137.199,199,242516
17.199.26.164,13,10582
191.58.245.28,1,32
197.41.199.16,1,40
213.235.198.58,1,32
220.157.214.40,1,40
170.140.85.175,1,32
71.230.250.131,1,40
5.64.104.130,1,40
36.16.161.76,1,40
61.41.190.148,1,48
153.98.128.40,1,32
41.243.246.21,2,120
97.17.38.108,1,32
195.5.115.126,1,60
45.237.37.41,1,32
119.98.94.21,1,52
41.37.184.13,1,40
88.158.139.154,1,32
41.191.42.107,1,40
71.230.250.252,1,40
195.148.65.18,1,32
180.153.45.157,1,40
181.94.253.121,1,32
183.233.167.147,1,32
167.196.244.193,1,32
73.70.214.180,1,32
118.29.104.222,802,42271
68.222.124.137,1,32
13.204.183.142,1,76
200.30.21.40,1,48
191.160.160.241,1,32
175.218.49.177,1,32
84.225.79.103,1,32
93.217.106.181,1,32
27.123.133.223,1,32
196.180.49.69,5,220
62.117.4.126,1,96
173.213.7.134,1,32
27.241.236.151,1,52
123.169.89.139,1,52
73.200.180.98,1,32
187.123.213.50,1,32
24.1.254.220,1,32
59.41.65.242,1,52
124.167.51.65,2,88
203.162.84.238,1,32
83.250.206.109,1,40
126.185.112.223,1,32
218.105.169.196,1,32
18.182.221.199,1,76
36.172.7.233,1,76
187.208.58.177,1,40
118.33.25.146,2,254
92.90.112.21,1,32
115.50.177.66,1,32
85.139.230.101,1,32
110.200.65.178,1,60
80.166.228.173,1,32
191.193.165.238,1,32
218.244.183.6,1,32
90.144.198.83,1,60
187.199.239.178,1,44
36.19.8.169,2,104
109.118.21.125,1,32
82.130.250.248,1,32
86.184.73.171,1,32
222.80.235.163,2,80
103.91.41.135,1,52
88.11.63.81,1,40
125.246.234.106,1,48
47.126.97.15,1,32
170.205.139.236,1,32
60.88.119.68,1,40
41.65.0.48,1,32
1.17.31.153,1,28
180.188.197.37,1,32
82.161.175.24,1,32
71.31.184.80,1,32
125.104.244.15,1,32
106.100.44.201,1,95
64.22.164.80,4,208
191.152.48.227,1,32
14.45.180.249,1,32
77.251.62.7,1,32
59.127.159.170,1,40
203.136.241.11,1,44
108.217.211.139,1,32
84.15.10.172,1,32
185.74.192.64,1,32
192.148.95.165,1,60
211.79.234.73,1,60
173.244.182.29,1,32
79.181.36.245,1,32
218.3.173.43,1,44
54.248.186.233,1,76
61.238.174.90,1,52
24.183.169.188,1,32
119.251.164.105,1,32
95.137.64.135,2,80
94.140.63.132,1,32
61.224.59.182,1,32
14.53.141.59,5,200
97.58.252.108,1,32
104.242.195.231,1,32
70.114.33.25,1,32
82.146.113.200,1,32
13.194.30.221,1,32
64.160.77.49,1,28
142.60.85.63,1,32
139.173.128.224,3,171
176.112.193.28,1,32
64.71.205.214,1,32
143.196.43.60,1,32
91.135.180.217,1,32
71.189.12.255,1,32
60.143.41.115,2,138
139.255.150.28,1,32
187.195.91.17,1,32
218.137.233.53,1,32
70.123.36.85,1,32
221.109.150.8,1,32
86.140.50.213,1,32
5.127.1.147,1,32
177.191.107.108,1,32
163.115.116.101,1,32
183.161.90.134,2,80
211.167.17.49,1,32
222.222.36.247,1,48
172.205.233.181,1,32
24.10.143.82,1,32
216.106.59.68,1,32
71.209.179.14,1,32
36.30.69.234,1,132
122.161.98.252,1,32
104.113.212.59,1,32
76.147.65.238,1,32
217.33.21.250,1,32
183.172.66.195,1,52
60.143.110.214,2,104
45.125.82.119,1,40
113.3.91.143,1,32
122.224.91.31,1,48
79.241.3.91,1,32
175.236.54.115,1,32
71.230.250.74,2,80
101.113.14.15,1,48
98.7.124.194,1,32
115.214.131.93,1,32
223.9.94.47,1,32
84.188.76.98,1,32
154.207.45.135,1,32
134.249.90.239,1,40
115.182.165.22,1,60
60.68.243.187,1,58
197.151.211.97,1,32
151.188.143.142,1,44
197.194.212.66,1,40
49.222.162.149,1,32
47.47.232.199,1,32
18.178.27.247,1,76
182.177.21.173,1,40
109.43.73.98,1,32
2.220.70.158,1,32
123.140.47.54,1,44
185.58.120.116,3,120
18.184.175.64,1,32
50.152.4.57,3,120
207.62.6.144,1,32
223.140.119.46,1,60
49.86.121.74,1,32
72.20.2.197,1,32
217.6.254.252,1,32
167.57.167.140,1,40
217.105.78.57,1,32
79.161.96.6,1,40
18.224.36.193,1,32
88.110.11.51,1,32
24.99.125.15,1,32
120.166.231.72,1,60
198.58.149.23,1,32
60.74.104.6,1,32
218.239.52.38,1,32
216.23.57.206,1,32
117.232.88.152,1,32
109.202.99.239,1,40
67.143.207.9,1,56
54.250.86.16,1,76
195.219.120.132,1,40
108.78.89.156,1,44
113.8.93.88,2,80
118.51.60.127,1,32
54.208.206.224,1,178
122.11.91.172,1,32
49.211.56.141,1,60
183.250.13.102,1,76
84.127.237.15,1,32
191.29.52.26,1,32
151.23.185.70,1,32
84.193.209.84,1,32
108.40.127.147,1,52
213.0.176.75,1,32
121.182.96.87,1,40
207.1.61.29,1,32
119.241.74.230,1,32
125.65.41.92,1,32
200.176.237.15,1,40
69.7.91.140,1,32
83.137.211.153,1,32
151.26.163.135,1,60
5.163.9.41,1,32
83.114.123.37,1,32
171.175.77.246,1,60
196.200.66.34,1,32
186.215.82.152,1,32
186.238.244.73,1,32
216.68.133.187,2,80
88.31.131.221,1,60
189.97.106.149,1,32
197.28.110.168,1,32
124.12.233.71,1,32
37.232.27.190,1,32
89.21.134.239,1,48
207.2.156.91,1,32
165.229.131.38,3,120
93.152.178.39,1,60
2.243.138.171,1,32
119.102.63.54,1,52
72.92.87.71,1,40
176.198.91.252,1,32
64.204.155.135,1,32
90.119.111.12,1,32
172.249.30.62,11,1096
81.226.207.49,1,32
88.11.63.78,1,40
103.48.131.32,1,44
112.38.176.126,1,84
216.61.1.250,1,32
68.82.239.21,1,32
68.72.218.164,1,32
52.224.162.11,1,32
176.225.187.199,1,32
121.139.233.151,1,40
27.55.220.236,1,60
71.230.250.16,1,40
157.127.99.179,1,32
173.59.113.157,1,32
47.83.31.185,1,40
199.39.214.34,1,32
45.5.206.228,1,32
46.81.171.14,1,60
125.32.138.29,1,44
176.236.196.91,1,32
80.112.190.95,1,32
188.202.113.58,1,32
51.175.166.184,1,32
86.64.142.43,1,32
106.50.77.0,1,76
59.108.17.59,1,32
41.173.183.220,1,40
151.200.239.123,1,44
122.237.47.154,1,32
91.223.222.77,1,32
172.249.25.132,1,48
115.26.100.75,1,60
12.245.254.155,1,32
175.231.150.65,1,32
182.50.74.230,1,132
37.147.40.233,1,32
189.180.141.126,1,44
216.52.70.190,1,32
23.120.22.162,1,32
89.209.252.135,1,52
87.83.227.190,1,32
14.189.20.105,1,52
64.187.243.118,1,32
64.22.165.109,1,40
24.35.112.255,1,32
188.83.74.171,1,32
198.209.100.227,3,208
113.26.15.201,1,32
121.207.198.132,1,40
122.114.57.191,2,120
58.164.202.58,1,60
52.26.89.240,1,32
181.233.78.59,1,32
182.243.231.35,3,187
85.114.70.123,1,32
54.47.164.178,1,32
141.109.13.12,1,32
66.67.84.66,1,32
190.102.72.2,1,32
192.176.17.233,1,56
81.139.79.226,1,32
117.32.172.230,1,76
204.151.14.206,1,32
75.124.190.83,1,40
69.108.217.184,1,32
88.151.134.68,1,32
212.221.114.252,1,32
39.18.169.135,1,32
103.14.174.138,1,32
122.135.37.193,1,52
154.242.151.173,1,32
95.181.209.70,1,32
176.195.182.155,1,32
177.62.62.171,1,32
210.108.49.109,1,48
90.113.148.174,2,80
138.57.163.143,1,32
154.140.245.129,1,32
70.163.20.0,1,32
52.27.222.237,1,60
31.123.76.230,1,32
71.230.250.251,1,40
122.47.131.130,1,32
187.159.218.90,1,56
45.123.127.117,1,32
182.221.65.116,1,76
172.102.206.108,1,40
194.65.213.1,1,40
82.85.224.126,1,32
202.39.34.119,92,126377
95.219.99.169,1,32
113.254.2.190,1,40
83.158.213.45,1,32
54.143.127.84,1,32
174.171.251.232,1,32
24.114.151.78,1,32
18.182.242.115,1,84
1.90.79.150,1,134
54.233.126.150,1,32
81.31.212.45,1,32
94.223.164.3,1,32
60.194.219.41,1,32
182.169.105.123,1,58
115.188.23.161,1,32
59.65.252.225,1,32
177.132.89.145,1,32
125.98.177.81,1,32
151.27.54.219,1,40
84.201.131.127,1,32
31.145.66.252,1,32
190.125.19.170,1,40
61.40.40.254,1,48
89.214.38.14,1,40
125.76.233.3,1,32
59.115.11.37,1,52
213.233.4.243,2,56
109.109.82.85,1,32
216.157.19.158,1,60
121.153.254.115,1,32
194.73.118.217,1,32
94.198.61.252,1,40
121.243.72.59,1,52
115.25.1.64,1,32
45.72.252.146,1,44
61.108.32.143,1,76
74.251.93.86,1,32
31.154.207.38,1,56
68.74.225.106,1,40
68.147.244.143,1,32
217.139.190.14,1,32
1.62.85.250,1,32
189.96.52.45,1,32
5.74.244.75,1,44
50.254.169.31,1,32
46.238.97.254,1,52
221.17.92.236,1,40
72.73.116.142,1,32
23.219.116.168,1,32
205.58.74.27,3,789
187.222.127.216,1,40
71.230.250.195,1,40
121.146.146.198,1,40
125.254.153.222,1,52
170.12.131.127,1,60
107.197.49.240,1,32
108.78.204.142,1,32
112.50.78.217,1,60
111.93.242.156,1,44
223.33.31.121,1,32
197.199.251.83,1,32
154.130.64.165,1,32
128.33.43.5,1,32
12.165.86.241,1,32
52.117.227.173,1,52
123.112.185.233,1,60
54.203.243.75,1,32
174.243.250.236,1,32
54.42.148.144,1,32
79.139.4.46,1,32
218.147.188.86,1,32
88.82.207.254,1,32
50.206.75.89,1,32
125.35.211.158,1,44
5.181.20.12,1,40
177.192.27.25,1,32
122.132.138.113,1,32
212.214.59.64,1,32
186.55.141.200,1,32
218.7.67.191,1,56
108.67.25.13,1,60
125.60.28.220,1,32
69.47.192.222,1,32
78.150.206.110,1,32
203.244.203.227,1,32
213.91.86.84,1,32
46.219.28.81,1,32
37.207.37.147,1,32
78.114.76.0,1,32
177.213.194.142,1,60
114.173.71.221,1,32
79.117.123.31,1,44
91.122.7.25,1,32
88.55.72.177,1,44
195.155.112.226,1,32
101.124.41.154,1,52
193.154.78.179,1,32
49.3.104.239,1,32
59.186.24.201,1,32
113.227.48.205,1,132
87.228.75.62,1,32
2.32.132.51,1,32
173.249.16.203,1,125
70.54.122.120,1,32
52.94.120.8,1,164
116.119.236.255,1,52
173.215.107.39,1,32
125.33.119.6,1,44
177.213.197.160,1,32
49.104.32.160,1,48
38.187.107.103,1,32
175.163.27.213,1,32
92.52.40.246,1,32
119.139.99.177,1,32
80.238.36.192,1,32
87.51.13.67,1,32
73.248.151.177,1,32
95.40.209.240,1,32
62.111.138.202,1,32
74.193.187.98,2,104
37.17.174.130,1,32
95.93.241.78,1,52
139.173.183.79,1,40
212.25.43.77,1,60
68.180.113.1,1,32
128.96.42.207,1,32
95.49.44.192,1,32
88.103.10.156,1,32
82.46.189.57,1,60
146.24.23.226,1,40
123.3.29.200,1,40
114.6.254.184,1,32
5.93.222.12,1,232
177.138.128.9,1,44
179.243.75.68,1,32
122.133.38.116,2,80
91.174.21.154,1,32
189.210.10.179,1,32
212.30.14.55,1,40
192.45.116.16,1,32
69.159.25.247,1,40
121.207.153.99,1,52
119.154.206.145,1,32
89.132.196.110,1,32
13.161.236.180,2,104
114.110.219.9,1,32
27.20.97.184,1,32
82.27.173.98,1,32
62.252.234.108,1,32
202.93.139.128,1,52
46.126.41.94,1,32
68.185.180.147,1,32
203.136.255.243,1,44
61.200.3.103,1,32
219.108.105.88,1,32
179.220.226.129,1,52
173.98.50.208,1,32
159.137.136.36,4,160
89.209.44.190,5,260
5.64.104.152,2,80
52.229.130.98,2,80
189.225.241.115,1,40
80.221.73.9,1,60
177.207.120.116,1,40
116.252.17.76,1,32
123.151.4.242,1,32
108.89.36.185,1,32
122.59.113.241,1,44
78.240.53.150,1,32
61.75.104.124,1,32
86.208.227.158,1,32
34.237.196.18,1,32
62.72.77.39,1,32
81.22.197.102,1,32
198.52.195.199,1,216
24.68.178.40,1,32
125.213.96.185,1,32
174.124.122.220,1,32
5.232.191.23,1,40
172.102.248.212,3,120
64.18.30.198,1,60
173.221.210.114,2107,2893194
88.55.149.201,1,44
46.117.59.252,1,32
45.174.58.2,1,32
78.168.111.43,1,32
27.43.235.97,1,60
180.139.210.205,1,32
94.130.180.91,1,32
210.147.119.184,1,32
189.86.240.75,1,32
86.208.247.193,1,60
77.129.117.49,1,32
79.237.182.191,1,32
88.74.173.70,1,32
54.248.80.97,2,400
13.161.237.2,2,104
91.160.121.212,1,32
181.66.215.212,1,32
121.70.198.162,1,76
43.196.80.94,1,52
5.64.104.145,2,80
117.220.248.13,2,104
112.53.7.0,1,52
193.111.230.125,1,28
95.103.217.145,1,32
106.94.123.173,1,40
197.208.163.141,1,32
193.232.37.66,1,60
61.82.68.139,1,60
223.171.232.57,1,132
78.205.59.133,1,32
49.211.187.182,1,32
146.108.206.158,1,32
79.131.53.162,1,32
70.72.159.74,1,32
125.228.245.116,1,52
99.32.150.251,1,32
13.206.28.231,1,76
37.17.211.249,1,40
177.227.232.35,1,32
54.92.39.130,3,208
212.41.203.253,1,32
199.162.4.159,1,58
104.191.98.156,1,32
73.51.171.113,1,32
179.92.187.194,1,32
81.243.59.187,1,32
90.113.157.35,1,40
196.180.49.23,6,264
119.121.217.136,1,48
46.230.38.151,1,32
221.31.99.118,1,32
216.68.133.238,11,894
47.18.171.88,1,32
18.223.228.132,1,32
190.9.25.229,1,32
94.48.112.211,1,32
62.2.41.61,1,32
101.32.227.5,1,60
89.146.45.34,1,32
84.88.149.227,1,32
216.68.133.189,6,358
126.114.4.204,1,32
177.135.51.240,1,32
113.189.87.186,1,32
93.79.174.134,1,32
123.123.28.20,1,32
217.1.58.66,1,32
216.68.133.145,15,1947
59.62.77.145,1,32
213.86.234.54,1,32
113.161.234.108,1,52
124.167.14.217,1,32
58.39.62.211,1,32
174.200.130.64,1,32
101.116.50.171,1,52
84.73.203.34,1,32
217.253.79.164,1,32
118.40.232.187,1,32
188.6.144.130,1,44
49.176.159.190,1,32
98.124.59.93,1,32
82.184.80.88,1,32
52.212.107.250,18,8889
202.143.125.160,2,80
82.99.66.250,1,32
121.243.205.30,1,48
103.72.27.33,1,40
60.27.82.138,1,60
89.137.50.119,1,32
125.198.110.145,1,48
27.163.223.30,3,557
104.243.199.124,4,1208
196.246.186.152,1,32
67.253.43.184,1,32
120.163.130.170,1,32
79.2.66.34,1,32
71.56.232.59,1,32
124.66.228.245,1,32
172.249.25.131,6,574
189.169.65.79,1,40
131.231.153.242,1,40
172.64.189.97,1,32
175.173.192.5,1,32
79.231.30.133,1,32
134.38.232.191,1,32
31.113.4.160,1,40
188.9.98.216,2,108
114.0.132.228,1,32
198.202.34.222,1,32
89.235.56.141,1,40
12.214.187.192,1,32
34.198.108.196,1,32
149.158.203.117,1,96
177.171.234.162,1,44
115.91.92.198,1,48
18.182.73.160,2,556
61.101.249.66,1,40
119.116.132.88,1,32
108.137.187.184,1,32
177.194.168.153,1,32
81.13.149.116,1,32
158.81.202.14,1,32
92.26.109.198,1,32
206.210.155.129,1,32
60.156.246.248,1,32
46.252.48.196,1,60
112.223.72.42,1,32
193.63.219.163,1,32
109.52.232.94,1,32
90.177.22.173,1,32
115.65.255.142,1,44
124.163.57.188,2,256
176.196.7.188,2,100
77.200.91.168,1,32
80.165.88.130,1,32
71.230.250.115,1,40
101.8.62.148,1,32
23.214.153.58,3,132
82.30.84.236,1,32
202.94.2.30,1,52
178.195.127.108,3,120
201.44.193.178,1,32
180.122.111.39,1,52
140.247.117.153,1,32
191.190.153.209,1,32
163.83.232.96,1,32
93.150.85.116,1,32
37.17.161.231,2,80
179.231.82.162,1,44
27.241.252.40,1,60
122.140.64.164,1,32
183.123.229.136,1,32
54.35.178.2,1,76
85.29.12.145,1,44
81.247.160.202,1,32
123.51.168.151,1,32
78.144.50.234,1,32
194.50.61.193,1,32
120.165.10.173,1,48
84.53.12.83,1,40
89.7.35.16,1,32
45.32.88.96,1,40
202.118.191.155,1,96
116.130.27.186,1,48
114.45.128.59,1,32
200.216.158.218,1,40
190.218.243.130,1,32
69.78.222.206,1,32
179.192.122.179,1,32
222.135.178.0,1,32
210.240.214.132,1,40
104.232.232.73,1,32
90.72.237.14,1,32
199.152.232.104,1,32
121.163.2.159,1,32
58.196.96.208,1,32
76.146.152.7,1,32
183.135.87.24,1,32
109.25.12.204,1,60
66.58.226.134,1,32
172.255.169.141,1,32
98.235.166.53,1,32
71.26.122.198,1,32
27.242.162.61,2,80
92.109.197.144,1,44
110.40.127.128,1,32
223.100.11.48,1,48
180.78.148.53,1,40
41.191.45.134,1,40
199.51.37.220,1,32
221.40.216.88,1,40
71.168.22.204,1,32
169.47.131.125,2,111
221.143.1.241,1,32
64.197.145.153,1,56
70.58.148.18,1,32
219.111.68.0,1,32
78.192.49.175,1,32
12.199.229.191,1,32
91.43.162.240,1,40
221.17.18.181,1,32
83.70.177.79,1,32
12.60.145.62,1,32
200.245.233.63,1,32
77.43.175.145,2,100
183.194.113.97,1,32
71.230.250.138,1,40
108.128.86.16,1,32
23.104.222.212,2,135
103.18.149.172,8,3932
175.175.237.219,1,32
184.185.155.31,1,32
62.86.184.5,1,32
116.54.42.79,2,80
76.197.71.158,1,32
189.246.85.150,1,32
104.85.187.216,1,32
119.68.109.85,1,52
117.90.85.30,1,52
96.29.187.32,1,32
175.54.179.77,1,40
98.62.116.30,1,32
150.249.182.79,1,32
5.140.55.29,1,40
217.124.185.200,1,40
1.41.198.32,1,32
36.30.118.207,1,52
175.83.211.80,1,40
188.175.255.208,1,32
216.249.112.10,2,80
42.237.104.220,1,32
58.233.41.56,1,32
216.68.133.157,6,586
78.63.167.15,1,32
78.127.49.52,1,32
173.234.105.232,1,32
101.120.251.27,1,48
209.207.240.181,1,32
163.96.43.209,1,32
75.181.45.111,1,40
213.163.44.216,1,60
46.81.61.164,1,40
84.250.233.71,1,32
168.31.205.61,1,60
115.39.242.207,1,32
73.57.73.26,1,32
101.55.193.168,2,506
82.23.161.26,1,32
114.207.178.94,1,32
203.154.145.216,1,32
2.64.234.217,1,32
179.25.45.252,1,32
95.206.76.70,1,32
88.11.63.73,2,80
173.192.133.14,1,97
182.154.143.229,1,132
71.183.94.221,1,32
107.136.196.100,1,32
197.43.24.132,1,40
114.51.31.237,1,32
213.119.52.33,1,32
32.212.124.239,1,32
138.186.51.141,1,60
82.113.140.136,1,60
213.153.170.59,1,32
151.150.76.67,2,166
190.10.83.34,1,40
67.243.34.32,1,32
94.124.68.131,1,84
31.150.165.22,1,60
126.162.107.91,1,32
62.49.23.252,1,32
49.87.24.109,1,32
88.11.63.74,3,120
54.233.38.108,19,20988
110.144.22.102,1,32
222.82.79.16,2,80
95.228.36.72,1,52
66.46.57.29,1,32
80.27.196.67,1,52
61.196.60.196,1,40
106.59.35.251,1,32
212.108.179.126,1,40
172.103.155.75,1,40
197.58.80.23,1,40
171.213.107.81,1,48
189.49.118.163,1,32
182.182.9.208,1,60
123.182.132.250,1,76
52.117.88.89,2,82
181.116.38.193,1,32
82.201.235.4,1,32
61.71.181.171,1,60
108.73.130.77,1,52
178.46.106.155,1,40
76.225.244.87,1,32
5.64.104.157,2,80
211.25.221.207,1,32
184.71.181.199,1,32
13.161.233.142,19,20938
139.173.156.225,1,40
23.211.229.60,1,32
81.228.154.131,1,32
64.120.58.2,1,32
126.198.62.59,1,32
175.171.85.34,1,40
117.117.95.201,1,40
121.142.121.241,1,80
122.59.107.100,1,44
109.189.33.86,1,32
162.11.237.42,9,3435
71.221.206.247,1,44
124.235.102.197,1,32
72.160.183.159,1,32
112.172.231.69,1,56
189.239.4.54,1,32
189.60.18.197,1,32
79.56.88.16,1,32
112.199.124.29,1,60
67.205.100.12,1,32
185.153.62.204,1,32
71.196.123.68,1,32
113.104.50.183,1,76
71.34.126.105,1,32
14.97.231.207,1,32
182.84.84.145,1,32
62.172.51.21,1,40
87.80.128.9,1,32
60.237.72.176,1,32
31.104.22.157,1,32
140.205.49.29,1,100
113.32.180.72,1,32
37.189.59.61,2,80
73.176.244.178,1,32
222.66.224.57,1,32
219.124.98.144,1,60
175.50.127.81,1,32
126.206.82.193,1,32
183.67.237.172,1,32
209.214.233.85,1,32
222.78.233.39,1,32
179.148.207.42,1,32
92.51.252.82,1,32
156.57.143.106,1,40
211.10.62.50,1,32
79.115.203.217,1,32
221.138.223.229,1,60
52.82.3.54,1,32
192.36.168.214,1,40
166.133.244.230,1,32
67.205.100.243,1,60
188.210.15.2,1,32
38.128.76.129,1,32
178.198.193.187,1,32
190.126.105.85,1,40
200.76.60.106,1,60
184.35.79.178,1,32
45.60.28.206,8,10296
183.158.115.141,1,32
37.121.45.125,1,32
83.42.209.121,1,32
118.89.198.16,1,32
77.126.141.3,1,32
177.187.194.107,1,32
54.215.145.228,1,71
94.211.84.32,1,32
36.27.117.117,1,48
187.126.214.139,1,60
36.211.238.132,1,32
91.101.78.89,1,32
119.157.124.10,2,80
77.188.26.99,1,32
218.144.134.246,1,48
61.75.61.38,1,44
177.144.171.177,1,32
188.178.233.19,1,32
213.238.61.142,2,92
1.83.87.129,1,32
39.55.56.241,1,32
2.194.84.50,1,32
35.126.219.31,1,32
123.115.238.12,1,32
113.201.142.38,1,48
104.12.67.121,1,32
72.181.100.164,1,32
200.56.221.253,1,32
86.218.59.136,1,32
190.206.237.236,1,40
171.170.124.118,1,60
104.13.107.9,2,80
188.103.122.181,1,32
152.88.38.167,1,32
87.66.109.246,1,32
145.71.0.71,1,84
52.25.4.54,1,32
70.22.121.20,1,32
187.176.231.87,1,32
94.93.85.237,1,32
50.162.249.112,1,32
58.205.237.224,1,32
88.190.12.92,1,32
78.164.11.215,1,32
189.226.242.252,1,32
79.170.143.179,1,32
80.26.208.170,1,32
83.116.254.4,2,100
66.183.230.70,1,32
77.29.233.1,1,32
124.224.121.82,1,52
89.223.52.93,1,32
141.149.144.233,2,92
76.211.80.111,1,40
182.220.252.18,1,32
64.65.244.42,1,40
83.233.186.192,1,40
200.71.37.226,1,32
35.51.9.36,1,40
179.188.22.171,1,32
82.231.255.102,1,32
84.90.168.177,1,32
125.188.224.63,1,32
172.249.162.58,8,563
78.6.105.150,1,32
128.78.28.70,1,32
119.152.241.239,1,48
79.34.77.30,1,32
64.160.76.71,1,28
13.207.209.2,1,76
192.216.255.167,1,32
114.50.134.57,1,76
189.12.86.12,1,32
177.212.80.153,1,60
86.197.5.56,1,32
69.42.151.179,1,32
113.49.172.162,1,48
88.11.63.90,2,80
109.18.165.79,2,88
126.4.92.207,1,32
124.75.173.213,1,32
106.62.225.85,1,32
94.198.73.169,1,32
52.255.188.205,1,76
34.226.53.47,1,32
70.186.84.67,1,32
45.120.75.13,1,60
194.241.212.81,1,32
71.230.250.229,2,80
185.40.123.183,1,32
108.176.67.252,1,32
190.163.243.88,1,32
92.243.105.70,1,32
190.192.224.67,1,32
47.228.36.223,1,32
81.229.243.19,1,32
173.48.187.214,1,32
182.139.226.66,1,32
177.235.229.66,1,40
41.96.187.51,1,32
213.216.186.43,1,96
95.87.86.172,1,32
216.157.190.70,1,32
70.90.170.11,1,32
218.197.35.52,1,48
201.99.229.183,1,40
125.33.83.207,1,44
182.89.137.201,13,4918
24.153.52.181,1,32
172.102.195.82,1,52
85.60.225.112,1,60
84.204.112.226,1,32
68.70.43.229,1,32
43.196.176.20,1,52
195.155.65.19,3,120
122.224.227.134,1,48
174.146.81.153,1,32
98.84.63.70,1,32
94.115.122.236,1,32
196.212.24.253,1,32
5.162.109.1,1,32
89.116.164.200,1,32
114.4.65.4,1,32
1.60.215.114,1,32
123.246.82.131,1,60
90.17.151.252,1,32
77.8.254.141,1,32
95.249.158.173,1,32
71.230.250.137,1,40
68.16.69.89,1,32
82.20.178.124,1,32
60.246.113.216,1,32
23.253.205.20,1,32
91.20.38.116,1,44
24.147.165.110,1,32
68.214.52.74,1,32
103.241.207.126,1,32
40.134.116.134,1,32
109.202.170.250,1,40
117.231.43.11,1,32
178.20.88.253,1,32
68.212.54.54,1,32
185.134.135.226,1,48
35.54.81.92,1,40
184.183.238.186,1,32
92.154.143.252,1,32
49.221.179.40,1,40
211.168.41.157,4,120
114.158.118.28,1,32
114.59.17.177,1,32
120.170.197.49,1,132
83.195.105.1,1,32
221.1.222.251,1,132
209.7.255.114,1,32
119.159.71.224,1,32
220.196.51.22,1,56
54.252.143.144,1,32
177.138.128.140,1,56
71.212.202.26,1,32
104.225.96.132,1,60
112.9.224.231,1,32
1.49.213.139,1,32
81.59.148.243,1,84
221.156.100.61,1,32
81.60.22.192,1,32
61.202.18.185,1,32
27.210.123.72,1,52
24.199.69.69,1,32
118.86.87.6,1,32
103.242.184.221,1,48
172.249.29.74,10,1278
129.141.210.97,1,32
50.179.100.116,1,32
98.114.153.133,1,32
83.205.0.20,1,60
170.219.171.73,1,32
108.22.180.161,1,32
189.138.140.238,1,40
201.170.197.166,1,32
176.255.168.43,1,32
94.214.81.174,1,32
78.52.203.178,1,32
37.110.86.106,2,80
156.32.73.63,1,40
139.14.113.5,1,32
221.99.32.152,1,32
111.121.183.216,1,48
123.180.214.174,1,56
126.183.94.252,1,40
73.185.202.192,1,32
216.114.35.193,1,32
88.165.96.87,1,32
68.74.170.64,2,80
94.176.204.18,1,32
62.45.26.50,1,60
106.100.44.187,1,154
117.37.215.23,1,32
91.251.25.86,1,32
185.180.150.209,1,32
213.167.180.194,1,32
123.185.249.197,1,52
14.108.178.163,1,32
131.91.112.15,1,32
78.235.243.117,1,32
14.55.221.53,1,32
98.102.24.216,3,203
216.157.17.177,1,32
175.162.26.93,1,40
94.180.26.79,1,40
182.147.15.77,1,32
195.5.125.121,1,60
14.214.9.188,1,60
199.42.252.108,1,60
74.174.186.47,1,32
52.54.180.217,2,80
14.131.24.193,1,32
175.237.31.163,1,32
82.44.85.14,2,80
114.155.64.228,1,32
79.77.2.194,1,32
121.93.154.238,1,32
171.228.57.75,1,32
164.165.38.202,1,44
212.70.22.150,1,48
191.84.226.124,1,40
186.242.59.235,1,32
122.57.30.253,1,44
41.154.194.2,1,32
194.5.137.65,1,56
68.113.163.218,1,32
188.217.84.184,1,32
200.188.167.111,1,60
123.201.208.16,1,32
23.209.26.171,1,32
1.25.110.203,1,48
197.52.143.41,1,32
23.231.40.26,1,32
47.40.238.90,1,32
46.57.96.176,1,32
187.20.75.77,1,32
112.200.229.23,1,32
122.176.114.161,1,44
190.217.15.247,1,60
3.135.138.244,5,275
73.137.54.222,1,32
191.144.86.53,1,32
115.241.105.31,1,32
139.173.186.130,3,120
172.249.29.66,10,1424
112.177.164.186,1,32
83.0.23.14,1,32
176.230.48.249,1,32
173.252.236.73,1,60
192.8.17.89,1,32
115.206.57.167,1,40
197.22.95.179,1,32
59.6.47.199,1,32
39.23.39.130,1,52
58.106.44.191,1,40
45.212.71.58,2,139
175.108.80.3,1,48
201.109.214.70,1,40
24.173.59.211,1,32
17.199.30.104,12,9738
93.187.247.67,1,32
37.46.206.158,1,32
218.232.122.253,4,160
74.238.202.14,1,32
37.43.166.42,1,32
90.8.252.45,1,32
91.19.23.13,1,32
32.218.147.123,1,32
205.108.126.0,1,32
172.249.30.5,1,48
23.90.252.99,2,111
58.58.167.89,1,32
130.128.6.141,1,32
64.54.224.188,1,60
217.121.239.67,1,52
2.207.29.7,1,32
112.28.99.90,1,52
54.248.113.100,1,84
212.35.75.78,1,60
183.103.200.162,1,32
41.28.182.132,1,32
50.1.23.111,1,32
77.217.74.106,1,32
12.32.133.214,1,32
61.54.2.131,1,32
162.104.123.175,1,40
42.107.240.120,1,132
27.116.151.179,1,32
79.208.38.133,1,56
2.102.111.83,1,40
112.17.176.162,1,44
81.93.77.22,2,100
2.55.90.68,1,32
62.246.9.1,1,32
80.97.52.238,1,32
94.67.60.177,1,60
172.212.104.20,1,32
46.172.76.69,1,60
84.30.95.173,1,32
59.115.110.58,1,32
76.78.11.196,1,32
71.253.140.102,1,32
109.21.233.165,1,32
185.60.165.223,2,140
124.254.24.20,1,32
128.33.196.162,1,32
101.124.78.64,1,76
183.172.154.103,1,52
116.138.18.182,1,52
71.75.189.124,1,32
98.21.17.144,1,32
98.26.231.252,1,32
217.41.194.81,1,32
182.6.86.48,1,32
155.15.78.17,1,40
23.220.146.48,1,32
86.177.241.129,1,32
221.132.56.235,1,32
86.170.123.207,1,32
115.28.130.75,1,40
67.140.150.76,1,32
213.13.94.205,1,32
36.161.203.69,1,40
209.238.125.53,2,84
191.164.218.245,1,32
46.148.171.4,1,32
17.199.30.20,3,156
121.212.17.200,1,52
88.241.23.110,1,32
174.241.183.46,1,32
96.222.27.18,1,32
101.225.154.42,1,40
159.137.102.2,1,40
66.7.222.31,1,32
218.108.109.176,1,32
113.163.171.97,1,52
156.35.49.10,1,40
151.252.175.47,1,32
12.100.159.166,1,32
113.60.83.172,1,60
181.17.72.80,1,40
122.1.128.181,1,44
117.227.105.79,1,44
13.204.140.71,1,76
5.141.118.112,1,40
69.139.99.124,1,32
54.169.120.228,1,32
218.100.58.189,1,40
104.181.115.88,1,32
84.16.73.33,1,32
80.74.249.7,1,32
80.223.233.98,1,32
88.169.75.85,1,32
43.218.63.151,1,52
5.209.110.83,1,52
27.65.51.23,1,76
175.137.34.198,1,32
201.42.67.249,1,32
75.171.99.67,1,32
171.159.41.149,1,32
66.52.18.219,1,32
218.30.161.144,1,32
71.32.139.74,1,44
69.127.125.74,1,32
213.249.126.198,1,60
139.249.79.0,1,32
108.130.106.190,1,40
176.39.136.223,1,76
180.145.80.123,1,40
54.250.150.91,1,76
198.15.169.6,5,219
118.230.215.225,1,32
101.118.151.185,1,52
212.98.155.150,1,44
23.83.251.42,1,52
94.101.91.155,1,40
208.89.19.123,1,32
5.141.118.102,1,40
176.62.233.200,1,32
89.184.40.1,1,32
69.101.105.165,1,32
90.113.154.203,1,40
106.61.218.223,1,60
196.209.44.101,1,32
40.35.185.133,1,166
140.229.122.72,1,76
107.157.250.21,2,80
77.194.102.228,1,32
187.200.100.225,1,32
177.55.150.177,1,40
112.129.87.72,1,32
5.99.27.190,1,44
196.134.187.178,1,32
193.77.26.113,1,32
162.194.50.134,7,4033
118.201.178.108,1,52
210.46.29.41,1,44
94.246.233.248,1,32
139.173.159.2,3,120
193.143.180.210,1,60
51.61.219.120,1,32
68.22.224.52,1,32
134.160.34.120,1,60
62.76.122.166,1,60
101.63.39.203,1,40
65.249.238.230,1,32
209.0.41.89,1,32
62.167.12.150,1,32
60.58.26.235,1,40
73.129.87.103,1,32
46.217.222.116,1,32
82.129.86.2,1,32
2.17.15.154,1,32
92.108.150.97,1,32
116.250.205.142,1,60
216.125.124.226,1,32
173.163.27.65,1,32
216.3.65.122,1,40
107.177.240.83,1,32
196.54.196.158,1,56
217.91.68.205,1,32
111.248.214.219,1,32
58.48.50.109,1,32
74.217.54.79,1,32
209.238.125.117,1,44
117.249.10.101,1,32
177.65.43.215,1,40
191.205.133.63,1,32
111.112.209.42,1,52
5.139.23.202,1,32
72.184.226.129,1,32
136.242.18.49,1,32
196.246.91.36,1,32
109.207.208.121,1,60
201.34.90.183,1,32
210.65.232.43,1,32
82.72.19.218,1,32
185.228.203.42,1,32
110.100.123.70,1,48
76.65.227.44,1,32
80.160.97.37,1,32
142.81.214.127,1,32
119.84.213.206,1,52
130.1.148.14,1,32
61.67.231.174,1,32
172.198.36.7,1,32
187.46.129.152,1,32
80.128.150.19,1,32
178.166.55.135,1,52
113.227.36.233,1,52
140.144.143.108,1,40
151.16.109.196,1,32
46.42.110.143,2,80
192.242.172.202,1,40
187.59.32.198,1,32
104.77.248.229,1,99
45.44.68.122,1,32
95.23.18.13,1,32
172.249.29.69,6,4609
58.145.197.89,1,52
120.222.100.86,1,32
162.48.11.253,1,32
72.243.38.148,1,99
106.203.180.62,1,32
95.210.91.198,1,32
121.184.95.83,1,32
171.170.24.117,1,32
182.119.216.111,1,40
154.201.206.177,6,576
178.16.187.132,1,32
191.157.202.8,1,32
188.105.52.125,1,32
39.36.71.154,3,132
222.111.94.173,1,32
90.113.146.133,2,80
85.91.105.246,1,40
153.83.64.126,1,32
190.4.43.251,1,32
8.247.244.137,4,332
185.114.184.51,1,52
209.133.147.0,1,32
24.32.57.230,1,32
182.48.101.40,1,52
195.102.76.39,1,32
17.138.2.181,6,328
124.86.143.162,1,48
110.241.125.69,1,32
163.145.44.124,5,389
219.101.95.115,1,32
121.71.39.10,1,32
77.87.251.184,1,32
14.211.123.143,1,60
72.105.228.0,1,32
163.115.67.72,1,40
101.32.208.13,1,32
207.75.108.157,1,32
218.228.88.212,1,32
223.122.41.170,1,40
208.121.6.206,9,1199
76.67.66.144,1,32
108.47.131.118,1,32
47.42.30.69,1,32
172.113.115.113,1,32
119.77.117.243,1,52
220.163.183.127,1,40
138.185.167.66,1,44
166.157.255.39,1,32
197.22.204.173,1,32
65.154.65.153,1,32
23.94.228.28,6,543
23.94.229.29,11,6610
17.192.163.56,1,105
2.69.177.230,1,32
177.185.90.103,1,32
105.141.18.240,1,32
114.244.118.233,1,44
189.209.145.62,1,40
117.33.230.226,1,32
195.240.137.169,1,32
86.134.150.16,1,32
200.13.131.208,1,32
77.62.83.141,1,44
179.124.235.101,1,32
78.251.74.5,1,40
45.126.28.94,2,80
45.168.240.58,1,60
93.39.111.193,1,32
122.115.238.69,1,32
167.148.79.19,1,40
27.61.37.199,1,60
144.135.1.96,1,52
46.101.13.170,1,32
67.142.55.45,1,56
177.48.120.7,1,44
189.45.45.123,1,32
46.56.86.60,1,52
103.78.158.204,1,52
183.141.152.120,1,32
37.42.105.193,1,32
192.0.2.196,1,60
185.130.219.87,1,52
189.197.246.173,1,32
115.205.103.205,1,32
210.163.193.145,1,60
45.125.126.41,1,40
222.191.2.12,2,248
27.51.216.70,1,32
218.252.232.26,1,48
27.176.86.85,1,32
52.127.204.199,1,32
118.172.56.206,1,60
86.167.145.196,1,32
60.94.188.44,1,48
181.0.210.20,1,32
211.230.94.154,1,32
1.249.102.77,1,40
86.221.196.206,1,52
89.91.24.63,1,32
198.236.44.129,1,60
47.110.119.207,1,32
109.168.212.59,1,40
113.29.202.255,1,32
172.249.28.99,1,48
152.49.180.214,1,32
95.16.232.190,1,32
35.68.143.3,13,1810
104.137.83.194,1,60
131.148.6.51,1,32
186.199.226.97,1,32
191.219.155.143,1,32
23.86.31.213,2,104
143.253.165.71,1,32
118.112.106.241,1,44
222.70.128.48,1,32
85.121.50.142,1,40
93.92.234.202,1,44
152.53.176.143,1,32
193.66.87.175,1,60
186.156.233.6,1,40
177.254.16.218,1,60
220.196.155.57,1,76
40.133.73.174,1,32
80.239.24.77,2,88
88.137.169.196,1,32
211.172.72.9,1,60
115.239.178.209,1,40
82.123.109.202,1,40
81.94.146.68,1,32
171.175.31.236,1,32
2.142.126.6,1,56
190.170.229.228,1,40
223.109.255.217,1,60
71.230.250.23,1,40
175.224.145.119,1,32
52.255.40.92,1,76
191.164.218.9,1,32
103.242.247.164,1,40
70.50.98.178,1,32
96.2.45.189,1,155
5.36.240.112,1,40
116.219.147.74,1,40
62.253.212.199,1,32
73.89.214.141,1,32
109.167.114.86,1,40
211.20.224.65,1,32
206.55.65.186,1,32
119.114.193.109,1,60
52.229.235.107,5,2493
120.147.232.24,1,60
52.94.120.10,1,191
178.59.129.252,1,32
103.117.109.33,1,48
213.154.0.185,1,52
79.227.94.213,1,32
178.223.228.200,1,40
198.252.61.18,1,32
78.23.125.44,1,32
222.220.227.235,1,32
213.136.119.7,1,86
87.93.50.170,1,32
200.127.233.82,1,32
170.193.216.24,1,32
46.210.45.151,1,32
49.92.14.80,1,32
179.121.239.214,1,32
87.138.92.181,1,32
189.18.125.147,1,32
223.106.23.218,1,40
91.175.187.119,1,32
62.228.150.105,1,44
41.161.34.89,1,40
186.62.1.247,1,32
54.193.220.214,9,3520
93.45.34.252,1,32
34.199.172.143,1,32
84.89.11.215,1,32
64.108.39.146,1,32
125.251.93.187,1,60
223.122.147.109,1,40
134.214.83.31,1,40
121.220.4.149,1,40
102.155.21.25,1,32
96.29.107.42,1,32
45.173.104.191,1,32
35.121.211.191,1,32
122.119.92.168,1,40
69.110.197.118,1,32
171.211.154.246,1,48
203.136.241.10,1,44
86.109.202.70,1,56
39.19.225.138,1,52
160.170.201.153,1,32
79.124.98.203,1,52
109.206.125.115,1,32
88.11.63.83,1,40
52.126.129.255,8,638
41.214.26.17,1,32
105.190.152.56,1,32
216.68.133.226,9,973
200.177.123.49,1,32
123.16.73.127,1,32
61.24.241.98,1,40
1.16.214.98,1,32
71.230.250.101,1,40
81.203.242.202,1,32
109.125.82.103,1,32
12.92.41.32,1,32
113.203.156.8,1,48
61.85.223.146,1,32
106.48.37.172,1,76
70.61.68.185,1,58
87.136.167.70,1,32
86.218.172.116,1,40
121.141.118.50,1,32
91.198.252.122,2,80
125.244.2.24,1,52
71.182.166.237,1,32
121.104.102.3,1,48
14.156.28.208,1,48
171.176.31.124,1,52
188.245.150.79,1,32
97.18.29.21,1,32
87.74.251.107,1,32
95.88.168.229,1,32
42.228.100.159,1,32
1.195.50.177,1,48
182.243.177.139,2,104
182.89.103.215,1,32
113.117.244.62,1,76
45.216.77.67,1,44
31.121.13.176,1,32
176.59.162.203,3,120
188.246.180.117,1,32
182.24.85.20,1,48
109.218.233.7,1,32
99.43.228.229,1,32
118.65.81.72,1,32
218.225.197.124,1,56
217.163.239.113,1,32
90.113.148.125,1,40
67.250.16.111,1,32
103.204.93.109,1,40
174.134.223.34,1,32
116.159.188.98,1,32
151.202.191.199,1,32
46.46.150.18,1,32
177.73.78.99,1,32
176.127.223.171,1,60
36.173.65.30,1,40
111.222.146.151,1,32
185.241.226.234,1,40
121.115.168.251,1,48
2.186.119.74,2,80
5.88.196.75,1,32
149.158.249.49,1,60
178.47.141.13,1,40
189.115.215.211,1,32
99.204.190.131,1,32
54.233.38.141,2,1200
68.234.68.5,1,32
23.124.17.116,1,32
58.218.212.74,1,32
118.134.119.25,1,32
64.220.169.193,1,32
112.184.238.248,1,32
43.192.33.52,1,32
46.182.96.169,1,40
213.143.206.166,1,32
180.85.36.172,1,58
113.246.119.211,1,58
79.124.37.201,1,32
111.165.238.46,1,32
60.65.31.48,1,32
119.194.63.144,1,40
197.54.233.220,1,40
84.198.75.217,1,32
12.198.155.102,1,32
210.7.189.89,1,60
79.81.28.92,1,32
14.32.35.135,1,32
210.19.128.25,1,60
117.98.130.30,1,32
69.239.160.32,1,32
121.218.138.122,1,52
37.17.162.182,1,40
185.233.198.184,1,32
83.80.91.98,1,32
187.108.41.220,1,32
177.45.119.223,1,32
200.67.4.150,3,120
174.187.251.12,1,32
213.173.98.150,1,32
98.229.185.192,1,32
116.35.174.54,1,48
192.85.155.55,1,44
223.136.105.163,1,52
75.105.128.142,1,32
189.173.249.244,1,40
95.100.112.85,1,40
24.14.4.217,1,32
172.92.109.18,1,66
82.165.181.147,1,32
49.247.31.237,1,32
114.205.218.23,1,32
109.31.24.191,1,32
108.70.195.247,1,32
74.101.221.46,1,32
143.195.92.194,1,32
139.173.152.35,1,40
42.107.249.37,1,48
117.41.3.149,1,40
67.12.152.44,1,32
24.206.201.84,1,32
88.31.131.197,1,60
162.11.237.43,3,364
185.222.146.17,2,100
37.109.199.0,1,32
79.232.218.22,1,44
80.178.57.101,1,48
71.161.103.58,1,32
70.89.105.245,1,32
97.47.99.182,1,32
190.13.117.22,1,32
183.146.120.113,1,60
31.120.61.99,1,32
32.218.44.220,1,40
211.159.104.239,1,32
115.57.64.111,1,32
12.43.214.122,1,40
73.76.193.27,1,32
217.21.23.241,1,32
52.250.110.162,1,76
209.21.205.213,1,32
213.236.41.61,1,40
71.230.250.255,1,40
24.50.190.12,1,32
89.121.222.201,1,32
217.178.79.27,3,173
197.151.211.225,1,32
71.151.201.56,1,32
149.44.7.59,1,32
46.237.32.161,1,56
34.197.245.238,2,184
113.162.96.235,1,52
165.158.49.13,1,32
187.162.147.110,1,60
89.27.5.55,1,44
109.57.29.111,1,32
86.156.76.36,1,32
110.52.76.47,1,40
133.232.84.79,1,32
189.116.15.30,1,32
95.163.111.13,1,32
203.36.184.89,1,32
113.23.0.96,1,48
94.15.215.151,1,44
2.75.69.161,1,32
110.50.116.219,1,32
108.36.174.244,1,32
90.183.126.230,1,32
115.59.32.87,1,48
119.247.70.19,1,48
3.136.187.36,1,32
89.171.107.251,1,32
162.24.207.56,1,32
123.129.188.250,2,80
177.133.190.9,1,40
191.57.71.30,1,32
77.98.105.57,1,32
172.249.162.206,4,263
122.2.225.240,1,32
204.244.121.194,2,104
24.71.177.233,1,32
83.91.133.47,1,32
178.103.196.148,1,40
217.228.121.229,1,32
103.31.19.58,1,60
220.251.237.218,1,48
200.123.53.6,1,40
205.74.86.61,1,32
182.63.81.234,1,40
104.212.14.82,1,51
196.55.29.36,1,32
115.132.209.83,1,32
154.118.161.213,1,32
173.255.34.201,1,60
84.80.246.69,1,32
176.126.86.25,1,32
42.232.34.44,1,32
45.32.49.101,1,40
123.149.104.73,1,32
219.4.191.91,1,32
81.164.236.20,1,32
158.250.58.172,1,60
109.185.154.101,1,32
121.182.81.253,1,32
113.49.41.207,1,52
221.162.45.30,1,32
178.178.186.88,1,32
81.247.65.98,1,48
51.61.206.227,1,60
124.164.62.66,1,52
46.114.80.144,1,32
165.229.131.95,3,120
172.19.142.183,1,32
78.44.180.100,1,32
61.213.247.145,1,32
104.36.189.123,1,32
162.194.80.122,2,135
5.64.104.143,1,40
27.215.17.243,1,60
71.230.250.99,1,40
173.39.244.88,1,32
119.195.81.237,1,32
85.173.150.123,1,32
118.113.79.254,1,44
201.79.139.10,1,32
175.205.131.197,1,32
94.231.23.87,1,44
183.161.244.44,1,48
35.87.195.20,1,32
49.212.80.70,1,32
73.254.145.163,1,32
93.5.104.64,1,32
109.33.204.118,1,48
115.162.171.131,1,32
71.173.147.132,1,32
60.81.60.173,1,40
106.65.94.61,1,132
183.193.109.167,1,32
103.95.10.61,1,48
123.139.104.68,1,32
87.24.233.9,1,32
68.19.232.194,1,32
177.148.241.66,1,40
173.62.81.91,1,32
190.129.49.120,1,40
94.20.115.161,1,32
13.163.66.165,3,120
119.73.164.166,1,32
76.198.253.38,1,40
88.249.152.236,1,32
175.111.72.10,1,32
58.23.120.143,1,52
34.248.140.18,1,32
12.27.222.186,1,32
106.100.114.159,1,100
190.34.154.61,1,32
71.230.250.51,1,40
50.154.144.255,1,60
221.43.32.78,1,32
138.58.130.131,1,32
211.144.123.152,1,32
23.93.204.154,1,32
167.148.99.107,1,40
77.85.172.179,1,44
90.113.148.33,1,40
216.178.182.132,1,32
181.121.194.195,1,32
112.225.116.39,1,32
197.242.54.160,1,32
210.238.246.136,1,32
60.154.87.155,1,58
216.53.91.12,1,32
24.57.24.8,1,32
76.49.136.161,1,32
183.241.125.59,1,32
5.64.104.158,1,40
183.130.146.19,1,32
2.39.49.34,1,32
116.25.184.17,1,48
205.58.75.252,1,253
123.133.242.91,1,32
45.164.93.170,1,44
182.99.211.144,1,32
23.90.251.126,1,75
80.143.86.104,1,40
89.214.250.27,1,40
58.233.74.174,1,40
24.212.46.66,1,32
1.4.158.27,1,32
59.17.141.168,1,32
195.136.132.100,1,32
125.146.86.182,1,32
98.87.210.184,1,32
190.86.65.0,1,32
191.253.170.63,1,32
49.144.61.61,1,60
191.240.105.119,1,32
91.115.40.132,1,32
80.98.87.24,1,32
173.55.222.90,1,60
216.68.133.206,5,421
1.85.76.53,1,32
68.110.164.171,1,32
41.252.181.138,1,60
13.161.234.184,8,11620
123.189.58.77,1,76
157.42.75.32,2,120
125.210.96.13,1,40
177.39.3.231,1,32
89.166.113.213,1,32
182.124.131.24,1,32
118.254.5.134,1,60
197.24.52.164,1,32
217.30.141.36,1,32
58.72.26.149,1,40
173.221.210.74,122,164745
197.130.20.202,1,40
92.34.31.229,1,32
121.147.159.31,1,32
50.251.145.211,1,32
84.107.201.253,1,32
84.38.19.234,1,52
27.245.61.236,1,60
195.244.231.122,1,60
58.237.205.208,1,32
186.53.108.242,1,60
190.21.138.94,1,32
108.21.201.128,1,32
88.120.58.86,1,32
42.54.8.175,1,32
106.4.184.172,1,32
202.126.1.252,1,60
118.55.36.25,1,32
193.171.112.61,1,60
60.13.33.209,1,32
119.201.75.243,1,76
118.248.121.63,1,40
188.69.35.154,1,60
71.202.154.118,1,32
170.17.122.152,1,40
191.84.157.24,1,32
189.180.151.117,1,32
102.195.237.115,1,32
60.19.118.126,1,32
99.47.88.218,1,32
1.138.97.223,1,40
178.44.96.153,1,40
183.98.33.190,1,52
37.189.83.96,1,40
5.64.104.159,1,40
13.207.244.148,1,76
93.46.251.14,1,44
123.114.178.251,1,60
218.128.12.164,2,116
88.11.63.68,1,40
162.4.17.229,1,32
211.94.75.75,2,158
219.107.146.39,1,32
125.229.95.93,1,32
116.25.171.219,1,32
39.47.116.161,1,40
100.235.136.10,1,32
180.152.117.138,1,32
118.63.141.51,1,32
221.46.202.245,1,52
176.27.175.142,1,56
98.93.77.186,1,32
47.127.183.192,2,88
197.60.40.106,1,40
78.12.31.122,1,32
79.228.228.185,1,32
79.37.181.82,1,32
71.61.110.130,1,32
82.55.127.253,1,32
75.179.85.108,1,32
122.136.156.151,1,32
83.109.201.177,1,32
189.147.242.241,1,32
83.12.227.47,1,32
95.232.105.238,1,32
77.190.242.62,1,32
108.171.173.210,1,32
221.5.247.219,1,32
93.41.226.97,1,32
38.158.82.100,1,32
5.140.231.207,1,40
97.2.41.75,1,32
71.230.251.248,1,40
111.178.156.229,1,40
71.230.250.225,1,40
118.3.120.118,1,40
192.79.154.223,1,32
186.7.181.149,1,60
139.173.141.120,1,40
207.10.46.154,1,32
177.148.246.63,1,40
143.189.100.51,1,32
89.148.169.144,1,32
112.4.103.168,2,180
90.109.54.205,1,32
190.127.66.215,1,32
173.164.119.107,1,32
111.88.55.20,1,32
213.81.19.1,1,32
139.164.72.55,1,48
78.64.44.136,1,44
58.202.42.153,1,32
191.221.99.172,1,32
176.229.143.68,1,40
64.197.160.182,1,56
119.86.239.177,1,52
213.93.18.93,1,32
122.60.121.162,1,44
98.14.64.198,1,44
41.164.106.108,1,40
125.33.150.10,1,44
104.166.155.5,1,32
200.54.233.191,1,32
81.255.180.94,1,32
151.8.137.67,1,32
79.207.239.61,1,32
198.101.148.114,1,32
189.201.133.247,1,32
74.244.18.251,1,32
112.216.174.133,1,32
52.26.182.46,1,32
79.100.20.7,1,40
50.13.152.177,1,32
73.205.192.228,1,32
203.197.14.137,1,32
162.27.174.107,1,32
14.237.15.115,1,32
45.76.34.99,2,100
36.162.191.226,1,32
84.89.139.8,1,32
41.209.169.133,1,32
103.215.0.82,1,44
52.245.86.219,1,32
207.42.180.244,1,32
219.211.48.28,1,32
184.2.210.248,3,245
189.157.115.234,1,32
58.233.210.14,1,76
212.129.129.187,1,32
182.118.64.186,1,32
60.56.220.143,1,40
190.255.156.105,1,32
113.126.187.176,1,132
89.172.144.34,1,32
112.153.187.222,1,52
211.236.126.190,1,40
73.212.214.60,1,32
61.113.16.203,1,44
83.198.115.49,1,32
184.121.36.243,1,32
83.133.15.223,1,32
122.176.35.254,1,32
87.226.128.252,1,32
115.28.107.78,1,32
201.32.40.164,1,32
113.162.216.111,1,32
2.65.196.51,1,32
186.2.167.220,1,32
167.193.13.44,1,32
23.10.125.182,1,32
193.24.152.173,1,32
42.249.41.90,1,76
70.91.116.140,1,32
116.178.223.186,1,32
64.4.175.18,1,32
49.81.129.101,1,32
118.25.246.90,1,32
78.139.141.141,1,32
39.46.135.78,1,41
46.183.226.233,1,40
126.228.234.72,1,32
216.211.36.138,2,192
27.243.35.92,1,132
87.57.225.86,1,28
112.192.23.92,1,60
174.239.45.146,1,32
188.227.179.129,1,32
35.11.41.158,1,52
222.209.76.123,1,52
37.40.223.150,1,52
41.215.147.11,1,32
180.138.99.8,1,32
71.230.250.111,1,40
61.133.97.15,1,32
36.248.234.94,1,32
23.100.14.80,29,44981
90.26.228.194,1,32
118.5.227.147,1,58
71.23.86.147,1,32
49.92.248.123,1,32
115.65.105.243,1,44
118.15.30.75,1,32
96.63.106.65,1,32
87.30.51.77,1,44
27.45.110.90,1,32
82.42.227.40,1,32
176.106.123.36,1,40
79.99.35.140,1,32
179.52.31.220,1,32
113.28.244.89,1,32
177.160.142.157,1,56
211.207.118.40,1,32
223.154.68.175,1,32
140.93.215.158,1,32
93.220.248.236,1,32
67.139.210.192,1,32
112.6.227.229,1,48
76.24.98.234,1,32
188.89.15.126,1,32
110.39.97.110,1,32
46.41.215.20,1,40
201.185.89.123,1,32
39.16.7.109,1,52
216.6.35.135,1,32
73.109.45.172,1,32
209.36.0.122,1,32
151.182.143.96,1,40
69.179.220.229,1,32
114.229.2.101,1,32
84.253.111.206,1,32
94.253.31.3,1,32
79.161.5.116,1,32
78.85.209.203,1,44
59.19.209.226,1,32
83.172.205.210,1,32
198.26.123.36,1,40
183.167.22.107,1,32
122.152.145.179,1,40
43.194.204.165,1,40
94.150.40.26,1,32
98.92.88.135,1,32
5.148.97.245,1,32
5.219.148.213,1,40
52.248.14.231,1,32
61.3.193.159,1,60
78.234.108.43,1,40
221.93.84.246,1,40
87.68.74.27,1,32
64.142.239.252,1,56
104.243.213.93,1,32
37.106.234.123,1,40
24.255.6.34,1,32
176.202.113.60,1,32
109.174.49.111,1,32
222.114.174.83,1,32
107.201.32.44,1,32
124.153.113.205,1,32
221.252.137.64,1,32
81.105.74.161,1,32
107.11.182.242,1,32
139.195.105.249,1,40
182.160.195.178,1,32
60.211.137.76,1,32
74.34.254.109,1,56
5.43.39.165,1,32
205.3.143.236,1,32
212.231.72.90,1,60
106.201.7.230,1,32
166.164.152.76,1,32
72.227.168.134,1,32
31.208.214.146,1,32
213.248.148.94,1,40
162.6.44.30,1,40
27.249.185.162,1,32
75.138.192.229,1,56
17.192.163.112,1,105
66.9.92.113,1,32
68.31.110.241,1,32
113.49.111.142,1,60
42.177.120.172,1,32
193.176.27.226,1,32
68.188.96.231,1,32
69.212.73.122,1,32
41.160.8.75,1,40
185.210.177.226,1,32
52.84.9.143,1,32
185.172.142.20,1,32
104.89.24.61,1,32
176.250.27.143,1,44
97.44.140.4,1,32
211.101.82.111,1,32
45.55.107.21,1,32
126.181.165.168,1,32
35.27.246.206,1,52
61.26.0.127,1,96
71.230.250.154,1,40
74.111.62.240,1,32
189.42.119.175,1,32
74.48.180.35,1,32
130.75.98.64,1,40
188.62.31.35,1,32
23.60.173.132,1,32
216.143.174.30,1,32
35.125.105.107,1,32
174.127.67.66,1,32
1.76.16.72,1,76
75.123.160.62,1,32
179.89.80.222,1,32
111.176.105.142,1,32
24.156.108.147,1,32
13.204.10.157,1,76
174.201.210.116,1,32
12.222.39.105,1,32
90.113.149.30,1,40
108.219.205.200,1,32
5.37.150.203,1,32
52.228.240.101,4,160
167.144.95.60,1,32
59.17.105.249,1,60
5.106.16.74,1,60
183.148.86.38,1,52
154.239.114.37,1,32
185.201.23.24,1,32
117.117.90.189,18,27128
219.124.222.106,1,48
41.160.251.51,1,40
196.214.115.147,1,32
50.212.134.112,1,32
177.254.151.44,1,32
213.4.200.125,1,32
203.136.253.155,1,44
197.235.137.99,1,32
65.180.62.255,1,84
216.68.133.188,3,232
94.1.224.120,1,32
89.206.79.125,1,44
113.122.79.250,1,32
79.210.101.192,1,32
194.227.179.114,1,30
69.15.27.46,1,32
189.151.139.181,1,32
126.244.110.96,1,32
121.208.253.130,1,76
75.91.105.250,1,32
88.15.125.100,2,100
119.182.184.152,1,32
27.24.89.140,1,76
90.39.87.161,1,32
84.104.13.120,1,32
181.128.48.249,1,32
76.71.101.116,1,32
64.22.160.130,1,70
206.57.166.66,1,32
182.2.81.156,1,32
34.230.161.156,1,32
79.111.214.158,1,32
189.183.227.49,1,32
90.20.145.69,1,32
13.205.142.166,1,76
85.36.158.108,1,32
104.248.1.195,3,120
41.164.151.86,1,40
110.49.135.93,1,32
116.171.134.45,1,32
80.59.160.75,1,32
203.20.6.59,1,32
190.44.194.52,1,32
125.33.208.138,1,44
54.181.44.99,1,84
181.3.123.57,1,32
31.156.182.225,1,52
27.243.39.10,1,58
27.242.251.185,1,60
71.175.237.105,1,32
104.109.231.73,1,52
88.129.159.157,1,32
95.198.29.78,1,52
201.17.202.10,1,60
78.237.99.238,1,40
121.176.37.67,1,40
183.158.183.87,1,40
201.233.118.43,1,32
46.176.253.116,1,32
181.227.66.161,1,32
106.100.31.63,1,32
191.79.23.197,1,32
60.69.59.235,1,52
79.14.67.6,1,32
23.65.209.122,1,32
36.219.224.43,1,32
67.160.214.111,1,32
177.229.12.116,1,32
117.255.23.55,1,44
24.13.233.251,1,32
73.9.174.169,1,32
200.216.245.238,1,32
117.245.177.139,1,32
125.164.48.166,1,52
37.17.222.46,1,40
68.64.161.191,1,32
218.253.160.138,1,48
92.247.109.169,1,32
54.215.144.81,1,52
102.129.15.104,1,32
116.155.158.137,1,76
80.56.237.122,1,32
104.239.17.154,1,32
90.110.149.212,1,52
144.252.118.247,1,32
106.82.180.73,1,76
175.134.92.67,1,52
114.200.164.195,1,40
110.206.143.237,1,32
103.232.129.127,1,52
52.104.45.44,1,32
221.7.81.25,1,76
121.103.36.129,1,32
219.199.50.213,1,44
121.113.24.54,1,32
197.37.50.249,1,40
83.153.2.43,1,32
195.66.28.76,1,32
89.114.134.189,1,48
103.3.99.212,1,52
82.138.92.222,1,32
69.173.46.124,1,32
91.196.188.198,1,44
94.71.115.100,1,40
172.103.180.58,1,40
182.9.219.76,1,32
172.29.169.149,1,32
175.211.67.223,1,32
81.128.62.125,1,32
207.13.106.25,1,32
5.167.104.237,1,40
218.229.200.228,1,76
73.94.205.144,1,32
76.144.110.157,1,32
82.188.251.16,1,32
45.125.7.203,5,385
47.21.146.14,1,32
18.233.76.255,4,272
213.70.186.171,1,32
124.152.223.54,1,48
216.120.74.236,1,32
88.134.164.173,1,32
47.252.179.131,4,160
69.2.191.221,1,32
12.51.76.106,1,32
122.4.192.174,1,40
192.69.162.45,1,32
94.105.63.226,1,52
73.53.140.180,1,32
98.6.44.70,1,32
200.9.93.2,1,60
85.30.29.41,1,40
187.6.34.29,1,48
162.12.36.19,1,40
183.249.217.90,1,52
68.37.196.180,1,32
176.1.40.167,1,32
189.222.248.180,1,40
1.197.171.41,1,76
115.65.107.149,1,44
88.11.63.91,1,40
115.48.228.115,1,32
129.25.254.131,1,32
73.136.91.123,1,32
77.16.155.142,1,32
189.101.204.140,1,32
199.88.72.226,1,32
60.196.97.218,1,32
114.50.230.137,1,60
83.129.247.149,1,32
191.119.62.119,1,60
80.130.18.228,1,48
88.177.132.180,1,32
221.96.65.118,1,32
208.37.82.33,1,32
212.126.112.125,1,60
79.196.101.229,1,32
77.142.67.62,1,32
52.252.155.95,1,76
109.23.73.54,1,40
86.198.40.187,1,32
83.133.164.195,1,32
47.85.63.188,1,60
54.226.49.87,3,120
114.162.185.200,1,32
123.23.253.90,1,52
108.73.130.76,1,101
88.23.110.175,1,32
90.113.150.201,1,40
34.235.46.190,1,32
189.253.146.63,1,40
103.29.129.59,1,32
123.199.24.233,1,32
192.95.169.203,1,32
113.220.248.215,1,32
211.74.196.202,1,32
46.249.216.15,1,32
84.67.76.204,1,32
37.106.237.216,1,40
2.69.251.193,1,44
170.149.205.57,1,32
208.98.225.46,3,295
219.43.23.255,1,32
88.11.63.88,1,40
203.19.124.100,1,44
52.250.58.13,1,76
78.108.50.56,1,32
190.237.192.34,1,32
114.204.223.59,1,32
221.229.152.221,1,32
222.174.162.21,1,44
189.178.146.244,1,32
81.26.207.39,1,32
66.172.9.15,1,32
106.14.200.103,1,32
77.14.42.20,1,60
82.12.77.169,1,32
89.157.245.159,1,32
121.253.234.189,1,32
62.125.167.225,1,32
93.53.214.25,1,32
218.135.168.18,1,40
159.153.200.18,1,60
186.42.144.14,1,56
60.57.65.172,1,40
52.83.82.242,1,32
213.193.237.169,1,32
177.138.129.165,1,40
213.101.40.182,1,32
61.113.174.90,1,32
140.229.84.129,1,76
216.211.33.14,1,102
118.25.197.29,1,40
109.119.148.146,1,32
188.43.139.204,1,52
109.182.115.142,1,32
41.222.133.175,1,32
117.246.66.204,1,32
99.63.148.195,1,32
79.168.36.47,1,40
93.37.47.166,1,32
198.28.146.19,1,32
124.161.212.80,1,32
187.17.189.52,1,32
156.56.173.82,1,40
84.7.202.232,1,32
73.166.2.39,1,32
193.89.222.194,2,92
172.249.25.142,163,209291
191.177.17.137,1,32
103.250.215.14,1,60
194.162.201.226,1,32
31.146.82.33,1,32
178.187.80.222,1,32
115.44.32.182,1,32
47.0.50.187,1,32
62.116.237.35,1,40
186.12.247.60,1,32
81.57.17.114,1,32
96.71.210.86,1,32
113.172.43.39,1,32
89.231.228.108,1,32
61.108.180.104,1,52
23.71.214.90,1,32
177.197.213.176,1,44
99.46.86.212,1,32
125.67.165.67,1,32
86.131.67.179,1,32
181.98.175.0,1,32
172.249.28.78,3,178
176.206.168.241,1,44
151.150.187.160,6,7896
114.243.225.81,1,32
67.6.175.19,1,32
71.230.250.58,1,40
4.104.20.170,1,56
41.154.133.58,1,32
68.228.246.247,1,32
71.230.143.47,3,120
97.8.196.133,1,32
206.139.84.67,1,32
191.223.182.6,1,32
23.192.115.35,1,32
67.173.242.235,1,32
139.173.181.0,3,120
185.91.94.77,1,40
121.106.252.21,1,32
123.254.40.243,1,44
208.78.60.73,1,32
218.57.76.194,1,32
179.195.168.115,1,32
71.230.250.32,1,40
110.138.10.200,1,32
176.248.81.97,1,32
49.221.149.185,1,52
97.29.234.39,1,32
81.144.100.96,1,32
35.68.141.20,7,1057
157.187.74.101,1,60
23.73.67.59,1,32
36.23.94.119,1,40
54.48.246.123,1,76
78.0.146.206,1,32
14.38.213.25,1,60
60.140.96.236,1,32
61.109.122.254,1,60
200.253.112.220,1,32
54.213.26.122,1,32
41.167.186.23,1,40
50.152.100.137,1,32
61.220.248.242,1,32
37.17.219.177,1,40
172.26.127.37,1,32
186.232.129.52,1,32
185.177.146.151,1,32
117.32.23.169,1,76
187.242.229.112,1,32
113.171.194.236,1,56
126.117.215.47,1,76
23.233.156.2,1,32
112.227.248.128,1,32
195.45.71.139,1,96
104.186.188.165,1,32
86.169.50.232,1,40
211.45.224.169,1,32
211.69.110.222,1,32
31.117.244.246,1,32
83.166.108.236,1,32
94.178.34.8,1,40
175.175.100.69,1,76
222.216.145.119,1,76
222.221.226.52,1,60
186.78.94.28,1,60
180.133.168.212,1,76
123.126.225.121,1,32
13.207.25.237,1,76
124.124.245.54,1,32
49.51.104.52,1,32
95.176.54.238,1,32
91.143.63.113,1,32
125.197.175.196,1,32
126.183.2.89,1,32
188.65.167.201,1,32
109.144.4.203,1,32
175.218.110.24,1,32
73.87.60.91,1,32
67.195.171.184,1,32
80.27.81.12,1,32
182.107.49.100,1,52
104.76.248.84,1,32
168.35.85.62,1,44
76.50.61.2,1,32
222.82.75.206,1,32
155.186.195.13,1,32
59.45.189.205,1,40
210.13.103.157,1,32
63.130.71.171,1,32
186.148.235.29,1,52
95.141.85.3,1,32
105.218.133.182,1,40
182.243.243.220,543,816494
1.81.84.48,1,40
197.148.190.244,1,32
97.63.246.29,1,32
212.47.51.237,1,32
24.43.193.211,1,32
213.41.78.61,1,40
104.173.194.131,1,32
188.75.45.109,1,32
87.122.92.230,1,32
83.103.104.69,1,44
171.209.225.204,1,132
222.189.199.157,1,32
94.236.170.187,1,44
181.120.167.234,1,40
52.251.187.70,1,76
85.217.202.74,1,32
5.64.211.111,1,32
5.125.110.255,1,32
113.227.120.248,1,60
112.135.45.58,1,32
65.208.188.20,1,32
91.96.126.213,1,40
144.252.53.30,1,52
156.62.186.104,1,40
124.69.167.163,1,32
54.186.214.179,2,592
36.174.51.243,1,40
50.174.8.19,1,32
98.59.78.6,1,32
220.59.25.95,1,32
175.166.30.105,1,32
115.53.153.153,1,32
38.186.226.158,2,205
58.39.14.134,1,60
103.71.248.161,1,32
213.147.24.97,1,32
121.105.114.7,1,32
93.124.219.129,1,32
188.84.198.62,1,32
125.34.75.5,1,44
84.149.219.253,1,32
2.107.110.45,1,32
203.84.255.26,1,32
77.243.18.218,1,52
31.73.183.180,1,32
151.192.252.191,1,32
113.221.75.79,1,76
94.242.237.196,1,32
34.196.177.144,1,296
1.21.152.111,1,32
111.122.111.219,1,48
92.101.206.121,1,32
99.43.175.82,1,32
95.226.54.225,1,52
24.17.247.166,1,32
222.212.11.62,1,52
182.133.109.46,1,60
84.51.141.52,1,32
95.151.17.9,1,32
179.169.163.98,1,32
52.117.158.63,1,32
87.239.38.77,1,32
221.22.243.188,1,40
195.189.215.78,1,56
59.175.42.177,1,32
115.112.231.65,1,40
192.4.30.129,1,32
221.26.25.91,1,32
83.38.61.237,1,32
74.100.92.251,1,32
192.240.84.239,1,70
87.30.115.201,1,32
73.62.225.102,1,32
172.103.179.227,1,40
82.132.110.143,1,32
74.104.49.136,1,32
14.205.216.95,1,60
17.199.46.151,3,156
173.192.133.7,1,144
88.35.102.22,1,40
117.44.164.149,1,32
178.96.83.254,1,56
73.134.238.127,1,32
12.58.30.49,1,32
122.166.176.248,1,44
88.11.63.89,1,40
69.154.6.252,1,32
61.68.228.29,1,48
91.163.98.143,1,32
208.110.219.91,2,80
121.139.241.6,1,32
118.204.172.255,1,52
78.46.72.78,1,32
70.89.246.110,1,32
73.216.32.200,1,32
103.29.183.51,1,40
182.153.199.68,1,60
121.137.81.130,1,32
52.224.242.158,1,32
83.255.86.169,1,32
136.88.209.211,1,32
186.4.223.41,1,32
222.223.234.48,1,48
218.224.68.77,1,32
115.62.234.35,1,32
105.128.158.76,1,32
18.215.125.144,1,32
37.252.143.133,1,32
216.211.35.53,1,92
62.55.62.124,1,56
67.249.64.165,1,32
71.230.250.90,1,40
42.56.28.245,1,48
122.1.227.151,1,32
66.223.180.105,1,32
186.154.132.80,2,80
196.128.221.105,2,104
13.204.15.84,1,76
181.61.146.7,1,32
222.213.168.38,1,60
34.204.56.212,1,32
195.225.170.23,1,32
61.40.78.151,1,60
92.13.54.140,1,32
219.119.12.106,1,32
166.164.80.170,1,32
43.222.172.247,1,40
85.35.98.192,1,32
61.92.249.230,1,32
103.46.174.148,1,32
59.126.161.112,1,32
5.188.104.130,1,88
222.171.4.156,1,32
221.40.210.166,1,40
218.204.177.14,1,32
222.243.241.105,1,76
78.35.189.188,1,32
31.110.17.130,1,32
218.221.200.1,1,60
70.60.111.131,1,32
121.220.247.127,1,32
80.22.35.228,1,32
71.194.128.46,1,32
187.222.254.224,1,40
66.251.119.56,1,56
216.211.33.118,1,92
77.59.33.150,1,40
37.17.204.129,1,40
27.115.146.83,1,32
139.173.155.216,1,40
185.139.54.121,1,32
65.169.141.96,1,32
198.173.7.198,1,32
86.129.174.140,1,32
91.14.102.194,1,60
182.100.234.140,1,32
62.148.209.169,1,64
24.70.56.63,1,32
77.85.137.146,1,44
188.39.213.238,1,32
83.47.32.130,1,32
191.161.252.216,1,32
50.56.131.171,1,32
187.100.184.44,1,32
184.161.249.53,1,32
111.166.134.227,1,40
74.55.244.116,1,32
91.222.245.116,1,40
50.227.61.83,1,32
118.183.166.131,1,32
72.152.145.131,1,32
95.227.31.104,1,32
36.24.126.106,1,40
96.48.194.200,1,32
104.248.78.30,1,60
90.113.157.73,1,40
59.47.248.141,1,32
112.8.100.182,1,48
182.245.235.186,1,32
198.138.83.24,3,187
71.230.250.13,1,40
189.124.187.204,1,32
157.182.195.43,1,32
5.91.201.102,1,32
166.156.195.124,1,32
181.73.173.118,1,32
62.180.146.93,1,32
182.118.144.254,1,32
79.28.220.1,1,32
188.73.194.187,1,32
104.105.188.12,1,32
124.41.84.200,1,32
81.217.18.67,1,32
88.121.152.186,1,32
89.120.155.242,1,32
222.93.166.92,1,32
110.242.152.166,1,60
218.221.149.120,1,32
174.144.209.52,1,32
121.135.191.115,1,32
37.130.134.214,1,32
183.236.27.228,1,52
186.186.27.51,1,32
37.133.146.230,2,80
81.18.230.124,1,32
184.112.205.146,1,32
58.191.152.78,1,32
94.60.83.244,1,40
17.199.26.216,3,156
117.215.136.39,1,60
5.196.92.141,1,32
82.66.11.42,1,32
12.106.137.170,1,32
87.56.200.240,1,32
71.230.250.98,1,40
126.137.214.130,1,32
101.159.160.25,1,32
115.43.55.48,1,32
84.17.7.140,1,32
39.56.121.135,1,32
39.4.219.251,1,32
60.59.89.88,1,32
178.231.62.160,1,32
83.196.17.205,1,32
203.19.13.70,1,32
207.60.163.52,1,97
89.42.92.206,1,32
139.241.56.63,1,60
204.183.234.47,1,32
175.168.167.245,1,32
61.162.70.51,1,32
94.67.60.125,1,40
98.120.242.116,1,32
70.236.39.46,1,32
217.226.50.230,1,32
191.73.110.191,1,32
196.202.153.61,1,32
223.124.84.198,1,32
124.40.114.131,1,32
178.244.66.69,1,32
216.68.133.198,1,115
198.15.32.116,1,32
94.111.206.142,1,32
177.174.53.158,1,32
182.52.142.69,1,132
92.93.162.225,1,52
145.249.81.124,1,32
101.48.12.97,1,40
221.155.38.53,1,32
178.5.174.8,1,32
37.138.200.36,1,32
107.151.216.117,1,32
42.230.120.197,1,48
151.182.59.116,1,44
123.132.68.2,1,32
91.214.207.252,1,32
110.71.54.139,1,52
117.254.173.171,1,32
105.131.187.228,1,32
52.121.148.235,1,32
95.120.33.140,1,32
125.127.191.174,1,32
79.169.53.45,1,40
94.212.6.232,1,40
175.141.107.80,1,32
2.74.131.19,2,104
85.185.69.27,1,32
84.159.174.173,1,32
182.54.247.228,1,132
198.198.248.193,1,32
36.249.212.12,1,32
216.68.133.205,2,126
13.205.222.39,1,76
190.105.169.184,1,32
58.205.233.168,1,40
177.235.216.26,1,32
24.203.66.13,1,32
125.117.173.63,1,32
157.100.7.18,1,32
41.116.237.53,1,32
109.48.206.160,1,32
170.195.194.75,1,44
178.247.165.157,1,40
192.33.42.231,2,112
71.24.36.103,1,32
190.250.108.204,1,32
109.222.146.169,1,32
72.120.218.137,1,32
201.40.216.28,1,32
2.199.143.92,1,32
74.107.81.95,1,32
186.136.224.141,1,32
156.49.249.20,1,40
139.244.58.119,1,76
91.7.47.181,1,44
181.214.130.169,1,60
112.218.205.123,1,52
77.17.49.241,1,60
88.11.63.86,1,40
92.194.159.65,1,40
93.249.42.63,1,32
88.143.146.13,1,32
216.211.35.113,1,176
45.52.7.236,1,32
148.59.105.102,1,32
187.205.18.30,1,32
47.127.52.91,1,40
144.198.173.64,1,40
190.50.174.182,1,32
173.221.71.31,1,60
69.106.30.53,1,56
31.163.169.24,1,40
108.73.145.32,1,52
71.230.250.14,1,40
73.105.246.55,1,32
78.51.93.96,1,32
37.158.50.0,1,32
75.146.49.86,1,32
84.97.205.154,1,32
92.191.241.37,1,32
120.219.159.241,1,56
118.222.13.58,1,32
220.57.183.130,1,129
110.206.119.248,1,32
186.218.2.69,1,32
64.34.119.191,1,32
88.182.176.65,1,32
218.99.215.121,1,40
119.225.130.34,1,32
220.173.40.201,1,52
186.196.89.60,1,32
172.104.229.9,1,32
223.87.128.112,1,60
172.249.25.179,1,52
93.114.173.9,1,32
96.193.9.144,1,32
204.144.95.66,1,52
54.250.241.196,1,239
203.83.141.169,1,56
88.19.130.207,1,172
151.222.65.113,1,32
39.13.178.225,1,32
24.225.224.80,1,32
161.242.91.177,1,32
184.122.204.132,1,155
68.161.103.96,1,32
185.126.159.22,1,32
195.155.174.79,1,60
103.48.173.241,1,52
187.173.244.49,1,32
173.124.63.185,1,32
62.75.105.189,1,40
98.231.189.237,1,32
115.21.185.225,1,32
23.94.228.245,4,462
104.151.246.179,1,32
183.86.10.130,1,52
80.192.202.113,1,32
2.56.60.225,1,32
175.247.184.177,1,32
221.175.27.89,1,32
107.5.142.227,1,32
212.156.88.100,1,60
54.233.38.46,1,330
189.43.123.128,1,44
109.207.182.19,1,60
72.76.65.130,1,32
219.119.153.0,1,52
218.144.62.118,1,58
183.97.48.94,1,40
151.150.77.114,2,104
114.236.162.42,1,60
216.183.142.220,1,32
73.180.172.176,1,32
221.251.110.234,1,32
93.241.63.199,1,32
217.54.201.128,1,32
159.153.231.181,1,40
176.111.151.103,1,52
47.38.225.229,1,32
91.41.217.242,1,40
67.82.31.103,1,32
131.150.107.189,1,56
109.233.195.131,1,48
183.188.30.141,3,764
218.196.95.100,1,32
81.253.89.1,1,32
128.221.55.165,1,52
216.68.133.234,2,104
128.37.194.241,1,32
185.182.103.146,1,730
124.135.120.24,1,76
52.126.18.160,1,32
89.9.153.5,1,32
113.53.221.164,1,48
5.36.255.6,1,40
80.211.231.89,1,32
156.155.224.251,1,60
156.155.224.59,1,32
191.108.123.87,1,60
72.179.1.3,1,32
185.173.112.51,1,32
92.132.39.145,1,32
125.164.120.106,1,32
106.204.141.145,1,32
109.166.60.36,1,32
67.197.74.159,1,32
47.89.160.241,1,32
122.169.203.176,1,32
180.90.8.195,1,32
88.55.87.159,1,32
123.27.238.255,1,60
199.162.7.101,1,58
175.240.108.182,1,32
196.130.192.84,1,32
178.245.88.168,3,231
13.220.128.68,1,32
120.103.170.170,1,32
220.139.228.97,1,40
87.82.90.161,1,32
186.23.134.19,1,40
170.12.214.183,1,32
93.226.237.244,1,32
62.137.169.98,1,32
186.245.46.11,1,32
179.56.252.193,1,40
122.11.155.111,1,40
109.58.153.209,1,32
177.148.209.9,1,32
91.20.238.154,1,32
82.215.206.140,1,32
179.150.75.171,1,32
196.38.198.130,1,44
151.150.76.83,2,234
105.40.124.152,1,32
1.48.243.165,1,60
222.106.148.114,1,32
213.186.128.243,1,32
189.117.46.140,1,32
31.166.204.123,1,32
125.69.30.68,1,32
113.161.34.250,1,32
54.227.168.186,1,76
190.12.88.207,1,52
70.181.90.74,1,32
79.118.44.9,1,32
89.122.237.59,1,32
223.158.88.38,1,32
181.188.140.37,1,40
108.144.240.135,1,32
71.19.46.155,1,32
58.72.215.247,1,40
99.60.246.54,1,32
90.117.82.115,1,32
139.218.195.194,1,40
35.85.153.178,1,32
123.183.251.6,1,76
106.75.80.251,1,32
24.200.50.97,1,32
5.219.156.167,1,40
84.60.10.170,1,40
82.61.51.18,1,40
45.223.160.251,1,32
105.156.243.233,1,32
221.1.1.106,1,32
116.104.21.181,1,60
78.102.158.158,1,56
82.168.97.39,1,32
212.68.77.90,1,48
49.90.115.34,1,32
121.181.106.175,1,40
123.178.173.130,1,32
52.119.98.187,1,616
122.160.60.160,1,32
70.46.223.145,1,32
69.243.216.46,1,32
154.88.4.141,1,52
179.26.131.54,1,32
211.224.107.135,1,32
182.79.143.154,1,44
76.75.114.187,1,32
182.101.68.40,1,60
81.102.146.149,1,32
140.232.181.188,1,32
82.24.208.249,1,32
1.1.189.189,4,424
171.202.11.82,1,48
84.175.161.11,1,32
42.58.136.194,1,32
47.229.138.99,1,48
203.93.26.40,1,40
87.28.110.139,1,32
71.230.250.169,1,40
179.75.216.59,1,32
91.122.91.197,1,32
185.252.220.130,1,40
61.68.30.151,1,48
212.8.211.226,1,40
108.190.180.48,1,32
61.150.82.105,1,44
178.161.192.149,1,40
191.115.253.205,1,32
221.12.244.138,1,32
2.77.66.106,1,40
140.205.49.23,1,100
217.150.81.63,1,32
125.232.185.32,1,60
27.243.245.223,1,52
110.73.114.83,1,60
211.59.241.109,1,32
222.71.24.69,1,32
80.16.124.231,1,129
68.74.212.165,2,80
201.224.203.178,1,44
180.83.254.242,1,32
91.33.206.116,1,32
207.130.30.86,1,40
18.225.53.241,1,32
199.167.57.129,1,32
64.227.185.180,1,32
180.179.78.103,1,32
221.3.51.251,1,32
108.51.137.172,1,32
166.167.58.142,1,32
195.204.224.70,1,32
211.53.8.129,1,32
23.226.18.24,1,32
66.15.155.89,1,32
12.34.135.75,1,32
89.145.82.12,1,32
186.207.179.112,1,32
119.130.166.61,1,52
212.156.81.69,1,32
107.211.78.144,1,32
118.86.123.0,1,52
107.162.238.50,1,40
190.48.45.207,1,32
73.11.191.193,1,32
100.238.131.26,1,32
61.209.179.115,1,32
172.102.245.167,1,40
124.159.170.29,1,32
116.28.135.169,1,52
93.171.151.237,1,32
220.145.42.79,1,40
179.112.142.43,1,32
119.75.144.217,1,40
54.218.85.56,1,32
82.123.109.140,1,32
38.114.185.149,1,60
218.12.159.125,1,40
202.100.222.128,1,44
172.24.178.196,1,32
169.57.161.76,1,32
85.157.61.155,1,32
210.194.148.165,1,57
141.42.20.29,1,44
169.52.68.52,1,52
216.52.194.33,1,40
71.49.225.233,1,32
185.111.199.30,1,40
27.115.158.125,1,40
39.88.7.196,1,32
220.189.92.67,1,32
77.7.192.173,1,82
181.1.50.134,1,32
49.89.253.167,1,32
207.125.70.149,1,32
13.19.160.120,1,32
179.232.14.126,1,40
180.161.8.227,1,40
211.203.2.241,1,32
85.151.160.97,1,32
177.97.109.47,1,52
68.172.110.97,1,32
100.236.113.11,1,32
217.254.117.129,1,32
139.173.134.100,2,80
182.145.124.181,1,32
177.242.5.222,1,32
104.29.114.46,1,32
222.214.197.231,1,48
42.187.162.240,1,40
156.48.219.93,1,40
176.220.104.58,1,32
50.49.224.97,1,32
109.163.104.81,1,32
112.182.159.59,1,32
70.224.178.136,1,32
121.166.185.27,1,32
64.185.217.121,1,60
2.59.17.117,1,32
114.203.89.216,1,40
71.5.234.129,1,32
119.199.87.243,1,32
179.175.221.240,1,32
58.200.54.71,1,52
79.244.59.223,1,32
62.91.173.209,1,32
119.53.59.57,1,40
17.192.162.202,1,105
113.247.156.174,1,76
58.22.181.230,1,40
52.7.85.21,1,32
100.210.148.174,1,40
172.105.69.117,1,60
114.207.128.196,1,84
85.167.15.33,1,48
217.65.38.144,1,60
121.213.234.48,1,44
172.249.31.77,1,52
188.115.23.179,1,32
205.35.32.114,1,32
122.238.149.89,1,40
113.101.246.222,1,60
91.195.213.173,1,32
79.146.48.173,1,32
2.138.124.197,1,32
67.164.46.219,1,32
206.80.67.90,1,32
89.194.173.46,1,32
156.33.189.245,1,40
85.206.51.73,2,80
104.8.102.6,1,32
85.4.43.97,1,60
177.222.3.92,1,40
196.66.166.175,1,40
207.139.164.152,1,32
85.235.153.96,1,32
210.52.242.167,1,32
103.8.73.154,1,32
58.112.83.133,1,60
218.150.90.200,1,32
119.191.71.129,1,52
101.1.242.79,1,32
71.39.118.102,1,32
80.103.17.225,1,32
160.122.176.162,1,32
118.198.150.145,1,32
114.161.80.61,1,52
12.254.240.152,1,32
125.173.57.189,1,32
185.105.205.47,1,32
79.219.154.120,1,32
77.73.147.158,1,32
79.157.167.121,1,32
65.69.224.219,1,32
73.36.172.4,1,32
77.79.12.168,1,40
171.200.137.114,1,32
192.205.123.129,1,60
91.42.38.0,1,132
125.244.4.12,1,52
95.139.45.135,1,32
78.130.27.190,1,52
81.84.96.133,1,32
186.47.212.170,1,32
84.32.160.29,1,32
88.77.105.253,1,32
201.158.9.141,1,32
191.110.12.99,1,40
47.154.76.27,1,32
113.225.229.19,1,60
104.152.236.131,1,44
52.228.244.130,2,80
36.26.41.23,1,32
176.106.95.46,2,80
134.160.4.133,1,40
206.190.30.175,1,40
24.53.203.30,1,32
128.59.208.157,1,32
105.148.142.113,1,32
189.255.156.230,1,32
118.33.25.148,2,88
148.50.35.54,1,32
141.107.142.217,4,3430
110.52.129.177,1,32
71.230.250.204,1,40
23.29.5.60,1821,2778194
122.191.31.51,1,32
82.87.26.227,1,32
186.119.50.127,1,32
200.61.95.164,1,32
104.193.102.2,1,60
117.209.108.208,1,32
62.200.34.132,1,32
90.113.153.8,1,40
46.147.76.135,1,32
192.242.63.11,1,40
151.208.96.177,1,32
103.249.135.85,1,40
220.145.45.89,1,32
122.157.14.93,1,32
60.242.134.231,1,32
139.173.99.128,1,118
52.232.212.220,1,32
220.45.8.123,1,32
221.41.78.209,1,52
52.54.185.90,1,40
210.197.158.220,1,32
179.227.150.148,1,32
60.132.201.87,1,32
221.133.251.58,1,48
220.254.32.247,1,32
173.208.191.162,1,32
79.22.109.27,1,32
108.181.136.68,1,32
113.173.149.248,1,52
182.101.148.101,1,32
98.145.68.161,1,32
101.116.209.187,1,76
103.34.34.155,1,52
46.84.66.205,1,40
82.33.106.190,1,44
186.209.215.178,1,32
182.193.47.94,1,40
60.210.183.212,12,1753
185.199.160.12,1,32
12.44.142.185,1,32
67.129.74.252,1,56
223.49.120.134,1,32
108.43.169.120,1,32
58.30.121.81,1,32
183.152.201.40,1,32
32.209.224.139,1,32
125.230.33.53,1,58
42.80.201.234,1,48
163.181.187.1,1,60
178.25.42.149,1,52
181.167.84.100,1,32
59.68.134.167,1,32
183.179.99.95,1,32
70.25.185.122,1,32
124.157.148.55,1,76
174.178.67.217,1,32
184.69.176.141,1,40
88.224.8.37,1,32
24.6.67.243,1,32
73.46.81.181,1,32
23.193.243.246,1,32
187.11.152.168,1,40
190.102.247.129,1,32
58.239.245.20,1,40
151.7.151.198,1,32
109.147.86.49,1,32
124.157.137.10,1,52
79.163.215.36,1,40
94.137.62.137,1,32
37.212.100.241,1,32
186.152.208.14,1,32
89.95.0.198,1,40
207.7.25.250,1,32
37.17.192.241,1,40
89.88.40.10,1,60
91.177.114.120,1,32
42.183.173.195,1,32
42.180.177.130,1,60
79.175.119.14,1,32
1.221.255.81,1,52
172.249.25.133,3,176
162.1.121.84,1,32
177.79.84.190,1,32
187.160.138.50,1,56
199.21.180.90,1,32
83.132.146.232,1,32
122.168.61.190,1,32
95.200.87.170,1,32
190.134.97.48,1,32
140.229.251.18,1,76
37.119.75.145,1,32
104.248.59.3,1,40
61.127.96.143,1,76
62.148.209.165,1,64
183.137.25.243,1,32
221.26.231.137,1,52
67.42.174.9,1,32
89.199.196.210,1,32
2.29.247.214,1,32
172.249.31.64,2,126
113.46.19.249,1,48
110.237.235.77,1,32
59.127.136.152,1,40
172.249.25.130,7,1703
213.168.28.153,1,32
13.53.72.182,1,32
24.27.182.44,1,32
37.54.163.154,1,40
220.204.14.143,1,32
186.40.64.78,1,32
52.15.147.194,1,76
82.186.128.254,1,32
42.181.14.159,1,32
51.83.148.71,1,32
27.52.58.219,1,32
52.254.47.70,2,80
183.97.55.153,1,40
182.40.79.42,1,32
64.179.131.203,1,56
98.66.54.7,1,32
88.200.49.198,1,32
73.39.39.111,1,32
172.82.188.130,1,32
14.39.217.127,1,32
159.239.120.140,1,32
36.6.98.17,1,40
104.248.236.24,2,108
161.137.160.182,1,32
107.161.28.142,1,40
113.126.0.58,1,76
94.217.159.219,1,32
176.7.50.126,1,32
221.155.30.236,1,48
177.111.95.102,1,32
77.85.178.97,1,44
79.39.137.209,1,32
114.164.113.235,1,32
99.188.222.22,1,60
85.98.174.158,1,32
23.54.97.61,1,32
88.66.205.29,1,44
37.99.253.72,1,32
195.213.56.89,1,32
95.146.213.78,1,32
198.155.58.158,1,60
121.209.71.117,1,58
143.192.83.47,1,52
69.132.153.62,1,32
76.246.107.33,1,32
121.170.30.254,1,32
85.186.247.134,1,32
125.14.174.54,2,80
66.46.247.62,1,40
108.147.142.131,1,32
50.237.134.2,1,32
116.166.15.202,1,32
18.239.185.37,1,32
201.115.103.35,1,32
118.249.216.12,1,32
222.240.130.92,1,48
220.251.193.35,1,32
87.199.169.77,1,32
82.65.215.121,1,32
60.155.217.226,1,32
54.250.244.30,1,76
115.201.103.92,1,32
172.102.230.184,2,80
154.20.31.176,1,32
80.7.45.188,1,32
179.206.96.229,1,32
77.34.49.88,1,32
76.139.72.193,1,32
179.222.187.205,1,32
204.64.161.13,1,40
73.50.170.212,1,32
211.79.250.150,1,60
73.167.131.196,1,32
67.172.96.108,1,32
86.195.65.1,1,32
113.59.240.172,1,60
173.218.77.160,1,32
85.200.230.25,1,60
83.239.144.204,1,52
208.119.24.238,1,32
82.190.118.184,1,32
218.158.27.246,1,56
142.117.165.134,1,60
92.200.209.38,1,32
37.147.153.226,1,32
146.75.67.189,1,32
209.132.205.194,1,96
221.138.134.239,1,32
121.155.26.65,1,32
27.60.249.131,1,32
143.7.83.148,1,40
73.238.137.102,1,32
52.15.129.212,2,350
112.52.63.95,1,32
98.91.94.21,1,32
187.158.81.56,1,40
91.196.216.108,1,32
166.240.217.16,1,32
88.11.63.84,1,40
77.64.3.215,1,44
18.147.185.120,1,32
93.248.107.125,1,32
179.248.91.189,1,32
191.190.86.120,1,32
93.182.26.8,1,32
125.196.224.101,1,32
188.201.112.195,1,32
52.247.170.130,1,32
79.106.192.123,1,32
81.123.19.244,1,32
77.173.242.80,1,32
173.175.232.14,1,40
171.61.12.44,2,80
206.200.172.26,1,32
201.230.177.123,1,32
191.31.57.46,1,32
75.73.224.137,1,32
41.46.5.122,1,40
113.11.30.183,1,32
200.120.146.177,1,32
170.112.176.189,1,56
173.97.216.109,1,32
36.163.107.113,1,40
171.225.230.85,1,132
23.40.72.250,1,32
87.233.63.160,1,32
23.243.83.197,1,52
190.184.30.252,1,32
2.160.203.61,1,44
27.222.205.24,1,52
83.86.130.141,1,32
5.185.170.226,1,32
96.120.13.102,1,32
17.133.167.209,2,88
50.240.89.160,1,32
73.240.153.14,1,32
17.133.167.208,2,88
166.249.134.73,1,32
54.208.220.59,1,40
149.0.6.18,1,40
37.192.212.70,1,52
68.18.230.99,1,32
81.248.18.252,1,44
170.8.175.51,1,32
34.218.237.255,1,32
209.35.248.18,1,32
188.139.123.30,1,40
213.219.72.234,1,48
116.162.38.115,1,32
69.250.121.229,1,32
75.92.13.172,1,32
122.237.63.110,1,60
210.114.177.159,1,44
211.134.204.103,1,32
173.221.73.16,2,120
200.210.68.175,1,32
213.234.61.151,1,76
198.23.94.126,1,32
98.141.93.234,1,32
106.61.31.251,1,76
24.127.97.200,1,32
73.19.136.205,1,32
182.190.13.148,1,40
173.44.96.102,1,32
217.195.110.234,1,60
199.222.91.161,1,32
212.169.116.210,1,32
184.37.182.108,1,32
209.75.59.200,1,56
71.230.250.226,1,40
12.98.251.172,1,32
141.153.61.240,1,48
17.193.56.247,1,110
221.222.212.157,3,168
114.17.214.146,1,32
110.135.198.107,1,32
71.230.250.93,1,40
88.158.84.46,1,32
124.5.94.140,1,52
194.71.142.185,1,32
122.36.139.121,1,32
52.30.173.76,1,40
60.134.154.157,1,76
159.231.162.25,1,60
112.238.12.216,1,32
220.181.54.65,1,84
3.231.194.117,1,40
72.207.13.96,1,32
71.230.250.134,1,40
72.241.107.142,1,32
117.244.144.191,1,32
107.13.78.29,1,32
35.126.136.181,1,52
27.238.22.90,1,40
81.105.157.214,1,52
42.227.32.86,1,32
94.69.111.77,1,52
84.195.205.76,1,32
18.230.13.71,1,32
110.201.101.78,1,60
169.44.231.49,1,32
13.182.119.132,1,40
94.230.136.2,1,32
59.161.77.8,1,40
65.253.24.211,1,32
121.151.235.32,1,32
58.98.171.41,1,32
182.176.225.113,1,32
93.80.99.197,1,32
189.181.228.76,1,60
82.68.124.249,1,32
50.59.49.248,1,32
17.147.91.243,8,8288
176.195.102.191,1,32
64.65.229.178,2,80
167.139.2.51,1,40
159.103.241.237,1,32
2.7.47.90,1,32
78.212.50.193,1,32
101.86.70.252,2,120
54.251.75.100,1,32
104.87.107.71,1,52
93.50.223.107,1,32
118.160.56.11,1,32
218.149.252.63,1,32
146.15.96.94,1,32
24.246.248.8,1,32
93.91.103.62,1,32
113.124.204.235,1,52
71.230.250.249,1,40
100.211.160.127,1,32
217.230.106.220,1,32
14.124.55.75,1,32
221.7.84.23,1,76
14.223.155.40,1,48
81.109.202.71,4,160
211.15.150.112,1,32
187.52.206.55,1,32
160.171.51.69,1,32
62.130.60.90,1,32
159.153.222.109,1,32
2.112.181.116,1,44
185.135.196.79,1,32
177.33.176.145,1,44
65.192.41.37,1,32
212.128.10.211,1,56
94.132.53.152,1,40
91.70.49.89,1,40
178.28.52.52,1,32
218.247.63.117,1,74
115.129.180.6,1,32
59.9.132.92,1,40
75.160.134.178,1,32
82.225.7.134,1,32
75.159.234.232,1,32
82.88.142.55,1,32
35.102.140.158,1,32
99.195.136.62,1,32
76.91.1.124,1,32
190.141.240.186,1,40
125.237.141.33,1,40
103.227.238.78,1,60
27.237.218.3,1,40
188.194.223.190,1,32
31.131.139.26,1,32
78.40.177.120,1,32
122.229.166.0,1,32
175.205.5.19,1,40
196.204.241.216,1,32
200.65.19.234,1,60
195.219.49.247,1,32
124.76.109.39,1,28
37.223.193.3,1,32
118.95.188.245,1,32
114.170.218.85,1,40
179.222.116.235,1,32
172.103.184.236,1,40
203.133.136.162,1,340
177.177.194.132,1,44
210.74.143.44,1,44
52.26.169.207,1,32
70.179.29.164,1,32
167.58.171.154,1,60
1.47.179.142,1,32
139.173.136.137,1,40
113.225.5.84,1,32
165.118.162.184,1,32
2.22.53.243,1,32
113.208.0.117,1,32
136.169.64.44,1,32
103.61.155.33,1,52
186.153.203.193,1,60
218.161.56.188,1,32
115.22.6.96,1,40
64.41.244.211,1,32
71.177.12.162,1,32
172.249.162.137,6,2338
219.199.142.77,1,44
130.182.207.153,3,288
52.251.240.89,1,76
14.182.86.181,1,32
92.79.146.243,1,32
17.193.181.205,5,965
142.161.195.55,1,40
200.83.67.17,1,40
156.99.5.90,1,52
90.13.246.156,1,32
222.92.0.142,1,32
178.43.96.54,1,40
54.211.254.117,1,32
50.156.229.104,1,32
79.49.64.120,1,32
50.219.174.14,1,32
94.106.235.70,1,32
92.37.231.148,1,32
201.10.7.205,1,32
218.7.67.174,2,112
23.104.6.29,1,32
116.44.87.133,1,40
102.86.149.98,1,32
110.50.21.99,1,48
171.213.232.107,1,60
201.75.157.88,1,40
52.18.96.140,1,32
121.178.56.203,1,32
93.173.61.121,1,32
78.254.60.0,1,32
176.218.83.77,1,52
32.213.243.251,1,32
208.90.239.218,1,32
97.48.255.54,1,32
107.4.164.209,1,32
85.244.35.220,1,32
68.233.131.197,1,32
172.100.231.204,1,32
193.250.66.122,1,56
119.58.135.1,1,40
85.161.173.40,1,32
50.216.141.169,1,32
24.82.148.96,1,32
89.90.162.58,1,44
24.8.210.153,1,32
190.166.249.205,1,32
220.131.74.133,1,96
191.58.58.110,1,32
222.210.170.53,2,256
200.231.33.9,1,32
71.230.250.52,1,40
63.104.103.222,1,32
27.34.89.38,1,32
211.53.157.121,1,60
151.44.237.146,1,44
132.216.107.89,1,40
180.33.244.70,1,32
211.14.223.171,1,32
183.82.251.119,1,32
140.144.215.245,1,40
79.100.115.181,1,40
2.77.6.54,1,52
189.5.158.19,1,32
68.105.127.64,1,40
217.50.77.74,1,32
1.38.61.142,1,32
189.20.118.249,1,32
183.146.118.53,1,60
31.113.147.99,1,75
189.173.140.81,1,40
81.143.212.159,1,32
126.143.194.26,1,32
181.165.246.85,1,32
86.195.177.161,1,48
24.248.13.66,1,32
221.104.217.22,1,32
190.36.58.137,1,40
120.220.160.91,1,40
84.125.142.70,1,32
76.193.112.87,1,32
213.80.194.73,1,32
75.102.117.84,1,60
143.253.15.152,1,44
218.128.12.180,1,52
190.140.148.70,1,32
50.162.94.95,1,32
90.113.150.89,1,40
88.82.31.4,1,32
179.179.250.122,1,44
47.208.92.129,1,32
222.105.73.57,1,32
1.67.54.140,1,32
205.58.79.139,1,226
47.222.177.173,1,32
173.165.225.120,1,32
190.71.30.54,1,32
172.249.162.150,108,146350
222.176.116.142,1,60
39.49.71.69,1,32
103.125.178.173,1,32
52.30.172.54,3,120
190.212.19.185,1,60
189.212.23.69,1,32
187.175.115.238,1,52
221.16.247.86,1,60
78.161.95.230,1,32
218.136.181.0,1,40
98.138.120.65,1,32
84.86.227.95,1,32
52.15.167.76,1,72
217.49.174.78,1,32
63.113.24.17,1,32
179.163.52.49,1,32
173.173.9.220,1,32
180.15.67.21,1,52
90.179.36.143,1,44
165.229.141.192,1,40
111.194.156.165,1,32
164.154.215.209,1,32
125.162.78.128,1,32
62.176.236.195,1,56
121.255.41.227,1,32
104.133.84.60,2,2238
50.11.38.57,1,32
23.230.122.32,1,494
122.111.194.147,1,76
149.55.110.77,1,40
173.71.186.214,1,40
83.28.7.219,1,32
65.156.71.253,1,32
145.145.189.116,1,32
60.106.135.241,1,32
125.33.105.55,1,44
87.77.253.186,1,32
85.58.247.33,1,32
120.185.51.64,1,60
67.222.159.129,1,32
201.32.55.97,1,32
221.124.244.67,1,32
212.243.230.237,1,32
1.79.191.17,1,48
76.94.156.187,1,32
62.68.219.104,1,44
60.86.27.251,1,60
103.17.66.25,1,40
182.243.230.28,6,1607
50.139.198.34,1,32
193.41.205.253,1,32
155.148.247.85,1,32
173.229.158.55,1,32
201.108.180.151,1,32
179.215.186.139,1,40
162.8.34.105,1,60
23.214.254.51,1,56
104.160.222.126,1,32
170.12.109.38,1,56
82.4.210.221,1,32
73.146.183.121,1,32
68.125.140.62,1,32
45.69.95.214,1,60
75.186.140.163,1,32
116.145.22.145,1,52
176.1.98.52,1,120
73.103.112.85,1,32
126.172.184.114,1,32
50.18.72.193,1,32
121.168.123.68,1,32
157.222.112.141,1,132
187.90.143.88,1,32
118.194.148.95,1,40
79.72.9.6,1,32
105.137.21.253,1,32
24.10.2.91,1,32
1.10.171.24,1,48
196.194.108.9,1,32
151.30.173.216,1,32
148.38.20.149,1,32
177.202.225.167,1,32
167.139.25.77,1,40
122.115.31.34,2,120
75.181.241.178,1,32
77.228.38.29,2,117
73.248.72.154,1,32
156.218.222.177,1,32
59.35.134.139,1,32
111.197.79.196,1,40
71.209.112.27,1,32
104.178.137.110,1,32
41.159.208.99,1,32
13.206.81.187,1,389
34.198.173.176,1,32
98.246.1.170,1,32
78.253.169.69,1,40
71.230.250.212,1,40
187.198.198.119,1,44
221.105.210.201,1,60
90.31.25.121,1,32
115.56.96.136,1,40
58.42.139.187,1,32
34.203.248.177,1,60
71.230.250.211,1,40
217.10.248.2,1,32
126.129.48.191,1,32
115.7.78.57,1,32
211.90.108.202,1,32
79.168.216.130,1,40
115.192.61.5,1,76
112.166.112.45,1,32
102.137.200.246,1,32
52.94.120.11,1,191
35.80.246.238,1,32
121.246.89.217,1,32
188.15.78.245,1,32
200.34.3.38,1,32
174.212.66.200,1,32
218.250.119.223,1,32
62.78.76.121,1,60
60.149.182.135,1,32
96.49.244.150,1,32
14.22.105.219,1,40
201.64.153.89,1,32
130.53.249.161,2,104
101.63.15.109,2,120
104.72.14.37,1,32
66.37.254.83,1,32
5.181.152.218,1,32
182.176.78.199,1,40
79.220.39.62,1,32
175.119.41.94,1,32
49.241.102.216,1,32
71.81.163.97,1,32
24.148.29.174,1,32
31.134.133.224,1,44
73.110.254.97,1,32
195.100.59.187,1,32
2.71.32.11,1,32
189.85.254.149,1,32
182.15.184.70,1,32
75.85.188.74,1,32
202.163.132.193,1,56
213.218.233.205,1,32
94.60.195.44,1,32
172.199.98.0,1,32
173.246.155.143,3,714
171.195.43.176,1,52
78.90.156.149,1,40
187.146.68.88,1,56
109.1.38.58,1,32
71.210.178.202,1,32
191.233.65.118,1,32
106.41.24.89,1,40
70.58.107.32,1,32
122.236.224.118,1,40
38.126.36.202,1,32
175.242.46.216,1,32
221.164.153.200,1,32
190.94.136.119,1,32
80.126.212.183,1,32
79.108.3.29,1,40
59.103.53.122,1,44
84.191.177.57,1,32
98.11.252.99,1,32
192.134.82.123,1,40
63.198.217.139,1,32
101.123.151.25,1,32
117.101.136.131,1,32
23.88.57.146,1,32
139.173.146.150,1,40
52.245.134.11,4,228
94.17.135.186,1,32
109.66.43.246,2,80
212.93.76.10,1,32
187.129.179.101,1,32
23.92.235.34,2,111
52.252.220.57,1,76
104.247.2.8,1,32
183.119.199.236,1,32
120.220.149.70,1,40
166.139.160.141,1,32
50.63.20.34,1,32
24.35.70.165,1,60
122.119.18.213,1,40
124.167.209.115,1,32
121.220.110.38,1,40
174.172.12.19,1,40
94.41.25.227,1,32
45.223.238.133,1,60
52.246.14.193,4,701
209.98.198.126,1,56
37.93.24.219,1,32
177.184.39.164,1,32
115.20.8.136,1,32
173.255.48.197,1,32
218.141.235.198,1,52
145.14.248.18,1,32
81.217.241.105,1,32
24.96.141.111,1,32
171.210.17.135,1,52
59.52.5.156,1,40
86.188.240.221,1,32
192.200.173.46,4,2620
27.213.219.141,1,52
134.214.247.119,1,40
37.245.8.157,1,32
98.152.24.50,1,32
124.33.250.49,1,32
179.25.176.90,1,32
113.35.192.16,1,48
18.182.124.244,1,76
178.222.73.193,1,40
83.77.27.156,1,32
219.106.252.82,1,32
183.96.7.214,1,40
179.127.54.68,1,32
90.69.184.9,1,32
59.52.180.28,1,48
190.142.13.180,1,48
174.120.38.248,1,32
14.248.216.157,1,32
64.143.97.234,1,32
189.99.199.145,1,32
139.173.178.190,1,40
222.132.66.112,1,32
54.227.158.203,1,76
212.13.136.90,1,32
187.10.141.114,1,32
80.156.136.239,1,32
223.120.148.76,1,40
1.142.194.139,1,48
73.70.97.21,1,32
5.82.78.157,1,32
95.153.224.8,1,32
173.255.233.112,1,40
187.230.126.27,4,208
54.240.184.109,1,40
88.198.163.24,1,32
121.142.206.116,1,40
174.189.49.108,1,32
83.158.9.33,1,40
129.237.229.214,1,32
68.214.139.31,1,32
73.233.253.26,1,32
82.157.118.78,1,32
151.232.248.228,1,32
198.216.120.10,1,32
175.60.64.148,1,32
58.18.238.104,1,32
52.16.127.201,1,71
90.228.179.76,1,32
212.60.177.34,1,32
192.62.214.207,1,32
179.49.231.58,1,32
109.202.145.141,1,40
123.107.206.64,1,60
34.215.187.51,1,32
164.128.200.48,1,60
93.56.252.120,1,32
187.217.84.186,1,56
62.72.142.149,1,32
222.152.66.145,1,44
50.214.214.114,1,40
46.73.9.254,1,32
78.142.71.169,1,32
119.163.189.66,1,32
113.233.167.175,1,32
204.107.177.220,1,32
171.61.18.151,1,40
125.33.96.26,1,44
31.178.67.189,1,32
222.135.51.43,1,32
125.215.129.86,1,52
190.125.87.166,1,40
13.204.252.50,1,76
121.123.150.5,1,32
116.148.132.170,1,60
5.141.117.203,1,40
13.204.2.235,8,1405
173.125.0.126,1,40
24.55.200.169,1,32
83.137.133.90,1,60
37.17.208.31,1,40
45.45.134.161,1,32
37.187.8.254,1,32
103.18.73.10,1,84
176.216.81.35,1,32
115.206.202.34,1,40
182.104.141.71,1,52
71.32.129.35,1,32
37.17.210.72,1,40
123.113.177.19,1,32
54.162.199.22,1,32
107.21.192.255,1,60
116.171.151.193,1,32
42.94.41.165,1,76
79.198.225.200,1,32
96.95.198.46,1,32
190.248.103.66,1,32
121.132.134.157,1,32
77.20.224.6,1,32
191.213.180.189,1,32
97.30.255.126,1,32
221.4.60.66,1,48
83.92.132.82,1,32
67.198.173.27,1,32
92.119.211.175,1,40
86.153.135.48,1,32
24.102.249.223,1,32
37.132.30.183,1,52
139.173.152.137,1,40
205.58.72.72,1,323
103.96.162.63,1,52
112.223.137.14,1,32
139.173.156.234,1,40
158.0.39.45,1,32
61.80.12.233,1,32
112.48.255.70,2,226
180.124.122.146,1,32
85.135.203.239,1,32
52.100.136.150,1,32
73.24.143.121,1,32
123.25.229.86,1,56
86.116.84.207,1,32
80.108.99.6,1,32
81.70.145.182,1,32
172.249.28.102,5,1081
69.234.214.41,1,32
114.43.4.245,1,32
99.56.61.205,1,32
60.126.207.181,1,32
31.221.123.147,1,32
192.13.136.117,1,32
173.221.209.224,1442,1981768
195.237.62.89,1,32
104.227.24.80,1,32
188.177.91.101,1,32
13.30.199.87,1,76
172.249.28.66,5,442
68.118.75.110,1,32
61.101.136.159,1,32
93.159.239.120,1,32
95.50.209.64,1,32
12.29.71.6,1,32
172.249.25.191,4,402
217.107.61.252,1,32
47.178.253.72,1,32
126.0.220.239,1,32
210.183.191.236,1,32
218.234.106.134,1,52
67.93.161.240,1,32
172.249.30.61,1,52
200.175.177.89,1,32
14.63.184.154,1,32
121.215.252.115,1,32
121.88.244.210,1,32
143.150.231.108,1,32
113.189.100.84,1,52
108.55.2.109,1,32
74.208.63.48,1,32
79.161.118.26,1,40
186.59.127.152,1,32
38.148.10.16,1,32
52.51.183.50,1,488
12.24.26.21,1,32
113.18.106.230,1,56
122.226.153.132,1,32
59.36.144.86,1,52
27.40.38.217,1,32
151.181.203.173,1,32
187.175.119.7,1,32
18.178.149.123,1,76
114.41.247.143,1,60
14.55.18.169,1,32
79.224.121.163,1,32
160.244.59.235,1,32
223.33.227.134,1,32
111.246.190.181,1,32
132.145.142.88,1,40
95.189.56.117,1,32
119.225.235.4,1,40
41.130.248.246,1,60
87.171.43.57,1,32
47.136.199.112,1,32
122.132.30.72,1,32
179.154.45.140,1,32
95.87.225.74,1,32
79.105.210.69,1,32
121.211.51.141,1,60
140.229.185.226,1,76
41.99.71.145,1,32
46.182.7.58,1,32
83.69.82.131,1,32
217.107.54.187,1,44
95.61.196.113,1,32
119.143.236.185,1,40
79.214.45.162,1,32
186.212.241.113,1,32
178.67.132.35,1,60
114.110.20.7,1,32
49.195.228.168,1,60
139.195.118.30,1,52
125.207.242.80,1,60
35.123.16.68,1,32
95.121.199.162,2,104
99.40.252.8,1,32
191.252.229.140,1,40
115.19.196.151,1,32
201.81.120.183,1,40
34.242.33.193,1,32
201.221.6.178,1,32
85.15.171.199,1,32
177.217.78.101,1,32
182.177.18.124,1,40
119.155.116.199,1,32
18.224.187.41,1,32
177.160.79.150,1,60
171.212.168.204,1,52
39.101.74.110,1,32
121.153.25.10,1,32
46.10.170.126,1,56
88.157.183.93,1,32
181.210.181.126,1,32
186.122.216.70,1,32
172.249.162.141,3,1322
39.18.102.160,1,32
37.152.196.58,1,32
121.96.95.213,1,32
201.171.71.74,1,40
94.248.159.153,1,32
218.26.195.93,1,32
61.26.166.198,1,32
14.53.209.151,1,32
116.231.219.175,1,52
185.157.163.226,1,60
73.80.222.161,1,32
69.107.24.93,1,32
71.230.250.84,1,40
175.214.71.226,1,32
88.72.178.113,1,32
104.15.177.94,1,32
212.217.243.175,1,44
89.118.134.210,1,40
172.103.157.2,1,40
190.142.63.192,1,40
78.160.44.134,1,60
58.207.48.22,1,58
95.75.206.61,1,28
91.254.225.1,1,32
80.14.224.216,1,32
84.217.84.181,1,32
122.129.33.145,1,76
116.6.202.214,1,48
91.17.116.93,1,32
174.233.217.101,1,32
84.47.226.188,1,32
191.203.114.207,1,32
45.74.77.85,1,32
95.205.177.112,1,32
119.188.7.247,1,52
202.118.191.201,1,96
200.65.26.70,1,60
187.168.254.179,1,32
99.232.191.41,1,60
190.8.217.7,1,32
64.22.160.67,3,427
206.141.190.155,1,32
202.165.38.181,1,40
76.140.179.99,1,32
14.214.189.2,1,32
186.52.77.214,1,32
35.121.160.53,1,52
5.45.159.229,1,32
179.220.0.168,1,40
112.247.108.24,1,40
14.67.177.41,1,60
181.222.230.203,1,40
114.96.63.130,1,76
62.237.109.90,1,60
73.203.56.79,1,32
82.224.215.213,1,32
211.18.42.51,1,60
157.134.40.119,1,76
110.96.2.88,1,60
195.112.96.62,1,40
181.228.73.192,1,32
24.83.51.185,1,56
218.197.3.84,1,40
49.83.61.159,1,32
69.240.195.56,1,32
119.238.134.134,1,32
112.246.82.234,1,76
182.157.69.65,1,40
182.132.78.182,1,48
79.91.175.17,1,40
122.236.129.87,1,32
104.6.176.88,1,32
115.144.249.98,1,52
104.55.177.52,1,32
111.117.87.253,1,52
188.10.176.58,1,40
178.223.246.47,1,40
27.51.139.37,1,48
112.238.94.81,1,40
36.223.159.94,1,32
54.248.115.126,1,76
12.28.158.67,1,32
76.234.38.79,1,32
115.193.140.237,1,40
79.236.211.86,1,32
31.208.102.120,1,40
1.27.65.184,1,32
92.62.131.82,1,32
118.91.187.26,1,32
174.194.255.123,1,32
219.179.70.30,1,32
73.51.20.150,1,32
95.119.207.54,1,60
179.151.178.41,1,32
95.206.240.200,1,32
156.43.208.144,1,40
85.127.2.91,1,40
178.36.113.66,1,32
193.89.110.168,1,32
115.237.190.118,1,32
177.225.170.203,1,32
139.173.130.80,1,40
75.154.135.130,1,32
88.30.230.115,1,32
114.197.112.159,1,32
177.133.103.144,1,60
52.14.32.73,1,32
156.60.228.47,1,40
82.143.152.38,1,32
177.160.19.197,1,60
60.244.65.4,1,32
2.34.118.204,1,32
148.49.72.29,1,32
76.203.242.189,1,32
184.157.217.39,1,32
42.242.82.97,1,48
138.221.41.178,1,32
193.56.125.113,1,44
47.252.79.69,1,32
62.75.146.155,1,32
218.222.233.162,1,32
139.173.176.239,1,40
186.73.123.84,1,32
112.186.211.5,1,32
98.133.241.11,1,32
172.126.115.154,1,32
111.116.24.146,199,279372
166.211.228.106,1,32
119.85.183.225,1,32
197.52.25.205,1,32
160.166.19.229,1,32
109.206.111.141,1,32
89.246.45.132,1,40
172.203.178.58,1,32
114.45.91.66,1,136
94.105.57.217,1,32
118.161.211.27,1,40
174.203.13.115,1,32
27.219.60.180,1,32
218.28.119.88,1,40
88.11.63.92,1,40
74.59.255.62,1,32
1.1.39.30,1,32
36.16.50.216,1,32
27.58.14.185,1,32
97.31.201.233,1,32
24.193.193.19,1,32
210.133.245.201,5,3018
52.90.153.43,1,32
54.35.165.253,1,76
175.56.191.207,1,32
119.7.137.38,1,32
213.53.118.145,1,32
24.35.33.39,1,32
91.78.253.153,1,32
123.4.226.1,1,32
89.27.111.251,1,32
124.66.99.99,1,32
222.171.21.37,1,40
95.218.227.241,1,40
96.32.37.83,1,32
113.20.196.97,1,32
124.210.4.174,1,56
68.125.119.98,1,32
4.45.249.25,1,60
174.242.4.208,1,32
73.221.39.20,1,32
211.160.150.91,1,32
182.243.240.88,81,120940
83.202.96.51,1,32
68.251.97.35,1,60
194.97.121.115,1,32
37.106.201.65,1,40
178.172.128.166,1,32
36.247.171.194,1,60
108.218.171.192,1,60
188.200.77.54,1,32
197.51.33.92,1,40
62.222.58.16,1,32
86.191.173.68,1,32
194.120.102.23,1,32
192.231.113.1,1,32
124.33.188.140,1,52
117.209.146.188,1,32
198.37.175.115,3,156
87.193.125.27,1,32
37.186.151.158,1,32
152.51.193.164,1,60
186.237.185.170,1,32
183.194.50.165,1,32
109.210.248.46,1,60
70.114.161.219,1,32
12.207.193.126,1,32
203.251.179.60,1,32
81.127.183.242,1,32
185.60.179.42,1,32
179.121.66.17,1,32
41.17.153.178,1,52
35.84.255.17,1,92
24.151.30.181,1,32
77.172.123.156,1,32
20.134.244.186,1,32
84.20.231.42,1,32
118.3.152.190,1,48
18.182.149.23,1,76
81.140.135.117,1,32
12.75.201.229,1,32
103.5.113.42,1,32
82.119.89.198,1,32
183.181.76.17,1,52
52.246.20.156,1,32
41.165.167.224,1,611
27.233.146.123,1,52
211.187.9.41,1,60
211.18.212.175,1,32
34.237.91.122,1,32
123.17.195.216,1,48
108.179.177.205,1,32
188.250.89.3,1,32
70.20.203.60,1,32
61.121.122.181,1,60
195.141.198.201,1,56
220.181.54.67,1,84
5.228.88.31,1,32
220.205.83.193,1,76
52.51.204.118,1,52
103.153.121.37,1,32
54.240.159.24,1,32
190.28.99.139,1,32
198.186.187.235,1,32
79.193.29.247,1,32
91.131.140.88,1,32
35.34.85.59,1,60
90.75.82.39,1,32
73.198.93.227,1,32
181.207.30.81,1,32
109.208.95.131,1,60
92.26.91.66,1,56
172.249.172.4,1,52
50.161.17.222,1,58
87.118.182.250,1,32
70.40.120.228,1,32
104.230.0.5,1,60
80.57.140.48,1,32
155.127.178.91,1,52
71.230.250.97,1,40
216.144.217.17,1,32
124.159.61.161,1,40
41.254.113.111,1,32
82.187.174.130,1,32
189.73.190.95,1,40
64.146.121.144,1,32
213.216.14.26,1,52
79.67.124.60,1,32
78.220.249.209,1,32
183.65.137.113,1,60
89.177.82.58,1,32
138.208.95.17,1,32
95.38.174.233,1,32
199.162.129.23,1,44
138.128.82.187,1,32
81.185.18.149,1,32
123.203.189.68,1,32
219.113.178.200,1,52
207.111.165.190,1,76
61.89.228.95,1,40
194.32.215.252,1,32
124.159.206.148,1,64
117.76.91.77,1,32
114.21.49.48,1,32
52.103.39.17,20,7360
119.70.134.233,1,52
69.197.134.106,1,32
37.59.184.12,1,32
156.100.185.51,1,40
222.166.19.134,1,48
190.19.252.139,1,32
65.215.199.97,1,32
218.7.67.173,1,56
18.252.57.157,1,32
118.195.40.123,1,60
103.19.59.14,1,60
82.30.171.33,1,32
94.211.171.116,1,32
202.89.74.197,1,48
114.171.88.187,1,40
78.164.179.237,1,32
77.18.153.181,1,52
102.139.101.205,1,32
73.231.240.177,1,32
64.120.169.85,1,32
221.199.93.247,1,96
202.112.44.154,1,40
23.46.129.122,1,32
162.10.117.51,1,32
112.239.138.47,1,60
174.171.20.133,1,32
59.11.40.204,1,32
184.32.190.141,1,32
191.242.225.114,1,40
24.31.217.195,1,32
172.103.188.250,1,40
5.24.167.154,1,32
81.154.188.108,1,32
213.139.89.38,1,60
82.234.248.129,1,32
31.163.37.118,1,40
46.186.93.36,1,32
113.111.146.236,1,52
71.230.250.64,1,40
181.56.139.235,1,32
17.199.46.237,2,138
104.70.120.133,1,32
182.136.29.219,1,32
77.212.54.24,1,32
27.224.40.140,1,44
59.4.34.27,1,32
34.221.10.77,1,32
87.3.59.31,1,60
222.98.63.43,1,32
123.107.203.163,1,56
157.209.229.43,1,60
54.49.231.77,1,32
177.49.187.98,1,44
138.221.254.166,1,40
60.141.155.217,1,76
31.115.116.76,1,32
90.45.148.26,1,32
52.239.21.240,1,32
111.181.77.16,1,32
42.121.13.46,1,32
2.207.231.52,1,32
71.230.250.49,1,40
188.137.20.234,1,32
71.40.4.26,1,32
181.233.217.213,1,32
64.105.180.225,1,32
154.201.229.210,1,96
40.143.39.43,1,32
173.33.36.163,1,40
201.193.78.80,1,40
201.105.65.42,1,32
120.218.179.25,9,432
123.170.76.7,1,32
213.160.209.120,1,32
175.139.205.133,1,32
123.129.71.55,1,32
213.193.51.9,1,48
71.7.71.202,1,32
64.142.168.62,1,32
171.61.121.70,1,132
121.129.134.181,1,32
115.60.182.109,1,32
163.45.226.188,8,320
115.156.188.130,1,32
58.189.106.131,1,40
34.237.12.200,1,52
88.18.89.192,1,32
42.83.173.73,1,32
183.127.80.14,1,32
14.22.81.156,1,40
74.205.220.46,1,56
94.246.88.163,1,32
24.153.148.202,1,32
119.164.195.66,1,32
88.125.39.125,1,32
114.50.133.68,1,76
122.239.137.2,1,36
112.48.248.3,2,111
187.134.123.213,1,32
31.113.147.102,1,52
24.206.55.76,1,32
88.109.71.164,1,32
168.18.65.101,1,32
73.22.78.191,1,32
183.115.127.116,1,52
23.248.135.11,1,32
39.1.97.224,1,32
114.38.149.76,1,52
140.144.214.121,1,40
76.130.12.117,1,32
216.127.77.90,1,32
50.27.79.226,1,32
173.123.190.233,1,32
203.154.110.36,1,32
110.151.110.155,1,32
126.233.25.66,1,32
121.88.27.113,1,32
143.215.184.39,1,32
71.230.250.95,1,40
179.168.101.53,1,32
205.75.136.169,1,32
118.210.112.108,1,32
177.138.150.12,1,40
62.111.41.169,2,112
211.229.34.180,1,32
52.54.221.45,1,32
91.237.254.80,1,32
37.189.141.200,1,32
81.201.114.27,1,32
93.80.162.244,1,44
139.164.121.248,1,76
119.154.178.211,1,76
34.204.21.229,2,455
122.173.125.121,1,32
173.230.10.50,1,32
45.175.123.238,1,32
95.84.224.4,1,60
37.126.32.174,1,44
115.63.8.250,1,40
197.242.123.166,1,40
114.158.136.49,1,32
203.166.184.152,1,1178
96.29.20.62,1,32
162.98.86.124,1,75
195.2.30.61,1,32
222.108.205.230,1,32
220.145.137.171,1,40
223.139.27.180,1,48
109.190.57.222,1,32
54.178.224.114,1,32
94.10.43.151,1,32
58.145.241.226,1,60
208.113.100.53,1,32
177.198.206.61,1,32
70.57.87.201,1,32
79.167.121.176,1,32
178.7.171.131,1,40
124.75.49.25,1,32
184.123.175.36,2,135
184.14.91.56,1,88
188.162.119.151,1,32
31.122.1.87,1,32
90.11.1.229,1,32
92.41.210.145,1,60
180.163.20.241,1,60
126.113.247.122,1,32
182.134.166.136,1,32
201.198.189.203,1,32
77.232.40.95,1,44
122.156.160.245,1,32
76.226.248.164,1,32
104.249.15.18,1,32
1.73.176.132,1,40
31.163.201.109,1,40
189.17.190.130,1,32
39.24.88.177,1,32
175.223.120.163,1,32
123.148.216.96,1,32
85.218.168.214,1,32
114.50.134.197,1,76
1.80.100.17,1,32
212.146.96.25,1,32
177.212.124.97,1,32
193.214.165.12,1,44
178.30.121.161,1,32
147.250.177.58,1,32
66.139.124.144,1,32
95.230.167.250,1,32
2.249.164.221,1,40
112.206.44.166,1,32
46.173.4.154,1,40
71.217.126.200,1,32
184.23.22.154,1,32
213.212.105.78,1,60
73.150.113.80,1,32
200.71.225.65,1,32
88.233.115.81,1,32
54.181.89.169,1,76
172.115.50.110,1,32
190.89.114.102,1,32
38.186.226.159,1,113
117.42.56.137,1,32
84.33.2.97,1,60
217.250.124.160,1,32
52.121.214.114,1,60
36.207.201.11,1,52
60.93.228.140,1,32
203.115.76.98,1,60
71.212.122.213,1,32
13.180.210.201,1,32
23.211.25.193,1,60
172.20.166.63,1,32
172.249.30.161,3,120
88.231.253.208,1,32
37.152.84.133,1,32
74.193.127.244,4,160
210.131.143.4,1,84
54.232.71.167,1,32
187.218.179.85,1,32
189.28.199.166,1,32
119.160.96.212,1,32
68.114.39.132,1,32
87.59.214.178,1,48
190.225.73.190,1,32
189.56.75.153,1,32
79.34.128.108,1,32
180.79.156.38,1,32
183.86.227.72,1,40
187.85.246.184,1,60
129.232.203.126,1,32
181.35.244.130,1,32
194.4.1.36,1,32
64.135.194.173,1,32
54.243.206.219,1,40
112.184.88.2,1,40
62.2.153.120,1,32
173.51.41.10,1,32
92.48.13.46,1,32
106.192.246.116,1,32
58.155.55.120,1,32
2.120.111.217,1,32
94.65.120.182,1,32
82.229.253.250,1,32
172.255.25.56,1,32
220.196.7.200,1,32
46.79.241.234,1,32
213.215.124.223,1,32
163.162.151.165,1,44
96.3.184.170,1,32
183.114.222.72,1,32
87.64.14.46,1,32
84.123.182.140,1,32
221.35.200.124,1,32
47.190.227.97,1,32
62.35.241.65,1,32
87.194.110.222,1,32
89.223.171.176,1,32
59.149.100.192,1,32
123.1.121.10,1,76
109.9.14.112,1,32
68.165.128.157,1,32
101.208.155.151,1,32
61.41.185.25,1,52
77.106.102.22,1,32
99.252.87.41,1,32
183.189.11.134,1,44
190.53.115.14,1,40
123.25.229.37,1,56
173.205.184.75,1,32
61.77.189.190,1,32
5.139.153.70,1,32
126.181.241.253,1,32
195.69.159.154,1,56
93.123.158.225,1,32
123.11.182.138,1,32
23.254.194.210,1,32
79.168.78.233,1,32
50.179.224.160,1,32
12.154.120.194,1,32
172.249.28.81,1,52
192.49.160.242,1,32
