,dip_ct,dip_pkt_size_ct
71.126.222.64,166537,9813240
203.77.125.33,3550,3986684
203.77.118.202,170,12920
163.33.218.247,1,40
133.11.70.127,1,44
133.149.110.215,1,40
163.33.174.19,805,1190672
163.33.175.141,71,76711
203.77.107.167,5227,178484
150.75.27.164,1,40
202.198.1.154,1,40
203.77.126.180,1053,651846
163.33.198.201,802,1140252
133.11.70.129,119,12297
150.75.4.75,1,40
133.149.221.120,1,44
133.149.19.230,12,480
150.75.224.11,1,576
163.33.190.56,1,60
203.77.116.213,850,424509
150.75.62.28,75,4278
163.33.140.8,282,281549
133.149.99.31,1,40
203.77.1.183,1,44
133.149.7.242,1,40
203.77.68.45,1,40
163.33.80.91,1,40
133.11.68.248,1,40
133.11.65.60,1,40
163.33.92.59,68,83031
163.33.92.179,8,5256
163.33.153.246,1,40
202.204.62.169,152,88464
202.204.60.245,1077,1269791
202.25.109.121,897,877538
150.75.204.207,1,40
150.75.125.60,6,330
163.33.232.138,1,154
133.11.69.194,79,4652
203.77.19.94,1,44
133.149.15.45,1,40
150.75.238.126,2,80
163.33.186.152,1,40
203.77.19.110,1,44
163.33.186.179,1,40
163.33.150.60,1,40
203.77.119.160,1,40
133.11.70.135,141,14670
163.33.220.97,1,40
163.33.73.1,1,40
150.75.169.88,1,40
133.149.254.21,2,80
203.77.63.26,1,40
150.75.17.217,1,40
133.149.70.54,1,40
150.75.47.150,1,40
202.198.45.216,1,40
150.75.52.190,1,44
150.75.14.180,1,52
150.75.49.141,1,40
163.33.100.169,7,1308
133.11.70.150,104,10794
202.198.54.179,1,40
163.33.231.96,42,4224
150.75.215.154,1,40
150.75.18.181,1,40
150.75.75.118,2,80
203.77.115.5,532,21280
163.33.175.153,2,92
133.11.70.130,79,8308
133.11.70.152,145,14830
203.77.96.245,1,40
133.11.70.131,59,6187
163.33.92.66,3,172
133.149.174.134,1,40
203.77.0.244,1,40
133.149.88.53,1,40
163.33.27.91,1,44
163.33.232.142,152,95519
163.33.250.23,1,40
203.77.120.158,2,56
163.33.203.37,3,279
163.33.94.133,20,1703
203.77.122.57,64,5263
163.33.24.140,16,1352
163.33.218.23,2,80
133.149.253.195,1,44
163.33.4.143,2,80
202.204.56.143,208,7488
203.77.116.218,202,11229
150.75.124.188,5,278
150.75.62.11,85,4866
202.15.129.126,1,40
133.149.218.240,1,40
150.75.239.241,1,40
133.11.70.155,142,14323
150.75.169.180,1,40
133.149.35.34,1,40
163.33.118.217,2,80
150.75.251.75,1,40
133.11.70.146,207,21835
133.11.78.117,1,40
133.149.183.86,1,44
163.33.214.250,1,40
163.33.175.152,609,822553
202.198.28.110,1,60
163.33.94.51,99,112963
163.33.153.29,102,125427
163.33.237.111,13,5338
203.77.115.52,356,18512
133.11.69.148,66,3786
163.33.219.114,1,220
163.33.191.204,5,1185
133.11.107.160,8,384
163.33.37.251,1,40
202.204.56.129,52,4972
133.11.70.153,154,16081
202.198.33.182,1,40
133.149.188.84,1,40
163.33.101.89,1,40
133.11.70.132,138,14069
133.149.4.51,1,44
133.11.70.143,81,8449
150.75.46.231,1,40
163.33.8.183,1,44
163.33.93.201,6,436
133.149.16.157,1,40
203.77.83.203,1,40
202.198.23.242,1,40
163.33.251.172,63,19841
150.75.153.179,1,44
133.149.232.228,1,40
150.75.207.181,1,44
133.149.172.254,6,288
202.198.35.113,1,40
163.33.93.63,9,1181
133.149.219.17,1,40
163.33.92.92,24,1554
150.75.152.136,1,44
150.75.197.67,2,80
133.149.141.65,1,60
163.33.101.177,1,40
133.11.70.138,90,9233
163.33.254.199,1,40
133.149.196.98,1,60
203.77.73.10,1,40
203.77.115.33,82,8504
150.75.204.79,1,576
203.77.113.246,134,118449
203.77.113.165,1,99
202.198.48.188,1,40
163.33.5.150,1,60
133.149.218.180,1,40
163.33.63.88,1,40
133.149.254.199,2,80
203.77.73.48,1,40
163.33.132.147,5,668
163.33.252.123,2073,2994656
163.33.120.211,1,40
163.33.250.65,1,40
163.33.153.20,112,74772
133.149.206.224,2,80
150.75.178.53,1,40
163.33.174.24,563,114951
202.198.44.138,191,194787
150.75.130.30,1,40
203.77.4.35,9,432
133.11.70.156,148,15005
163.33.95.100,2,646
133.149.78.74,1,40
163.33.191.103,17,2144
202.198.20.127,1,40
150.75.176.61,1,40
163.33.94.102,2,143
163.33.129.45,1,40
150.75.93.199,1,40
133.149.210.51,1,576
150.75.99.241,1,40
202.25.107.190,3,120
133.149.238.232,1,40
150.75.176.16,1,40
203.77.85.195,1,40
163.33.12.42,2,881
163.33.140.65,9,2857
150.75.18.203,1,40
150.75.60.242,1,40
133.149.149.20,2,92
133.11.64.53,1,40
202.204.62.50,14,2095
133.149.106.206,1,40
203.77.44.176,1,40
150.75.197.183,1,40
133.149.244.64,2,104
163.33.212.227,1,40
133.149.35.120,1,44
150.75.113.0,1,40
150.75.60.10,1,40
163.33.215.23,1,40
133.149.180.166,1,40
150.75.248.22,1,40
203.77.28.84,1,40
150.75.40.80,1,40
133.149.80.162,1,40
150.75.204.233,1,40
150.75.79.13,1,40
133.149.202.152,1,576
163.33.217.45,1,40
163.33.140.67,12,1830
150.75.235.230,1,40
202.198.44.179,140,61966
133.149.211.83,1,40
163.33.215.206,1,40
163.33.93.71,32,19408
133.149.189.150,1,40
203.77.117.67,1,84
150.75.152.97,1,44
163.33.250.195,1,40
133.149.69.166,1,40
163.33.195.101,1,40
150.75.115.51,1,40
150.75.100.187,1,60
150.75.19.237,1,40
203.77.124.232,1,40
133.149.231.197,1,52
133.149.242.35,1,40
150.75.246.67,1,40
163.33.116.50,6,1082
133.149.81.48,1,40
133.11.81.148,1,40
133.149.96.28,1,60
203.77.14.8,1,40
163.33.216.96,1,44
133.11.70.159,99,10417
133.11.66.136,1,40
150.75.242.88,1,40
163.33.246.156,76,89392
150.75.65.247,1,40
203.77.34.84,1,40
150.75.138.126,1,40
163.33.230.177,1,40
163.33.95.255,7,7391
163.33.94.163,413,552606
163.33.109.40,6,392
133.149.41.99,1,576
203.77.66.220,1,52
202.198.37.184,1,40
133.11.98.197,1,40
163.33.101.230,1,40
163.33.199.231,1,40
133.149.207.100,1,40
163.33.168.90,2,359
150.75.89.9,1,40
150.75.246.248,1,40
163.33.63.33,1,44
133.149.110.81,1,40
150.75.21.86,1,40
163.33.222.77,1,40
150.75.220.20,1,576
163.33.183.67,2,80
133.149.139.247,1,40
133.149.81.43,1,40
202.198.12.7,1,40
133.149.237.194,1,40
133.149.242.249,1,77
133.149.80.221,1,40
133.149.6.47,1,40
163.33.149.7,1,40
150.75.63.99,58,3380
163.33.93.219,1,69
133.149.190.97,1,40
133.149.169.198,1,40
202.198.27.104,1,40
133.149.142.130,1,121
133.149.211.13,2,80
203.77.118.188,23,9766
203.77.120.125,2,188
163.33.33.120,1,40
133.11.70.195,64,4168
150.75.56.166,1,40
163.33.141.122,192,168558
163.33.215.126,1,40
163.33.82.155,1,40
133.11.70.137,49,5228
163.33.247.143,19,988
150.75.157.149,1,40
163.33.248.242,3,144
150.75.189.106,1,40
150.75.148.241,1,40
133.11.70.144,116,11735
163.33.0.190,2,785
163.33.95.116,2,96
203.77.30.43,1,40
133.11.105.229,1,40
202.198.61.3,1,40
163.33.38.212,1,44
163.33.253.210,1,40
203.77.45.133,1,40
163.33.217.13,7,336
150.75.213.4,1,40
150.75.60.20,1,40
163.33.30.77,1,40
150.75.189.76,1,40
203.77.23.117,1,79
163.33.252.93,1,40
163.33.118.182,1,40
202.198.56.140,1,40
150.75.100.65,1,40
150.75.65.173,1,40
203.77.87.63,1,40
203.77.20.66,1,40
203.77.74.61,1,44
150.75.175.177,1,40
133.149.62.7,1,44
150.75.63.125,90,5400
150.75.86.83,1,40
163.33.43.141,1,40
203.77.62.147,1,40
203.77.38.201,1,40
203.77.119.174,1,60
202.198.25.174,1,40
163.33.63.174,5,632
163.33.177.29,1,40
163.33.67.238,1,40
133.11.90.160,1,40
150.75.225.112,1,44
133.11.93.167,1,40
133.11.70.140,80,8391
150.75.63.191,1,40
163.33.19.146,1,40
133.149.132.133,1,40
133.149.234.50,1,40
163.33.123.179,1,40
133.11.70.148,84,8212
133.11.122.75,6,240
133.149.255.85,9,2224
163.33.114.201,1,40
150.75.154.210,1,40
150.75.11.239,1,40
133.149.86.84,1,40
150.75.85.228,1,40
163.33.127.138,1,40
150.75.16.42,1,40
133.149.49.148,1,44
163.33.212.90,1,40
150.75.199.222,2,80
203.77.29.55,1,40
150.75.189.61,1,40
150.75.32.234,1,40
150.75.109.172,1,40
163.33.223.7,1,40
133.149.7.76,1,40
203.77.52.215,1,40
203.77.115.6,18,2480
163.33.81.74,1,40
150.75.163.20,1,40
202.198.7.126,359,437013
163.33.203.32,2,120
133.149.234.151,1,40
133.149.205.36,2,80
150.75.123.205,1,40
150.75.157.250,1,40
203.77.103.138,1,40
150.75.233.250,1,40
163.33.57.34,1,52
163.33.94.130,18,936
133.149.131.115,1,44
163.33.187.145,1,40
163.33.152.231,1,40
133.149.253.28,2,80
150.75.64.72,1,40
203.77.126.74,1,84
163.33.183.133,1,40
150.75.61.62,1,40
163.33.181.59,1,40
202.204.62.231,2,126
133.11.70.141,61,6275
203.77.118.163,3,168
133.11.70.147,54,5199
150.75.5.75,1,40
150.75.131.194,1,40
150.75.91.54,1,40
150.75.199.4,1,40
163.33.43.145,1,40
203.77.120.249,91,66822
150.75.227.238,1,40
150.75.199.113,1,40
133.149.37.76,1,40
133.149.27.180,1,40
163.33.141.105,1,80
163.33.244.43,1,52
163.33.178.55,1,44
133.11.70.133,68,3764
163.33.219.126,1,44
163.33.218.228,1,44
133.11.70.142,97,10017
163.33.240.195,1,40
133.149.104.80,1,60
150.75.200.91,1,40
163.33.171.209,1,44
163.33.94.137,1,40
133.11.70.136,83,8850
133.149.32.228,1,40
202.198.54.94,1,40
133.149.215.187,1,40
150.75.176.59,1,40
133.11.70.158,88,8778
150.75.76.27,1,60
203.77.125.43,1,40
163.33.140.145,2,155
133.149.180.243,1,40
203.77.92.121,1,40
163.33.61.152,1,40
203.77.53.143,1,40
133.11.109.138,1,40
133.149.250.204,1,40
202.198.27.71,1,40
150.75.201.165,1,40
133.149.203.87,1,52
150.75.142.238,1,52
163.33.66.4,1,40
163.33.191.235,1,313
163.33.176.238,1,40
203.77.87.106,1,40
150.75.159.143,1,40
150.75.48.250,2,80
163.33.195.186,35,6170
202.198.28.69,1,40
150.75.240.134,2,80
133.149.33.123,1,40
133.149.235.96,1,40
133.149.160.192,1,40
163.33.63.171,2,1080
133.11.117.180,1,40
150.75.34.248,1,40
133.11.127.56,1,40
163.33.168.64,1,40
203.77.25.0,1,40
163.33.63.128,1,138
163.33.107.102,7,4049
150.75.168.246,2,84
150.75.11.159,1,40
202.204.61.154,1,40
133.11.91.121,1,40
202.198.28.82,1,40
133.149.188.126,1,40
163.33.93.203,1,52
163.33.224.51,1,40
133.11.70.214,19,1645
202.198.24.43,1,44
203.77.111.85,1,40
133.149.230.100,1,40
163.33.138.36,669,968240
133.149.120.141,1,40
133.149.157.120,1,40
133.11.107.19,1,44
133.149.18.219,1,40
202.198.44.223,8,352
203.77.120.28,7,336
133.149.221.2,1,40
133.149.245.106,2,84
202.204.57.92,1,40
150.75.28.173,1,40
133.149.165.156,1,40
163.33.169.243,2,80
203.77.127.106,8,672
133.149.251.124,1,40
150.75.14.98,1,48
150.75.92.69,1,44
133.149.109.113,1,40
203.77.115.51,16,1376
133.149.98.49,1,44
133.149.166.20,1,40
150.75.48.238,1,44
133.149.165.101,1,40
163.33.95.138,5,1376
133.149.221.4,1,40
150.75.80.125,1,40
133.149.154.54,1,40
150.75.218.142,1,40
133.149.166.126,1,40
150.75.92.78,1,44
133.149.97.18,1,40
133.149.63.105,6,288
203.77.100.245,1,40
133.11.76.226,1,40
203.77.82.100,1,40
163.33.91.155,1,40
202.198.25.151,1,40
133.149.121.166,1,40
133.149.38.254,1,40
133.11.122.84,1,40
133.11.122.107,1,44
133.149.199.119,1,40
150.75.20.99,2,80
133.149.217.45,1,40
202.198.16.95,1,40
163.33.136.137,1,40
150.75.186.220,1,52
150.75.244.179,1,40
203.77.28.174,2,80
203.77.7.17,1,44
163.33.40.78,1,40
133.149.209.226,1,44
203.77.114.28,1,40
163.33.133.0,1,40
133.149.188.29,1,40
203.77.122.231,5,488
203.77.19.80,1,40
203.77.115.234,14,11448
133.149.64.149,2,88
203.77.93.200,1,40
150.75.169.46,1,40
150.75.201.201,1,40
133.149.207.51,1,40
203.77.102.164,1,40
133.149.151.1,1,40
133.149.151.34,1,40
133.149.156.190,1,40
133.149.46.133,1,40
163.33.94.249,1,40
133.149.49.207,1,40
133.11.70.86,1,44
202.198.44.35,1,40
133.11.122.151,1,40
150.75.91.58,1,44
150.75.59.223,1,40
163.33.212.111,1,44
133.149.118.16,2,84
203.77.109.141,1,40
133.149.79.28,1,40
150.75.139.215,1,40
163.33.226.226,3,171
150.75.146.83,1,40
163.33.214.126,1,40
163.33.53.188,1,40
133.149.145.6,1,40
163.33.218.174,1,44
150.75.147.78,1,40
133.149.38.21,1,40
133.149.246.9,1,40
133.149.29.72,1,44
202.198.11.178,1,40
163.33.40.105,1,40
150.75.8.120,1,40
202.198.45.114,1,40
202.198.25.242,1,40
203.77.108.240,1,40
150.75.94.28,1,40
133.149.242.183,1,40
163.33.40.217,2,80
133.149.251.202,1,40
133.149.133.77,1,40
133.149.67.78,1,40
202.198.6.56,1,40
150.75.192.43,1,40
202.204.62.202,2,80
203.77.20.90,1,40
133.149.151.90,1,40
150.75.211.49,1,40
163.33.167.242,1,40
203.77.127.55,27,1897
133.149.54.50,1,40
150.75.247.10,1,40
133.149.234.205,1,40
163.33.203.33,83,60750
133.149.28.197,1,40
133.149.55.151,1,40
202.15.129.121,1,40
163.33.114.91,1,40
150.75.154.62,1,44
163.33.195.138,227,331543
202.198.58.105,2,112
203.77.91.68,1,40
133.11.126.35,1,40
150.75.164.53,1,40
203.77.105.131,1,40
133.11.112.137,1,40
133.149.134.13,1,44
163.33.214.26,1,40
203.77.117.251,2,120
133.149.201.9,1,40
133.149.250.22,1,40
203.77.60.114,1,40
163.33.191.251,1,69
133.149.182.223,1,40
163.33.96.29,1,40
150.75.215.7,1,40
133.149.249.82,1,40
163.33.210.198,1,40
202.198.9.219,1,40
150.75.170.231,1,40
163.33.199.157,87,87283
163.33.187.247,1,40
203.77.22.131,1,40
163.33.140.248,60,21742
203.77.67.39,1,40
133.11.70.145,87,8793
133.149.207.140,1,40
163.33.252.79,1,40
133.11.70.128,104,10419
133.11.108.102,1,40
203.77.75.50,1,40
163.33.221.249,1,40
163.33.42.60,1,40
150.75.120.137,1,40
202.198.25.1,1,40
133.149.120.98,1,40
203.77.121.134,5,4055
203.77.104.185,1,40
163.33.217.227,2,88
133.149.165.75,1,40
163.33.200.95,1,40
150.75.77.75,1,40
202.198.25.109,1,40
133.149.220.185,1,40
133.149.63.202,1,40
133.149.88.57,1,40
150.75.210.200,1,40
133.149.185.66,1,40
133.149.244.220,1,40
133.149.144.2,1,40
203.77.6.138,1,40
133.149.71.150,1,40
133.11.93.88,1,40
150.75.56.219,1,40
203.77.113.247,10,1512
133.11.119.67,1,40
203.77.114.178,1,44
203.77.76.34,1,44
202.204.60.85,16,4446
133.11.122.233,1,52
163.33.34.123,1,40
203.77.122.6,1,40
163.33.140.167,6,700
133.149.203.227,2,80
203.77.126.80,26,1515
163.33.228.46,2,84
202.204.56.239,1,40
133.149.93.29,1,44
133.11.70.134,98,10026
203.77.127.81,5,420
203.77.70.185,1,40
203.77.12.156,1,40
150.75.227.207,4,160
202.198.15.246,1,40
163.33.93.98,15,1929
133.149.57.167,1,40
133.11.70.157,88,9172
163.33.252.175,1,40
133.11.107.101,1,40
202.198.46.237,2,80
203.77.54.66,1,40
133.149.232.245,1,40
163.33.24.117,1,44
203.77.57.239,1,40
150.75.82.156,1,40
163.33.211.157,1,40
163.33.93.168,1,115
163.33.211.76,1,40
133.149.221.203,1,40
163.33.132.65,39,38924
133.149.73.151,1,40
163.33.210.187,1,40
150.75.145.217,1,40
150.75.200.4,1,40
163.33.12.57,1,40
203.77.120.229,4,498
203.77.116.214,133,191636
163.33.52.253,1,44
133.149.67.1,1,40
163.33.174.41,15,5778
163.33.252.121,1,105
150.75.114.135,1,40
150.75.7.96,1,40
133.11.86.183,2,80
150.75.61.39,1,60
203.77.37.22,1,40
163.33.95.203,1,40
163.33.174.16,1,992
202.198.52.42,1,40
203.77.8.143,1,40
163.33.47.10,1,40
133.11.114.143,1,40
163.33.54.129,1,40
203.77.12.147,1,40
133.11.89.34,1,40
133.11.73.200,1,40
163.33.95.11,38,21901
203.77.13.21,1,40
133.149.99.42,1,40
163.33.236.34,1823,2623257
150.75.174.45,1,40
163.33.68.201,1,40
150.75.35.195,1,40
163.33.48.222,1,40
150.75.222.212,1,44
203.77.10.198,1,40
133.11.123.24,1,40
150.75.129.183,1,44
163.33.135.236,1,44
133.149.38.46,1,40
150.75.198.248,1,40
150.75.248.112,1,44
203.77.61.97,1,40
203.77.41.124,1,44
203.77.118.176,46,63573
163.33.94.136,6,383
163.33.172.233,1,68
133.149.97.179,1,44
163.33.216.237,1,40
133.149.61.190,1,40
203.77.86.234,1,40
133.149.106.122,1,52
163.33.179.203,1,40
150.75.232.222,1,40
163.33.144.38,1,40
202.198.5.175,1,40
163.33.20.215,1,40
133.11.92.210,1,40
150.75.99.225,1,40
150.75.168.34,2,80
133.149.126.174,1,40
163.33.174.4,6,240
210.128.12.99,1,52
163.33.56.172,2,92
163.33.191.241,3,183
150.75.252.29,1,44
203.77.108.41,1,60
150.75.29.112,1,40
133.11.117.67,1,40
150.75.119.152,1,40
133.149.220.233,1,40
163.33.22.77,1,40
133.11.92.69,1,40
150.75.248.31,1,40
203.77.124.128,1,40
163.33.168.244,1,44
163.33.108.158,1,40
202.198.43.1,3,120
133.11.117.7,1,40
133.11.102.234,1,44
203.77.39.219,1,40
133.11.98.230,1,40
133.11.117.240,1,40
163.33.93.218,25,5826
163.33.215.63,1,40
133.11.88.154,1,40
133.149.155.88,1,40
133.149.62.149,1,40
133.149.236.232,1,40
163.33.22.78,1,40
203.77.9.82,1,40
163.33.95.75,85,101282
150.75.59.125,1,40
163.33.176.182,7,1647
163.33.194.82,1,40
133.149.255.144,1,40
133.11.124.217,1,40
163.33.75.35,1,40
202.198.8.228,1,52
203.77.14.171,1,44
163.33.56.216,1,40
133.149.78.201,1,48
150.75.41.23,1,40
150.75.121.19,1,40
133.11.117.237,1,40
150.75.38.88,1,40
163.33.12.250,1,40
133.149.97.82,1,40
203.77.17.80,1,726
163.33.70.238,1,44
163.33.116.218,1,40
163.33.94.127,1,40
133.149.136.30,1,40
203.77.118.110,4,208
150.75.131.45,1,40
163.33.201.199,4,192
203.77.31.231,1,40
133.149.138.227,1,220
203.77.10.73,1,40
163.33.91.150,1,40
163.33.228.110,1,40
133.149.180.229,1,40
133.149.17.42,1,40
133.149.72.127,1,40
163.33.148.20,1,44
150.75.84.95,1,40
202.204.56.183,17,1912
150.75.220.184,1,40
133.149.64.32,1,40
150.75.159.1,1,40
133.149.242.246,1,40
150.75.191.54,1,60
150.75.101.95,1,40
133.149.19.254,2,80
163.33.251.111,1,44
203.77.111.157,1,44
150.75.76.169,2,80
163.33.199.114,1,40
133.11.89.207,1,40
163.33.241.41,1,40
163.33.155.238,1,40
163.33.199.183,1,40
163.33.113.226,2,88
163.33.69.155,1,40
163.33.251.24,1,52
163.33.93.195,5,2198
202.198.58.217,1,40
150.75.54.196,1,40
133.11.103.98,1,48
163.33.92.116,2,230
133.149.187.11,1,40
150.75.32.150,1,40
133.149.228.24,1,40
163.33.21.233,1,40
133.149.96.164,1,40
163.33.133.46,1,40
202.198.48.11,1,40
133.149.214.163,1,40
133.11.84.22,1,44
163.33.209.158,4,264
203.77.124.210,3,280
133.149.201.76,1,60
163.33.188.153,3,120
150.75.52.72,1,40
202.25.109.199,1,40
150.75.2.197,1,40
150.75.22.44,1,44
150.75.209.154,1,52
163.33.84.53,1,103
163.33.182.99,1,40
150.75.147.254,1,40
133.149.103.130,1,40
133.149.7.204,1,40
163.33.11.5,1,40
163.33.112.197,1,52
203.77.82.42,1,44
133.149.1.26,1,40
133.11.109.109,1,40
203.77.8.47,1,40
150.75.173.225,1,40
133.149.49.107,1,40
203.77.103.169,1,40
202.198.8.107,1,44
203.77.32.227,1,40
203.77.115.186,1,52
163.33.36.68,24,10273
133.149.185.250,1,40
150.75.84.39,1,40
133.11.103.230,1,44
133.149.116.207,1,44
150.75.114.235,1,40
150.75.58.0,1,40
163.33.93.153,3,156
150.75.253.157,1,40
133.11.72.108,1,40
202.198.23.192,1,40
202.204.60.112,2725,4006783
150.75.18.80,1,40
163.33.149.95,1,40
163.33.161.154,1,44
133.11.68.57,1,40
150.75.18.201,1,40
150.75.199.106,1,40
150.75.198.111,1,40
203.77.76.101,1,40
133.149.5.97,1,40
133.149.121.90,1,40
163.33.169.36,1,40
163.33.69.42,1,40
133.149.59.188,1,40
203.77.120.120,1,40
133.149.48.85,1,40
133.149.44.162,1,40
203.77.108.236,1,40
163.33.69.200,1,44
150.75.117.33,1,40
163.33.86.103,1,40
133.149.197.4,1,40
133.149.84.49,1,40
203.77.95.208,1,40
163.33.107.219,9,677
163.33.22.19,1,40
163.33.12.182,9,875
163.33.235.228,1,40
133.149.216.39,2,80
133.149.7.94,1,40
133.149.74.193,1,40
133.149.184.211,1,40
150.75.10.153,1,40
163.33.182.0,2,80
163.33.10.151,1,44
133.149.49.187,1,40
150.75.136.21,1,40
133.149.3.187,1,40
150.75.70.201,1,40
133.149.203.118,1,40
202.204.56.178,6,354
150.75.71.248,1,40
150.75.209.26,1,40
133.11.71.73,1,40
203.77.72.51,1,40
203.77.21.145,1,40
202.198.54.195,1,40
163.33.244.12,2,370
202.204.60.12,129,37466
163.33.174.35,2,395
133.149.153.22,1,40
203.77.107.174,12,1601
133.11.93.173,1,40
163.33.69.40,1,40
133.149.84.23,1,40
163.33.93.17,17,2341
133.11.113.98,1,40
150.75.101.78,1,44
133.149.242.239,1,40
133.149.141.118,1,40
150.75.248.86,1,44
163.33.149.81,1,40
203.77.124.70,4,336
203.77.113.13,4,164
133.11.116.251,1,40
203.77.124.21,10,1522
133.11.64.232,1,40
150.75.128.164,1,44
163.33.57.247,1,40
202.198.0.105,1,40
163.33.117.78,1,40
202.198.53.149,1,40
133.149.94.185,1,40
203.77.42.82,1,40
133.149.34.198,1,40
202.198.24.4,1,40
163.33.222.166,1,40
150.75.182.232,1,40
133.149.162.120,1,44
133.149.69.228,1,40
163.33.90.217,1,44
203.77.113.209,3,140
133.149.48.228,1,40
163.33.116.6,1,44
133.11.116.53,1,40
203.77.120.8,1,40
150.75.114.82,1,40
202.198.48.22,1,40
202.198.22.236,1,40
203.77.46.62,1,40
163.33.223.130,1,40
150.75.139.220,1,40
163.33.122.106,1,44
150.75.173.158,1,40
163.33.28.79,1,40
202.198.28.78,1,40
163.33.182.171,1,40
163.33.44.122,1,40
203.77.113.192,3,225
163.33.188.52,1,40
163.33.13.44,1,40
163.33.184.92,1,40
150.75.137.103,1,44
150.75.216.247,1,40
202.198.23.18,1,44
150.75.42.219,1,40
150.75.168.103,1,40
150.75.136.67,1,40
202.25.107.132,3,120
133.149.228.191,1,44
133.11.64.6,1,40
163.33.181.255,1,40
163.33.108.172,1,40
133.149.188.189,1,40
150.75.217.226,1,44
150.75.109.145,1,40
150.75.182.167,1,40
150.75.42.117,1,40
150.75.249.157,1,40
163.33.164.110,1,44
150.75.155.74,1,40
133.149.105.172,1,40
150.75.130.58,1,40
163.33.63.1,1,44
163.33.250.211,2,80
133.149.176.41,1,40
133.149.222.240,2,156
133.149.169.40,2,84
133.149.194.79,1,40
203.77.27.78,1,40
133.149.63.243,1,40
150.75.36.225,1,40
203.77.76.29,1,40
133.149.185.46,1,40
133.11.112.8,1,40
133.149.63.188,1,40
133.11.119.122,1,40
133.149.174.62,1,40
133.149.170.103,1,40
133.149.37.119,1,40
203.77.101.53,1,40
133.11.101.124,1,40
133.11.70.151,116,11731
202.204.60.213,1,52
133.149.237.246,1,40
163.33.141.200,27,4165
133.149.74.46,1,40
133.149.247.230,1,40
163.33.177.201,2,80
163.33.76.92,1,40
150.75.23.101,1,40
150.75.219.47,1,40
150.75.62.49,1,40
150.75.122.21,1,44
203.77.66.62,1,40
133.149.62.255,1,40
150.75.78.112,1,40
163.33.113.48,1,40
133.149.214.239,8,624
133.149.54.105,1,40
203.77.74.229,1,44
163.33.188.27,3,345
202.198.6.78,1,40
202.198.45.141,1,40
163.33.78.25,1,44
133.149.186.253,1,40
150.75.144.246,1,40
163.33.143.149,1,40
163.33.234.212,1,58
150.75.148.67,1,40
133.149.38.17,1,40
133.11.70.154,56,5606
133.149.146.146,1,40
133.11.118.197,1,40
133.11.124.128,1,40
163.33.191.222,1,40
133.149.108.70,1,40
163.33.49.66,1,44
203.77.112.165,1,40
163.33.42.161,1,40
150.75.52.67,1,40
150.75.149.165,1,40
150.75.29.80,1,40
133.149.124.167,1,40
150.75.161.220,1,40
133.149.138.216,1,44
203.77.34.74,1,44
133.149.14.37,1,40
163.33.145.38,1,40
133.149.74.7,1,40
163.33.95.40,4,921
133.149.82.77,1,40
133.149.207.247,1,40
133.149.19.6,1,40
163.33.212.94,2,80
150.75.201.58,1,40
133.149.17.58,1,40
163.33.71.158,1,40
203.77.122.220,13,1421
163.33.30.75,1,40
150.75.101.80,1,40
202.198.51.9,1,40
203.77.65.72,1,40
133.149.101.238,1,40
133.149.96.194,1,40
163.33.86.182,1,40
150.75.26.26,1,40
150.75.244.184,1,40
150.75.136.186,1,40
163.33.20.206,1,40
133.149.75.45,1,40
163.33.138.75,12,776
133.149.165.97,1,40
133.149.248.135,1,40
150.75.62.94,1,52
163.33.38.157,1,40
163.33.111.81,1,40
203.77.109.66,1,40
150.75.131.1,1,40
163.33.80.19,24,34058
150.75.77.232,1,40
202.204.56.0,1,40
150.75.16.175,1,40
163.33.238.110,1,40
150.75.144.100,1,40
163.33.23.29,1,40
203.77.108.82,1,40
133.149.188.61,1,40
203.77.120.50,2,80
163.33.247.247,5,262
163.33.57.161,4,195
163.33.71.162,1,40
203.77.105.220,2,80
133.149.150.84,1,40
133.149.15.234,1,40
163.33.194.94,1,40
150.75.127.21,1,40
133.149.135.170,1,40
150.75.56.81,1,40
203.77.7.167,1,40
133.11.110.180,1,44
133.149.95.182,1,40
163.33.132.198,1,115
203.77.3.31,1,40
133.149.243.192,1,40
163.33.221.101,1,40
133.149.20.66,1,40
133.149.87.116,1,40
163.33.142.74,1,40
133.11.102.165,1,48
163.33.142.178,1,40
133.149.185.170,1,40
163.33.73.68,1,40
133.149.125.20,1,40
163.33.19.183,7,731
163.33.177.192,1,40
133.11.114.83,1,40
150.75.30.30,1,44
163.33.91.200,1,28
133.149.38.153,1,40
203.77.39.201,1,40
133.149.200.93,1,40
133.149.60.7,1,40
133.149.11.167,1,40
163.33.238.181,1,40
163.33.18.152,1,40
150.75.184.209,1,48
163.33.108.191,1,40
203.77.54.157,1,40
203.77.68.57,1,40
203.77.89.177,1,44
203.77.126.134,1,40
150.75.54.135,1,576
133.149.249.243,1,40
133.11.99.157,1,40
133.149.33.54,1,40
203.77.18.7,1,40
202.198.54.183,1,40
163.33.63.132,1,40
202.198.5.158,1,40
150.75.190.0,1,40
203.77.114.7,1,40
202.198.59.178,1,40
150.75.72.230,1,40
203.77.35.209,1,40
202.204.58.105,1,60
150.75.73.27,1,40
163.33.154.170,2,100
133.149.50.36,1,40
202.198.0.148,10,839
133.149.125.104,1,40
163.33.203.125,8,431
163.33.183.176,1,40
203.77.114.26,1,40
202.198.1.25,2,92
133.149.31.245,2,80
203.77.49.98,1,40
150.75.143.244,1,40
150.75.201.55,1,40
150.75.221.216,1,44
133.11.114.137,1,40
163.33.219.119,1,40
163.33.30.143,1,40
150.75.31.232,1,40
150.75.145.103,1,60
203.77.92.90,1,40
203.77.59.236,1,40
150.75.35.48,1,40
133.149.110.80,1,40
133.149.116.78,1,40
163.33.248.209,1,40
203.77.54.78,1,40
133.11.110.201,1,40
133.11.90.115,1,60
133.149.95.17,1,40
203.77.15.144,1,44
163.33.107.33,1,40
150.75.228.93,1,40
133.149.234.125,1,40
203.77.108.143,1,40
150.75.251.134,1,44
133.149.110.47,1,40
150.75.91.150,1,40
150.75.81.10,1,40
150.75.30.36,1,40
133.149.62.106,1,40
163.33.89.88,1,44
133.11.70.168,2,80
163.33.31.204,1,40
163.33.131.5,1,537
150.75.130.163,1,40
133.149.157.166,1,40
133.149.125.116,2,92
202.198.43.38,1,40
150.75.157.194,1,40
163.33.222.140,1,44
133.149.61.23,1,40
163.33.231.60,1,40
163.33.240.129,1,40
133.11.68.173,1,44
150.75.176.209,1,60
163.33.202.57,1,40
203.77.115.250,1,40
133.11.102.226,1,40
163.33.19.7,2,80
150.75.251.26,1,44
163.33.246.210,1,79
150.75.55.145,1,40
133.149.8.108,1,40
203.77.32.54,1,40
133.149.250.134,1,40
133.11.104.18,1,40
133.149.5.213,1,40
133.149.186.8,1,40
203.77.122.124,2,80
203.77.63.12,1,44
150.75.111.251,1,40
133.149.36.225,1,68
133.149.152.214,1,52
133.11.67.155,1,40
163.33.104.214,1,40
203.77.115.226,2,100
150.75.86.3,1,52
203.77.102.123,1,40
150.75.172.247,1,60
150.75.33.254,1,40
133.11.97.111,1,40
133.149.227.252,1,40
133.11.118.230,1,40
163.33.107.203,12,1934
150.75.79.63,1,40
163.33.145.68,1,40
202.198.13.235,1,40
133.11.110.162,1,40
163.33.92.77,11,7292
133.149.38.22,1,40
163.33.187.249,1,40
133.149.20.157,1,44
163.33.98.71,1,40
150.75.129.33,1,40
133.149.155.131,1,60
133.149.23.204,1,44
163.33.189.215,1,44
133.149.229.151,1,40
150.75.141.115,1,40
203.77.109.127,1,40
163.33.29.151,3,509
150.75.158.18,1,40
133.149.227.215,1,53
202.204.60.122,2,100
150.75.41.196,1,40
133.149.50.244,1,40
133.149.70.16,1,40
202.198.22.95,1,44
203.77.91.153,2,80
133.11.110.255,1,40
202.204.62.225,9,4637
163.33.252.150,2,80
163.33.255.196,1,52
133.149.185.37,1,40
133.149.200.8,1,40
150.75.2.101,1,40
150.75.22.9,1,40
150.75.102.98,1,40
163.33.217.72,1,44
133.11.70.139,60,6184
163.33.14.139,2,80
150.75.1.237,1,44
133.149.189.232,1,40
150.75.187.241,1,40
133.149.81.91,1,40
150.75.6.9,1,40
133.149.184.141,1,40
150.75.22.168,1,40
133.149.95.83,1,40
163.33.12.100,3,508
203.77.116.196,2,158
133.149.143.42,1,40
163.33.60.16,1,40
203.77.70.141,1,40
150.75.210.4,1,40
133.11.64.127,1,40
150.75.212.178,1,40
133.149.32.239,1,40
163.33.248.61,1,40
202.198.24.215,1,44
150.75.177.159,1,40
133.149.207.168,1,40
133.149.68.136,1,40
202.198.40.108,1,40
150.75.234.100,1,576
133.149.18.47,1,40
163.33.151.175,1,40
163.33.240.40,1,44
150.75.176.125,1,44
202.198.37.18,1,40
150.75.166.46,1,40
133.149.1.45,1,44
163.33.119.195,1,40
150.75.70.171,1,40
163.33.122.178,1,40
163.33.196.152,1,40
133.149.67.41,1,40
133.149.179.226,1,40
150.75.11.71,1,40
202.204.61.119,1,44
133.149.198.18,1,40
203.77.124.225,1,40
163.33.186.177,1,40
203.77.7.100,1,40
203.77.78.189,1,40
163.33.236.19,3,4264
150.75.197.246,1,40
150.75.125.87,1,40
133.149.222.249,1,40
203.77.10.70,1,40
163.33.63.129,4,1151
150.75.30.178,1,44
150.75.188.176,1,40
133.149.192.188,1,40
133.149.232.112,1,40
150.75.116.245,1,40
150.75.71.223,1,40
163.33.153.80,1,40
133.149.215.14,1,40
163.33.106.225,1,40
150.75.145.111,1,40
163.33.219.216,1,40
150.75.228.224,1,44
163.33.125.248,1,40
150.75.17.131,1,40
163.33.30.40,1,40
133.149.25.179,1,40
203.77.86.206,1,40
203.77.7.156,1,40
150.75.255.252,1,40
150.75.210.122,1,40
203.77.31.185,1,40
163.33.132.162,3,413
150.75.131.173,1,40
133.149.10.149,1,40
150.75.238.30,1,44
202.204.62.186,12,1442
133.11.127.179,1,40
133.149.16.191,1,40
202.198.53.82,1,40
133.149.234.236,1,52
203.77.89.100,1,40
163.33.19.139,1,44
133.149.228.233,1,40
203.77.102.151,1,76
203.77.20.61,1,40
150.75.56.242,1,40
203.77.98.213,1,40
133.149.117.8,1,40
163.33.199.5,1,40
133.149.191.218,1,40
133.149.96.62,1,40
203.77.59.92,1,44
163.33.207.14,1,40
163.33.115.3,1,40
203.77.14.247,1,40
133.11.114.98,1,52
163.33.84.211,1,115
150.75.96.107,1,40
150.75.187.76,1,40
150.75.81.212,1,40
202.198.38.61,1,40
163.33.74.157,1,44
163.33.9.233,1,48
150.75.122.100,2,80
163.33.222.19,1,40
163.33.172.3,1,40
133.149.122.143,1,40
163.33.191.208,27,14061
150.75.125.37,6,340
163.33.66.6,1,40
150.75.35.113,1,40
203.77.5.222,1,44
163.33.81.91,1,44
203.77.78.50,1,40
133.11.114.216,1,40
202.198.43.139,1,44
133.149.255.46,1,40
163.33.76.25,1,40
150.75.186.154,1,40
163.33.113.193,1,44
203.77.56.191,1,40
150.75.160.155,1,40
133.149.16.248,1,44
133.149.175.37,1,44
163.33.92.148,1,40
163.33.118.179,1,40
163.33.132.15,1,40
203.166.184.154,4,682
150.75.191.85,2,80
203.77.13.40,1,40
163.33.75.174,1,40
133.149.55.189,1,40
133.11.102.180,1,40
150.75.68.14,1,44
163.33.250.3,1,40
150.75.67.200,1,40
133.149.106.0,1,40
133.149.208.240,1,40
133.149.61.161,1,40
163.33.190.127,1,40
133.149.72.40,1,44
150.75.213.252,1,40
133.149.177.255,1,40
133.149.255.87,2,100
150.75.92.222,1,121
163.33.96.177,1,40
163.33.106.176,1,40
133.149.147.235,1,58
163.33.2.131,2,80
150.75.227.100,1,40
133.11.105.69,1,40
163.33.203.50,1,40
133.11.64.136,1,40
150.75.249.229,1,40
150.75.193.38,1,40
133.149.128.61,1,40
203.77.106.17,1,52
163.33.34.63,1,40
203.77.54.50,1,40
163.33.189.33,1,40
133.149.63.26,1,52
163.33.66.113,1,40
163.33.184.148,1,40
202.198.47.212,1,40
133.11.67.82,1,40
150.75.110.201,1,40
203.77.32.152,1,40
133.149.139.145,1,40
133.149.37.66,1,40
163.33.59.170,10,5677
150.75.155.160,1,40
150.75.29.134,1,40
150.75.180.90,1,40
133.149.66.135,1,44
150.75.71.142,1,40
133.149.242.4,1,40
150.75.159.64,1,40
133.149.109.236,1,40
150.75.159.79,1,40
202.204.62.155,1,40
203.77.118.34,6,821
163.33.199.161,1,40
163.33.37.167,1,44
133.149.254.129,1,40
133.149.65.126,1,40
150.75.152.39,1,40
150.75.198.136,1,40
150.75.77.223,1,40
202.198.19.28,1,40
203.77.14.197,1,40
202.198.32.55,1,40
133.149.250.251,1,40
163.33.247.249,1,44
150.75.153.40,1,40
203.77.99.52,1,40
163.33.176.56,1,40
133.149.146.42,2,100
150.75.94.106,1,40
150.75.117.141,1,40
150.75.122.41,1,40
202.204.57.168,1,40
133.149.71.89,1,40
133.149.152.73,1,76
133.149.33.140,1,44
150.75.62.115,1,40
133.149.161.137,2,80
133.149.212.149,1,40
150.75.157.90,1,40
163.33.167.168,1,44
150.75.32.135,1,40
203.77.58.3,1,40
150.75.40.162,1,40
163.33.239.165,1,44
163.33.47.9,1,40
202.198.51.214,2,80
133.149.240.127,1,52
163.33.248.245,2,92
163.33.92.6,1,40
203.77.94.218,1,40
133.11.91.169,1,44
163.33.68.142,1,40
163.33.59.182,1,40
163.33.96.144,2,80
150.75.253.74,4,160
133.149.178.82,1,40
163.33.92.87,2,143
163.33.3.220,1,40
163.33.236.187,1,44
163.33.132.225,1,40
202.198.44.196,5,463
202.198.63.196,1,40
133.149.61.121,1,40
163.33.24.166,1,40
133.149.132.188,1,40
133.149.194.96,1,40
150.75.39.99,1,40
202.198.2.50,1,40
150.75.11.64,1,40
163.33.67.180,1,40
133.11.67.129,1,40
133.149.250.197,1,40
163.33.95.251,1,52
163.33.108.234,1,40
133.149.73.73,1,40
150.75.227.252,1,40
133.149.253.57,1,40
163.33.53.26,1,44
133.149.192.91,1,44
163.33.156.224,1,40
133.149.20.175,1,40
133.149.169.70,1,40
150.75.20.174,1,40
150.75.117.197,1,40
133.149.125.175,1,40
163.33.131.220,1,40
133.149.201.213,1,40
150.75.122.23,1,40
133.11.69.174,1,44
150.75.179.0,1,40
150.75.240.36,1,40
163.33.246.33,1,40
150.75.228.92,1,40
203.77.63.206,1,40
150.75.215.9,1,40
163.33.32.251,1,40
133.149.72.239,1,40
150.75.215.187,1,40
163.33.32.177,1,40
202.198.46.83,1,40
133.149.78.50,1,40
150.75.8.64,1,40
150.75.234.165,1,40
133.149.233.183,1,40
133.149.233.174,1,40
150.75.47.29,1,40
150.75.117.171,1,40
133.149.94.173,1,40
133.149.66.5,1,40
133.149.207.94,1,40
133.11.72.84,1,40
202.198.38.201,1,40
150.75.123.210,1,40
133.149.156.74,1,40
202.25.107.157,3,120
163.33.163.68,1,40
133.149.205.196,1,40
150.75.19.51,1,76
203.77.60.156,1,40
163.33.137.175,1,40
133.149.254.120,1,83
203.77.65.157,1,40
133.11.73.252,1,40
202.198.42.249,1,40
150.75.127.208,1,40
133.149.140.111,1,40
203.77.32.191,1,40
163.33.106.86,1,40
203.77.61.160,1,60
163.33.240.246,1,40
163.33.206.118,1,40
203.77.13.60,1,40
150.75.124.176,1,40
133.149.24.156,1,40
150.75.21.155,1,44
150.75.84.58,1,40
203.77.126.253,1,40
163.33.63.173,2,1109
133.149.195.63,1,40
163.33.101.62,1,40
133.11.68.241,1,40
133.149.7.5,1,40
133.149.164.233,1,40
203.77.63.148,1,40
163.33.239.232,1,52
133.149.110.214,1,40
163.33.80.71,1,44
133.11.118.146,1,44
150.75.214.34,1,40
150.75.214.137,1,40
203.77.94.246,1,40
133.11.66.232,1,40
163.33.96.198,1,40
163.33.206.195,1,40
150.75.47.52,1,40
202.204.56.135,2,100
163.33.241.226,1,40
203.77.116.235,1,40
163.33.23.81,1,40
163.33.10.25,1,40
203.77.126.2,30,1560
163.33.217.62,1,40
133.149.71.223,1,40
150.75.166.92,1,40
163.33.154.156,1,40
163.33.61.37,1,40
203.77.18.31,1,44
203.77.11.45,1,40
150.75.44.52,1,40
202.204.57.107,1,40
163.33.98.129,1,40
133.149.193.96,1,40
133.149.21.213,1,52
163.33.248.250,1,40
133.149.242.204,1,40
133.149.111.33,1,40
163.33.181.248,1,40
163.33.24.141,1,64
163.33.9.99,1,40
163.33.11.70,1,44
150.75.183.43,1,40
133.149.11.7,1,44
133.149.236.19,1,40
202.198.42.212,1,40
150.75.154.40,1,40
163.33.44.26,2,80
203.77.120.19,1,40
133.149.58.198,1,40
150.75.51.42,1,40
133.149.251.53,1,40
163.33.66.95,1,40
133.149.109.90,1,44
163.33.190.50,1,40
133.11.94.226,1,40
163.33.144.84,1,40
150.75.123.167,1,40
163.33.63.197,1,44
163.33.95.135,1,52
163.33.174.26,2,109
150.75.22.17,1,40
163.33.179.207,1,40
163.33.187.30,1,40
163.33.34.185,1,40
163.33.45.147,1,40
163.33.150.22,1,40
133.149.143.16,1,40
203.77.76.93,1,68
163.33.223.30,1,40
163.33.4.106,1,40
202.204.61.102,1,40
133.149.255.47,1,40
163.33.92.111,3,427
133.149.212.229,1,44
163.33.133.131,1,40
150.75.65.126,1,48
133.11.115.147,1,40
150.75.183.231,1,40
133.149.96.243,1,40
150.75.143.174,1,40
163.33.154.146,1,40
163.33.63.99,1,40
133.149.127.28,1,40
163.33.164.99,1,40
150.75.148.77,1,40
133.11.127.163,1,40
150.75.66.248,1,40
133.11.108.202,1,44
133.149.36.81,1,40
133.149.101.10,1,40
163.33.139.80,1,40
163.33.168.164,1,40
163.33.142.73,1,40
150.75.173.52,1,40
150.75.127.167,1,40
163.33.63.175,2,240
133.149.130.245,2,80
133.149.155.6,1,40
203.77.30.143,1,40
203.77.127.165,1,40
202.204.60.194,18,12995
203.77.67.154,1,40
202.204.62.60,1,40
133.149.217.96,1,40
203.77.106.190,2,242
163.33.179.48,1,60
133.149.242.243,1,40
133.149.213.12,1,52
163.33.220.109,1,40
133.149.110.92,1,40
163.33.71.37,1,40
203.77.12.227,1,40
203.77.66.106,1,40
133.11.75.44,1,40
133.149.28.126,1,40
133.149.28.144,1,40
150.75.75.104,1,40
150.75.172.39,1,40
203.77.71.96,1,40
133.149.5.243,1,44
133.149.123.37,1,40
133.149.104.18,1,40
163.33.196.107,1,40
150.75.154.214,1,40
150.75.157.144,1,40
150.75.222.131,1,40
163.33.34.164,1,40
163.33.92.211,1,40
163.33.128.171,1,40
133.149.43.144,1,44
163.33.68.145,1,40
163.33.243.122,1,40
133.149.88.72,1,40
163.33.235.38,1,40
163.33.187.16,1,40
163.33.223.34,1,40
163.33.6.48,1,40
163.33.121.201,1,40
133.149.57.253,1,44
163.33.156.39,1,40
150.75.110.109,1,40
133.11.98.47,1,40
163.33.207.79,1,44
163.33.205.78,1,40
133.149.227.137,1,44
163.33.248.159,1,40
133.149.154.21,1,40
150.75.28.78,1,40
163.33.18.106,1,40
163.33.214.210,1,40
202.198.43.128,1,40
202.198.45.179,1,40
163.33.34.212,1,44
133.149.225.138,1,40
163.33.94.103,1,40
163.33.24.120,1,40
150.75.32.38,1,40
163.33.83.10,1,40
163.33.203.73,1,40
163.33.106.145,1,56
202.198.62.94,1,40
133.149.199.205,1,40
133.149.233.34,1,40
150.75.237.132,1,40
150.75.25.37,1,40
203.77.74.79,1,40
150.75.29.149,1,40
203.77.94.174,1,44
150.75.44.128,1,40
133.149.189.137,1,44
133.149.83.238,1,40
163.33.101.63,1,40
163.33.128.166,1,40
202.198.40.195,1,40
150.75.49.196,1,40
133.149.235.45,1,30
163.33.175.91,1,40
150.75.155.123,1,40
133.149.190.255,1,40
163.33.52.46,1,40
163.33.93.202,10,3372
133.149.40.110,1,40
150.75.235.123,1,40
163.33.93.82,1,40
150.75.153.76,1,40
133.149.151.116,1,40
163.33.157.91,1,40
133.149.208.148,1,40
163.33.25.17,1,40
163.33.100.89,1,40
133.11.127.66,1,40
163.33.45.153,1,40
163.33.16.161,1,40
150.75.153.174,1,40
203.77.102.109,1,40
163.33.17.253,1,40
133.149.174.210,1,40
163.33.156.248,1,40
163.33.15.119,1,40
133.149.56.29,1,52
150.75.99.243,1,40
133.149.108.83,1,121
202.198.61.209,1,40
133.149.51.222,1,40
163.33.30.28,1,40
203.77.65.176,1,40
163.33.177.138,1,40
202.198.57.255,1,40
163.33.185.241,1,40
133.149.222.103,1,40
163.33.183.183,1,40
163.33.178.15,1,40
203.77.63.129,1,40
133.149.102.53,1,40
203.77.120.185,4,148
163.33.196.248,2,80
163.33.147.194,1,40
150.75.36.123,1,40
163.33.56.210,1,40
133.149.195.212,1,40
203.77.45.254,1,40
150.75.19.90,1,40
163.33.48.226,1,40
202.198.32.149,1,40
163.33.14.34,1,40
202.198.56.247,1,52
163.33.196.115,1,40
133.11.119.117,1,40
163.33.56.252,1,40
163.33.227.96,1,40
163.33.255.102,1,40
163.33.2.242,1,40
150.75.150.240,1,40
133.11.80.26,1,40
133.149.182.251,1,40
203.77.2.243,1,40
133.149.245.100,1,40
202.198.16.65,1,40
203.77.46.4,1,52
150.75.203.16,1,40
133.149.123.129,1,52
163.33.126.127,1,40
163.33.95.193,1,40
163.33.128.116,1,40
203.77.123.254,1,40
133.11.70.149,48,4825
163.33.48.146,1,40
150.75.72.250,1,40
202.198.25.59,1,40
133.149.49.194,1,40
163.33.192.70,1,40
203.77.43.249,1,40
133.149.165.199,1,40
163.33.182.137,8,416
150.75.167.103,1,40
163.33.141.172,1,40
163.33.34.93,1,40
163.33.144.94,1,40
163.33.131.34,1,40
163.33.62.122,1,40
202.25.109.51,1,40
150.75.227.139,1,40
163.33.39.51,1,40
163.33.100.78,1,40
133.149.98.252,1,40
133.11.118.158,1,40
163.33.158.117,1,40
163.33.60.171,1,40
202.204.56.134,12,2362
163.33.244.68,1,40
203.77.28.241,2,80
133.149.47.5,1,40
203.77.97.192,1,40
163.33.120.204,1,40
163.33.75.27,2,80
163.33.10.218,1,40
203.77.122.32,1,40
163.33.252.50,1,40
202.198.49.64,1,40
133.11.89.157,1,40
133.11.104.61,1,40
150.75.209.107,2,80
150.75.176.44,1,121
163.33.181.86,1,40
163.33.82.64,1,40
163.33.58.230,1,40
150.75.36.244,1,40
150.75.160.243,1,40
163.33.233.197,1,52
133.149.149.222,1,40
133.149.83.231,1,40
163.33.15.245,1,40
163.33.213.173,1,40
150.75.124.162,6,412
163.33.36.252,1375,1883397
202.198.14.209,1,44
163.33.68.120,1,40
163.33.227.94,1,40
163.33.165.19,1,40
133.149.82.96,1,40
203.77.61.91,1,44
150.75.5.152,1,40
163.33.215.9,1,40
133.149.88.135,1,40
150.75.189.85,1,40
150.75.145.81,1,40
133.149.201.39,1,40
163.33.186.239,1,40
163.33.70.174,1,40
133.11.98.173,1,40
163.33.110.22,1,40
163.33.255.34,1,40
163.33.207.149,1,40
163.33.181.116,1,40
133.149.160.31,1,40
163.33.131.219,1,40
163.33.156.82,1,40
202.198.9.72,1,40
163.33.41.56,1,40
150.75.21.24,1,44
202.204.61.209,1,40
163.33.211.49,1,40
203.77.124.168,3,252
203.77.54.11,1,40
150.75.130.51,1,44
133.149.0.162,1,40
163.33.237.24,2,80
163.33.232.8,1,40
150.75.157.207,1,44
163.33.39.187,1,40
163.33.84.11,1,40
163.33.174.101,1,40
163.33.163.236,1,40
150.75.77.231,1,40
163.33.11.118,2,84
150.75.68.222,1,44
150.75.184.140,1,40
150.75.31.66,1,40
163.33.43.36,1,40
133.149.98.15,3,180
133.149.114.249,1,44
163.33.25.100,1,40
163.33.166.150,1,40
133.11.97.15,1,40
203.77.5.210,1,40
133.149.203.142,1,40
150.75.73.215,1,40
163.33.158.36,1,40
133.11.77.210,5,200
163.33.197.193,1,40
163.33.175.55,1,40
163.33.58.89,1,52
133.11.71.121,1,40
203.77.75.174,1,121
150.75.187.25,1,40
150.75.66.69,1,40
163.33.217.139,1,44
163.33.67.190,1,40
150.75.203.122,1,40
163.33.6.165,1,40
133.149.87.94,1,44
133.149.103.199,1,44
203.77.2.86,1,40
133.149.245.247,1,40
133.149.148.108,1,40
150.75.185.114,1,40
150.75.61.230,1,40
163.33.127.177,1,40
150.75.16.104,1,40
203.77.127.236,1,40
133.149.116.82,1,40
163.33.199.159,1,40
133.149.82.20,1,40
163.33.13.210,1,40
133.149.25.29,1,40
203.77.88.139,1,40
163.33.93.250,1,40
202.198.21.18,1,44
203.77.10.176,1,48
163.33.194.191,1,44
163.33.213.66,1,40
150.75.54.169,1,44
163.33.204.48,1,40
150.75.145.212,1,40
150.75.141.223,1,40
150.75.35.18,1,40
163.33.16.115,1,40
163.33.179.89,1,52
163.33.93.199,1,52
163.33.147.24,1,44
203.77.112.72,1,40
203.77.103.129,1,40
163.33.68.147,1,40
202.198.8.211,1,44
133.149.90.78,1,40
202.198.48.182,1,40
133.149.85.177,1,40
150.75.23.134,1,40
163.33.208.37,1,40
133.149.230.6,1,79
163.33.40.250,1,40
150.75.228.111,1,40
133.149.140.177,1,40
163.33.22.136,1,40
203.77.80.165,1,40
150.75.187.127,1,40
150.75.80.171,1,40
202.198.44.88,1,40
163.33.237.208,1,40
163.33.191.252,1,40
133.11.83.104,1,40
133.149.122.38,1,44
150.75.68.228,1,44
163.33.190.158,1,220
163.33.5.158,1,40
203.77.22.185,1,40
163.33.222.149,1,40
133.11.97.215,2,84
150.75.81.164,1,40
163.33.32.120,1,44
202.198.11.81,1,40
163.33.8.15,1,40
163.33.67.152,1,40
133.11.86.111,1,40
133.149.254.157,2,80
163.33.220.36,1,40
133.149.200.219,1,40
150.75.66.237,1,40
133.11.69.241,1,40
133.11.91.66,1,52
163.33.132.11,1,40
163.33.94.66,7,609
150.75.62.96,1,40
163.33.130.168,1,40
163.33.22.69,1,40
163.33.208.27,1,40
150.75.137.128,1,44
133.149.203.93,1,40
133.11.87.187,1,40
133.149.165.182,1,52
133.149.164.202,1,40
203.77.115.35,135,5434
133.11.87.43,1,40
202.198.36.244,2,80
163.33.20.99,1,40
163.33.86.4,1,40
163.33.244.179,1,40
163.33.43.251,1,40
163.33.140.146,14,8207
163.33.30.204,1,40
150.75.95.199,1,40
133.149.28.225,1,40
133.149.191.44,1,40
163.33.227.157,1,40
150.75.178.65,1,40
163.33.163.60,1,44
163.33.122.180,5,240
163.33.169.207,1,40
163.33.62.62,1,40
163.33.179.38,1,40
163.33.182.143,1,40
203.77.121.78,1,152
133.149.253.138,1,40
163.33.21.4,1,40
163.33.190.185,1,40
202.198.49.61,1,40
203.77.14.253,1,40
150.75.0.200,1,40
133.149.126.110,1,40
163.33.87.93,1,40
163.33.2.24,1,40
150.75.129.202,1,40
133.149.106.191,1,40
163.33.124.151,1,40
163.33.88.73,1,40
203.77.19.59,1,40
163.33.209.145,1,308
163.33.213.55,1,40
150.75.93.245,1,44
163.33.13.159,1,40
163.33.222.121,1,40
202.204.60.58,1,40
163.33.59.205,1,40
203.77.68.48,1,40
163.33.88.102,1,40
133.149.253.155,1,40
203.77.118.141,3,140
133.149.204.224,1,40
150.75.132.25,1,40
150.75.126.56,1,40
150.75.221.137,1,40
163.33.96.61,1,40
202.204.60.201,1,136
163.33.158.97,1,52
163.33.195.166,1,40
163.33.53.204,1,40
163.33.186.48,1,40
133.149.133.118,1,40
133.149.126.245,1,40
163.33.251.209,1,40
163.33.241.246,1,40
163.33.23.51,1,40
163.33.149.120,1,40
163.33.129.213,1,40
202.198.45.43,1,44
163.33.238.68,1,40
163.33.114.110,1,40
133.11.71.102,1,44
150.75.111.205,1,40
163.33.4.51,1,40
163.33.237.174,1,40
163.33.68.146,1,40
133.11.102.228,1,40
163.33.146.110,1,40
163.33.29.76,1,60
133.11.79.219,1,48
163.33.218.121,1,40
163.33.135.159,1,40
150.75.110.251,1,40
163.33.70.6,1,40
150.75.212.34,1,60
163.33.90.41,1,40
163.33.155.59,1,40
150.75.104.183,1,40
163.33.228.92,1,40
133.149.204.131,1,52
150.75.214.120,1,40
133.149.93.74,1,40
202.198.58.115,2,80
203.77.77.217,1,40
163.33.135.103,1,40
133.149.71.120,1,40
150.75.210.135,1,40
203.77.71.86,1,40
150.75.9.7,1,40
133.149.138.253,1,40
163.33.112.14,1,40
163.33.253.171,1,40
163.33.189.11,1,40
163.33.135.152,1,40
203.77.66.180,1,40
133.149.62.158,1,121
163.33.231.170,1,40
133.149.162.89,1,40
163.33.36.178,1,44
163.33.23.185,1,40
163.33.165.137,1,40
163.33.16.28,1,40
163.33.212.144,1,40
163.33.7.83,1,40
163.33.230.65,1,40
163.33.233.150,1,40
163.33.126.51,1,40
163.33.237.36,1,52
163.33.67.15,1,40
163.33.9.128,1,40
133.149.28.246,1,40
163.33.252.51,1,40
163.33.240.77,1,40
163.33.234.148,3,377
163.33.240.17,1,40
163.33.174.118,1,40
163.33.59.214,1,40
163.33.198.82,1,40
150.75.20.97,1,40
163.33.84.198,1,40
163.33.17.162,1,40
150.75.155.250,1,40
163.33.44.52,1,40
163.33.147.89,1,40
163.33.14.132,1,40
163.33.17.8,2,84
163.33.88.45,1,40
163.33.81.202,1,40
133.11.95.113,1,40
150.75.55.146,1,40
150.75.62.184,1,40
150.75.53.238,1,52
203.77.118.99,3,208
203.77.20.177,1,40
163.33.11.100,1,40
163.33.26.156,1,40
203.77.15.82,2,80
163.33.62.55,1,40
163.33.187.58,1,40
163.33.95.52,1,52
133.149.162.82,1,40
163.33.3.139,1,40
150.75.109.37,1,40
163.33.252.210,1,40
133.149.32.24,1,40
163.33.156.2,1,40
150.75.206.231,1,60
163.33.176.59,1,40
163.33.83.93,1,40
163.33.55.127,1,40
133.149.91.90,1,40
163.33.124.44,1,40
163.33.87.89,1,40
202.198.12.22,1,40
203.77.113.78,1,40
163.33.141.152,13,1456
133.149.67.91,1,40
133.149.162.197,1,40
163.33.29.117,1,40
150.75.191.225,1,40
133.149.199.50,1,40
163.33.9.245,1,40
163.33.153.209,1,44
163.33.228.35,1,44
163.33.135.7,1,40
133.11.121.225,1,40
133.149.60.71,1,40
203.77.6.154,1,40
163.33.239.66,4,177
163.33.38.234,1,40
163.33.30.96,1,40
150.75.151.30,1,40
133.149.64.26,1,576
202.198.38.68,1,40
203.77.14.60,1,40
163.33.17.62,1,40
163.33.0.26,1,40
133.149.206.157,1,40
133.149.15.35,1,40
163.33.141.137,3,181
133.11.82.66,1,40
163.33.80.15,1,49
163.33.24.240,1,40
163.33.137.84,1,40
163.33.119.124,1,40
150.75.20.153,1,40
133.149.212.1,1,44
163.33.119.82,1,40
133.149.231.135,1,40
163.33.42.83,1,40
203.77.45.104,1,40
163.33.46.225,1,40
163.33.164.167,1,40
163.33.139.45,1,40
150.75.205.60,1,40
150.75.241.217,1,40
163.33.27.232,1,40
163.33.11.254,1,40
163.33.126.0,1,40
163.33.188.192,1,64
163.33.183.187,1,40
133.149.82.138,1,40
150.75.99.147,1,40
163.33.111.58,1,40
133.149.217.19,1,40
163.33.71.216,1,40
163.33.28.7,1,40
133.11.112.166,1,40
150.75.39.98,1,40
133.11.95.108,1,40
150.75.67.99,1,40
163.33.55.148,1,40
202.204.56.111,1,40
163.33.15.75,1,58
203.77.92.226,1,40
133.11.78.11,1,40
163.33.27.151,1,40
150.75.113.73,1,40
163.33.171.48,1,40
163.33.189.235,1,40
133.11.106.212,1,40
133.149.30.151,1,44
163.33.101.255,1,40
203.77.2.45,1,40
163.33.137.85,1,40
203.77.112.171,1,40
163.33.125.234,1,44
163.33.28.109,6,240
163.33.132.164,1,40
163.33.179.244,1,40
133.11.82.71,1,60
163.33.214.214,1,60
163.33.87.127,1,40
163.33.71.28,1,40
133.149.145.22,1,40
133.149.114.248,2,80
150.75.111.188,1,40
150.75.79.125,1,40
163.33.49.83,1,40
133.149.201.209,1,40
163.33.108.1,1,40
163.33.73.147,1,40
163.33.179.134,1,40
163.33.6.68,1,40
163.33.221.246,1,40
133.149.21.31,1,40
163.33.58.222,1,40
150.75.228.162,1,40
133.149.129.183,1,40
163.33.125.10,1,40
150.75.42.155,1,40
163.33.18.15,1,40
202.198.52.124,1,40
163.33.254.157,1,40
163.33.250.138,1,40
163.33.164.42,1,40
203.77.125.124,5,496
133.149.209.168,1,40
163.33.184.162,1,40
163.33.175.123,1,40
163.33.26.251,1,40
163.33.26.106,1,40
163.33.29.216,1,40
203.77.66.65,1,40
133.149.10.131,1,40
163.33.253.253,1,44
150.75.107.227,1,40
163.33.250.198,1,40
133.149.96.23,1,40
163.33.239.135,1,40
163.33.100.77,1,40
133.149.75.151,1,52
163.33.54.229,1,40
163.33.7.8,1,40
150.75.142.204,1,40
202.204.62.152,6,401
163.33.199.74,2,92
163.33.27.255,1,40
163.33.201.105,1,40
163.33.68.89,1,44
150.75.28.119,1,40
133.11.106.161,1,40
163.33.164.166,1,40
133.149.130.114,1,48
163.33.232.77,1,40
163.33.149.94,1,40
163.33.186.143,1,40
163.33.175.104,1,40
150.75.194.185,1,40
133.149.76.151,2,80
163.33.149.168,1,40
133.149.233.19,1,40
163.33.91.160,1,40
133.149.7.163,1,40
163.33.91.247,1,40
163.33.89.179,1,40
150.75.181.0,1,40
163.33.203.168,1,40
163.33.204.246,1,40
150.75.85.187,1,44
163.33.250.82,1,40
133.149.57.73,1,40
163.33.133.72,1,40
150.75.143.39,1,40
203.77.85.82,1,40
150.75.96.9,1,294
202.198.35.183,1,40
203.77.51.16,1,40
163.33.76.155,1,40
163.33.211.191,1,40
203.77.57.227,1,40
203.77.43.66,1,40
202.25.107.182,1,52
202.198.36.171,1,40
163.33.230.221,1,40
150.75.217.237,1,40
163.33.3.192,1,40
133.149.25.76,1,44
133.149.187.27,1,40
150.75.92.32,1,40
163.33.89.90,1,40
163.33.79.126,1,40
133.149.167.155,1,40
133.149.33.153,1,40
203.77.125.199,12,7769
133.149.145.83,1,40
133.11.120.49,1,40
163.33.100.100,1,40
203.77.44.117,1,40
202.198.54.170,1,40
163.33.20.66,1,40
163.33.131.98,1,40
150.75.118.39,1,40
133.149.137.255,1,40
163.33.6.45,1,40
150.75.49.126,1,40
163.33.203.189,1,40
163.33.23.96,1,44
133.11.117.201,1,40
150.75.88.130,1,40
163.33.75.117,1,40
163.33.143.48,1,40
133.149.136.103,1,40
163.33.92.12,1,40
133.149.175.97,1,44
150.75.123.30,1,40
133.11.107.88,1,40
150.75.186.115,1,40
163.33.196.87,1,40
163.33.163.165,2,80
163.33.208.69,1,40
150.75.198.35,1,40
163.33.233.127,1,44
133.11.96.13,1,40
133.149.228.30,1,44
163.33.151.170,1,40
133.149.227.216,2,92
133.149.62.102,1,40
150.75.249.67,1,40
133.11.90.52,1,40
133.149.229.219,1,40
133.149.169.191,1,40
163.33.240.235,1,40
163.33.49.236,1,40
163.33.61.239,1,40
150.75.41.136,1,40
163.33.128.172,1,40
163.33.120.253,1,40
133.149.242.117,1,40
133.149.132.201,1,40
163.33.140.9,2,104
203.77.71.74,2,84
203.77.112.199,1,40
163.33.199.229,1,40
203.77.85.182,1,40
133.149.233.200,1,40
163.33.20.74,1,40
163.33.36.210,1,40
163.33.109.104,1,44
133.149.177.109,1,40
163.33.123.99,1,40
163.33.45.18,1,40
133.149.147.10,1,44
163.33.136.174,1,40
163.33.184.253,1,40
133.149.40.27,1,40
133.149.163.151,1,44
133.149.147.115,1,44
163.33.116.84,37,48731
163.33.8.184,1,40
150.75.15.157,1,40
133.149.144.165,1,40
133.11.99.107,1,44
163.33.82.143,1,40
150.75.201.237,1,40
163.33.140.190,1,40
203.77.63.181,1,40
203.77.122.158,1,40
163.33.72.157,1,40
163.33.107.92,2,80
133.11.96.76,1,44
163.33.186.245,1,40
163.33.15.206,1,40
163.33.222.247,1,40
133.149.88.67,1,40
133.149.27.78,1,40
150.75.197.215,1,40
163.33.162.19,1,40
163.33.244.55,1,40
163.33.95.79,1,40
150.75.61.75,1,40
163.33.164.64,1,40
163.33.143.184,1,40
133.149.77.27,1,40
150.75.113.20,1,576
150.75.50.177,1,40
150.75.216.121,1,40
150.75.247.193,1,60
133.149.181.185,1,40
163.33.123.183,1,40
133.149.13.107,2,248
163.33.247.67,1,40
150.75.67.240,1,40
133.11.122.158,1,40
163.33.152.118,1,40
163.33.150.80,1,40
163.33.220.162,1,40
163.33.41.191,1,40
163.33.68.102,1,40
163.33.213.75,1,40
163.33.225.104,1,40
163.33.103.153,1,40
163.33.130.33,1,40
202.198.51.44,1,44
163.33.244.91,1,40
163.33.92.44,1,71
150.75.194.226,1,40
133.11.124.100,1,40
163.33.50.144,1,40
163.33.81.61,1,40
163.33.33.191,1,40
203.77.49.17,1,40
150.75.81.19,1,44
163.33.127.126,1,40
133.149.163.118,1,40
133.11.66.85,1,40
163.33.26.127,1,40
163.33.234.234,1,40
133.149.175.153,1,40
150.75.52.26,1,40
150.75.223.166,1,40
163.33.76.199,1,40
163.33.211.60,1,60
203.77.126.33,1,40
150.75.138.181,1,40
163.33.147.182,1,40
202.198.9.66,1,40
133.149.81.22,1,40
150.75.213.168,1,40
150.75.26.252,1,40
150.75.101.222,1,40
133.149.4.141,1,40
163.33.240.233,1,40
133.149.233.240,1,40
150.75.183.237,1,40
163.33.212.230,1,40
202.198.5.75,1,40
163.33.13.143,1,40
203.77.24.109,1,40
150.75.250.249,1,40
163.33.140.15,2,301
163.33.61.126,1,40
163.33.160.229,1,40
163.33.251.130,7,1102
133.149.17.29,1,40
150.75.143.160,1,44
133.11.122.177,1,40
163.33.59.8,1,40
133.149.70.24,1,52
203.77.43.242,1,40
203.77.40.221,1,40
150.75.154.205,1,44
133.11.115.192,1,40
163.33.167.21,1,40
133.11.67.154,1,40
163.33.149.141,1,40
203.77.41.34,1,40
133.11.68.118,1,40
133.149.75.217,1,40
133.149.153.110,1,44
150.75.16.27,1,40
163.33.251.93,1,44
133.11.76.40,1,40
163.33.23.63,1,40
133.149.173.96,1,40
163.33.12.216,1,40
150.75.102.176,1,40
163.33.55.6,1,40
163.33.11.69,1,40
150.75.16.25,2,80
150.75.15.32,1,28
133.149.179.225,1,40
163.33.141.55,1,44
163.33.93.198,1,40
150.75.187.157,2,92
163.33.25.144,1,40
163.33.41.76,1,40
163.33.77.81,1,40
133.149.48.184,1,40
163.33.105.106,2,371
163.33.101.19,1,40
163.33.93.57,1,40
163.33.177.250,1,40
150.75.126.173,2,1152
202.198.61.165,1,68
163.33.2.222,1,40
163.33.37.108,1,40
202.204.63.45,1,40
163.33.67.185,1,40
133.11.118.209,1,40
163.33.16.156,1,40
163.33.87.155,1,40
163.33.68.180,1,40
163.33.253.16,1,40
150.75.188.40,1,44
150.75.40.246,1,40
150.75.111.0,1,40
133.149.228.1,1,40
133.149.184.36,1,44
163.33.199.173,1,40
203.77.118.40,1,40
163.33.209.127,1,40
163.33.201.49,1,40
150.75.30.83,1,40
163.33.208.39,1,40
163.33.18.100,1,40
163.33.15.223,1,40
150.75.156.0,1,40
163.33.201.247,2,462
133.11.77.37,1,40
150.75.219.106,1,40
163.33.20.61,1,44
133.149.95.178,1,60
150.75.138.141,1,40
202.198.22.161,1,40
133.11.68.77,1,40
163.33.13.134,1,40
163.33.197.167,1,40
133.149.198.11,1,40
150.75.201.67,1,40
163.33.224.12,1,44
133.149.154.206,1,44
163.33.225.50,1,40
202.198.45.238,1,40
163.33.38.45,1,40
163.33.115.50,1,40
163.33.244.207,1,40
203.77.19.105,1,40
133.149.95.64,1,44
203.77.87.239,1,60
163.33.10.206,1,40
163.33.180.182,1,40
133.149.90.238,2,84
150.75.116.254,1,40
133.11.108.171,1,40
133.149.3.121,1,40
163.33.133.15,1,40
133.149.254.32,1,44
150.75.248.208,1,40
163.33.2.193,1,40
133.11.99.241,1,40
202.204.62.131,1,40
133.149.55.143,1,44
163.33.13.188,1,40
150.75.47.156,1,40
150.75.112.28,1,44
163.33.117.200,1,40
163.33.112.22,1,40
150.75.14.51,1,40
163.33.93.51,1,40
163.33.192.23,1,40
163.33.221.167,1,40
150.75.173.210,1,40
133.149.110.245,1,44
163.33.167.209,1,40
133.149.104.43,1,44
163.33.12.156,1,52
163.33.25.238,1,40
133.11.89.142,1,40
163.33.67.67,1,40
163.33.9.79,1,40
163.33.182.154,1,40
133.11.70.74,1,52
133.11.123.124,1,44
163.33.60.151,1,40
203.77.126.77,1,40
163.33.15.137,1,40
133.149.171.124,1,40
163.33.30.86,1,40
202.198.42.138,1,40
163.33.70.115,1,40
133.149.12.2,2,84
150.75.50.251,1,40
163.33.215.142,1,44
133.149.14.81,1,44
202.198.51.198,1,40
150.75.188.145,1,44
150.75.202.27,1,40
133.149.186.197,1,44
133.149.17.213,1,40
133.11.96.112,1,48
163.33.56.184,1,44
150.75.219.208,1,40
163.33.93.67,1,40
150.75.75.204,1,40
133.11.117.29,1,40
203.77.83.244,1,40
133.149.133.12,1,40
163.33.29.75,1,40
150.75.131.172,1,40
133.11.98.20,1,40
133.149.184.84,1,44
150.75.111.139,1,40
150.75.58.209,1,40
133.149.106.164,1,44
150.75.92.197,1,60
163.33.212.193,1,40
150.75.46.34,1,40
150.75.79.212,1,40
133.149.97.133,1,40
163.33.41.189,1,40
150.75.27.10,1,40
133.11.94.223,1,40
133.149.156.81,1,40
163.33.94.214,1,40
150.75.228.213,1,44
133.149.238.206,1,40
150.75.251.97,1,40
133.149.170.209,1,40
203.77.97.215,1,40
202.25.107.187,3,120
203.77.84.157,1,40
133.149.62.179,1,40
133.11.94.148,1,40
150.75.177.22,1,40
163.33.91.127,1,40
163.33.245.23,1,40
150.75.21.131,1,40
163.33.251.92,5,806
203.77.104.127,2,80
163.33.133.193,1,40
150.75.184.31,1,40
163.33.228.145,1,40
133.149.87.128,1,40
163.33.4.203,1,40
150.75.3.143,1,40
163.33.18.121,1,40
133.149.35.25,6,288
150.75.217.150,1,44
163.33.28.174,1,40
150.75.173.214,1,40
133.149.159.95,2,80
133.149.255.119,1,40
163.33.20.200,1,40
133.149.76.158,1,40
133.149.46.196,1,40
150.75.94.151,1,40
163.33.220.12,1,40
133.149.168.60,1,40
163.33.18.129,1,40
150.75.51.205,1,40
163.33.188.47,2,104
150.75.163.94,1,40
163.33.204.97,1,40
163.33.94.94,1,52
150.75.130.43,1,40
133.149.68.56,1,40
163.33.157.206,1,40
203.77.1.90,1,40
163.33.52.16,1,40
163.33.173.246,1,40
163.33.182.121,1,44
203.77.84.236,1,44
133.149.143.88,1,40
133.149.26.100,1,40
133.149.38.85,1,44
133.149.215.1,1,40
163.33.20.146,1,40
202.198.6.252,1,40
133.149.244.231,1,40
203.77.113.163,1,97
203.77.74.224,1,40
163.33.175.92,1,40
150.75.225.123,1,576
163.33.151.39,1,40
133.149.238.253,1,40
163.33.2.196,2,80
163.33.39.237,1,40
133.149.24.136,1,134
163.33.205.218,1,40
133.149.74.60,1,40
163.33.7.91,1,40
133.11.93.214,1,44
203.77.122.194,4,384
202.198.8.12,1,40
203.77.110.182,2,88
133.149.56.178,1,40
163.33.30.85,1,40
150.75.74.97,1,40
163.33.197.60,1,44
163.33.60.133,1,40
163.33.215.221,1,40
150.75.85.139,1,40
163.33.47.105,1,44
133.149.246.107,1,40
163.33.188.211,1,40
163.33.46.203,1,40
133.149.28.59,1,40
163.33.108.165,1,40
133.149.120.213,1,40
150.75.175.7,1,40
163.33.167.103,1,40
163.33.68.234,1,52
163.33.181.219,1,40
202.204.60.2,2,135
163.33.164.33,1,44
150.75.125.68,1,40
163.33.79.253,1,40
203.77.0.154,1,40
163.33.64.248,1,40
163.33.110.55,1,40
203.77.86.158,1,40
163.33.197.144,1,40
150.75.156.223,1,44
163.33.155.224,1,40
163.33.240.188,1,40
163.33.77.26,1,40
163.33.126.189,1,40
163.33.251.60,37,8411
163.33.140.1,1,40
163.33.249.77,6,673
133.149.166.56,1,40
150.75.227.198,1,40
150.75.184.15,1,40
133.149.22.166,1,40
133.149.127.46,1,40
163.33.27.127,1,40
202.198.56.54,1,40
203.77.96.192,1,44
163.33.228.235,1,40
163.33.120.154,1,40
203.77.111.154,1,40
163.33.102.35,1,40
133.149.15.150,1,40
150.75.96.103,1,40
163.33.93.142,1,40
203.77.17.126,1,44
203.77.46.43,1,44
163.33.117.234,1,40
133.11.99.143,1,40
150.75.217.100,1,44
133.149.166.72,1,40
133.149.21.32,1,48
133.149.220.246,1,40
150.75.97.162,1,40
150.75.255.152,1,40
163.33.241.53,1,40
163.33.107.152,1,40
133.149.21.95,1,48
163.33.16.254,1,40
150.75.144.250,1,44
163.33.143.76,1,40
163.33.141.36,140,134901
163.33.69.144,1,40
150.75.166.177,1,40
203.77.73.171,1,40
133.149.10.102,1,40
150.75.197.228,1,60
203.77.110.246,1,40
133.149.28.69,1,40
202.198.6.214,1,40
133.149.11.82,1,40
133.149.44.18,1,40
163.33.110.170,1,44
150.75.32.155,1,44
133.149.215.127,1,40
163.33.228.105,9,1039
163.33.17.9,1,40
203.77.81.19,1,40
133.11.124.165,1,40
133.11.110.175,1,40
150.75.98.184,1,40
202.198.52.63,1,40
150.75.101.71,1,40
150.75.111.161,1,40
133.149.213.14,1,40
150.75.108.14,1,40
163.33.203.35,1,40
133.149.188.236,1,40
163.33.108.214,1,40
133.149.168.70,2,88
163.33.60.174,1,40
203.77.110.23,1,40
150.75.112.178,1,40
150.75.61.45,1,40
150.75.112.194,1,40
133.149.55.54,1,40
150.75.7.52,1,40
150.75.82.27,1,40
133.11.110.128,1,40
203.77.120.153,2,80
163.33.100.185,1,40
133.149.221.199,1,40
163.33.176.139,1,40
133.149.54.239,1,40
133.11.103.243,1,48
203.77.125.141,9,3735
133.149.121.171,1,40
163.33.191.238,19,9932
150.75.248.34,1,40
163.33.240.158,1,40
202.204.57.218,1,40
150.75.248.161,1,44
163.33.223.213,1,40
202.25.109.93,1,40
150.75.44.172,1,40
202.198.28.64,1,40
150.75.117.31,1,40
163.33.33.41,2,80
163.33.38.238,1,40
133.149.126.104,1,40
150.75.221.100,1,44
150.75.236.43,1,40
163.33.43.127,1,40
203.77.14.184,1,40
150.75.238.130,1,44
133.149.253.66,1,40
163.33.92.164,1,40
163.33.195.222,1,40
150.75.129.231,1,40
163.33.205.124,1,40
163.33.2.59,1,40
163.33.78.249,1,40
202.198.50.72,1,40
150.75.137.139,1,40
163.33.99.101,1,40
163.33.48.121,1,40
150.75.178.159,1,44
133.149.242.113,1,40
133.149.108.236,1,40
163.33.29.180,1,40
163.33.106.165,1,40
202.198.23.123,1,60
163.33.197.86,1,40
133.149.218.250,1,40
150.75.144.234,1,40
163.33.190.142,1,40
163.33.240.30,1,40
163.33.5.40,1,40
133.11.110.88,1,40
163.33.196.114,1,40
150.75.229.13,1,40
163.33.42.207,1,40
163.33.217.141,1,40
163.33.172.137,1,40
163.33.35.5,1,40
163.33.231.17,1,40
163.33.212.116,1,40
163.33.231.104,1,40
163.33.142.108,1,40
133.149.58.238,1,40
150.75.73.200,1,40
163.33.54.2,1,40
133.11.77.122,1,40
163.33.125.112,1,40
163.33.240.61,2,80
163.33.209.55,1,40
133.149.6.222,1,40
150.75.179.29,1,40
163.33.7.176,1,40
163.33.248.243,1,40
163.33.135.122,1,40
150.75.255.215,1,40
163.33.144.30,1,40
150.75.237.198,1,40
133.149.94.96,1,40
163.33.32.246,1,40
163.33.162.59,1,40
150.75.46.64,1,40
163.33.182.230,1,40
133.149.21.189,1,40
203.77.83.162,1,40
163.33.99.55,1,40
163.33.195.169,1,40
163.33.42.174,1,40
202.198.53.228,1,40
163.33.115.12,1,40
163.33.142.67,1,40
163.33.248.107,1,40
133.149.176.63,1,40
202.198.0.47,1,40
133.149.249.254,1,44
150.75.92.10,1,40
163.33.125.121,1,40
150.75.90.50,1,40
163.33.147.87,1,40
150.75.167.89,1,44
150.75.188.231,1,40
163.33.254.57,1,40
163.33.246.67,1,40
202.198.58.126,1,40
163.33.56.232,1,40
150.75.121.175,1,40
163.33.52.196,1,40
150.75.239.254,1,40
150.75.248.47,1,40
150.75.28.51,1,40
133.149.31.101,1,44
163.33.36.107,1,40
163.33.6.209,1,40
133.149.255.65,1,40
163.33.99.33,1,40
133.149.75.52,1,44
163.33.116.121,1,40
133.11.66.53,1,40
150.75.70.57,1,40
163.33.214.140,1,40
133.11.89.0,1,78
150.75.220.102,1,40
203.77.77.134,1,40
133.149.242.80,1,40
163.33.142.58,1,40
133.149.37.84,1,44
163.33.75.186,1,40
150.75.78.233,1,40
133.149.191.194,1,40
163.33.104.62,1,40
163.33.85.14,1,40
163.33.184.245,1,40
163.33.194.37,1,40
163.33.132.171,1,40
163.33.51.223,1,40
163.33.150.234,1,40
163.33.239.42,16,2401
133.149.252.154,1,40
133.149.239.121,2,80
202.198.7.184,1,44
163.33.95.83,1,40
150.75.97.227,1,40
150.75.129.193,1,44
163.33.47.149,1,40
163.33.164.210,1,40
203.77.57.56,1,40
203.77.12.255,1,40
202.198.26.233,1,44
163.33.201.169,1,40
133.149.129.91,1,44
163.33.162.251,1,40
150.75.88.86,1,44
163.33.92.63,1,40
163.33.72.166,1,40
203.77.94.230,1,40
163.33.172.12,1,40
133.11.111.244,1,40
150.75.114.218,1,40
163.33.134.118,1,40
203.77.100.247,1,40
163.33.109.165,1,40
133.149.40.87,1,48
163.33.183.42,2,80
163.33.230.77,1,40
133.149.166.109,1,40
163.33.177.48,1,40
163.33.52.50,1,40
133.149.208.9,1,40
133.149.158.122,1,40
150.75.155.189,1,44
150.75.31.212,1,44
133.149.62.67,1,40
150.75.237.25,1,44
163.33.201.226,1,40
163.33.87.49,1,40
133.149.37.124,1,40
202.198.51.145,1,40
133.149.94.181,1,40
203.77.114.70,3,185
163.33.98.91,1,40
150.75.209.178,1,40
150.75.180.59,1,40
133.149.235.109,1,40
163.33.67.229,1,44
203.77.30.243,1,40
133.149.191.236,1,40
163.33.75.151,1,40
150.75.143.164,1,40
163.33.6.44,1,40
203.77.58.200,1,44
163.33.61.43,1,40
163.33.63.168,2,135
163.33.225.123,1,40
163.33.168.83,1,40
150.75.219.41,1,44
163.33.102.218,1,40
203.77.112.207,2,80
163.33.71.188,1,40
202.198.20.153,1,52
133.149.210.247,1,52
150.75.106.27,1,40
150.75.245.245,1,40
133.149.104.247,1,40
163.33.94.107,1,40
202.198.51.187,1,40
163.33.86.0,1,40
163.33.141.23,2,104
163.33.110.173,1,40
163.33.140.229,2,152
163.33.125.242,1,40
133.149.10.203,1,40
133.149.145.194,1,40
202.204.62.57,1,40
163.33.119.203,1,40
133.149.51.54,1,40
163.33.199.2,1,40
150.75.91.204,1,40
163.33.184.218,1,40
133.11.65.19,1,44
163.33.119.217,1,40
150.75.36.137,1,40
133.149.24.85,1,40
150.75.77.157,1,40
150.75.9.170,1,40
150.75.176.173,1,40
163.33.34.2,1,44
163.33.18.43,1,40
163.33.24.23,1,40
163.33.43.67,1,40
150.75.42.140,1,40
203.77.85.15,1,40
163.33.91.146,1,40
202.204.60.31,1,60
133.149.178.1,1,40
150.75.253.232,1,44
163.33.104.103,1,40
163.33.82.45,1,40
150.75.207.95,1,40
163.33.167.89,1,40
133.149.146.13,1,40
163.33.66.72,1,40
163.33.232.177,1,40
133.149.153.24,1,40
133.149.109.99,1,40
163.33.34.149,1,40
133.149.180.111,2,80
133.149.59.160,1,60
203.77.70.138,1,40
150.75.222.102,1,40
133.149.183.224,1,40
150.75.94.98,1,44
133.149.205.198,1,40
163.33.131.159,1,40
203.77.119.114,4,237
150.75.95.235,1,40
133.149.129.181,1,40
163.33.206.40,1,40
133.149.97.43,1,40
163.33.17.7,1,40
163.33.146.199,1,40
163.33.39.32,1,40
163.33.175.161,1,40
203.77.85.41,1,40
163.33.0.235,1,40
203.77.18.74,1,40
163.33.232.200,21,1376
150.75.126.239,1,40
150.75.164.200,1,40
202.198.7.187,1,40
163.33.176.22,1,40
133.149.188.174,1,40
163.33.136.22,1,40
163.33.30.48,1,44
133.149.2.241,1,40
163.33.57.154,1,76
163.33.9.150,1,40
163.33.255.215,1,40
150.75.159.253,1,40
163.33.22.130,1,40
163.33.105.28,1,40
133.149.130.29,1,40
133.149.88.103,1,40
150.75.41.197,1,44
163.33.141.171,1,40
133.149.96.125,1,40
163.33.132.55,1,40
150.75.177.56,1,60
163.33.71.116,1,40
133.149.43.146,1,40
163.33.133.80,1,40
163.33.214.253,1,40
150.75.2.195,1,44
203.77.44.209,1,40
163.33.52.80,1,40
133.149.96.206,1,40
163.33.195.7,1,40
150.75.252.181,1,40
133.149.144.144,1,40
150.75.70.239,1,40
163.33.95.64,1,40
203.77.112.233,2,80
133.11.86.142,1,40
163.33.50.192,1,40
133.149.223.222,1,40
133.149.100.80,1,40
203.77.92.51,1,40
133.149.139.74,1,44
163.33.89.251,1,40
163.33.41.127,1,40
163.33.81.179,1,40
203.77.16.232,1,40
203.77.78.220,1,40
133.149.104.238,1,44
203.77.124.199,1,40
133.11.74.196,1,44
163.33.64.111,1,40
133.149.101.136,1,40
202.198.57.73,1,40
133.149.71.27,1,44
203.77.109.49,1,40
163.33.236.11,1,40
150.75.138.15,1,576
133.149.253.15,1,40
163.33.93.52,5,302
150.75.179.6,1,40
163.33.48.138,1,40
133.149.145.86,1,40
150.75.212.61,1,40
202.198.24.3,1,40
202.198.34.107,1,40
203.77.36.13,1,40
163.33.192.234,1,44
163.33.76.118,1,40
163.33.249.12,1,40
163.33.58.136,1,40
163.33.45.120,1,40
163.33.61.20,1,40
163.33.127.42,1,40
163.33.33.224,1,40
163.33.101.22,1,44
133.149.115.224,1,40
163.33.220.26,1,40
163.33.211.100,1,40
150.75.100.178,1,40
163.33.85.220,1,52
163.33.170.174,1,40
202.198.24.194,1,40
133.149.237.129,1,40
203.77.88.172,1,44
163.33.154.130,1,40
203.77.36.41,3,120
133.149.26.223,1,40
150.75.240.90,1,40
133.149.240.92,1,40
150.75.142.80,1,40
163.33.79.105,1,40
163.33.169.181,1,40
163.33.57.143,1,40
163.33.81.169,1,40
150.75.70.60,1,52
163.33.110.96,1,40
133.149.86.186,1,40
202.198.52.89,1,40
150.75.165.218,1,40
163.33.36.249,3,195
202.25.107.130,1,52
203.77.124.182,7,1121
133.149.208.255,1,40
163.33.70.79,1,40
203.77.121.71,1,136
150.75.77.179,1,40
203.77.37.133,2,80
133.149.239.180,1,40
150.75.188.219,1,40
163.33.28.65,1,40
133.149.54.248,1,40
133.149.233.122,1,60
133.149.31.190,1,40
163.33.241.169,1,40
150.75.120.254,1,44
133.149.221.147,1,40
163.33.163.136,1,44
163.33.102.63,1,40
150.75.179.71,1,40
163.33.51.143,1,40
133.149.2.89,1,40
163.33.13.191,1,40
163.33.65.232,1,40
163.33.216.232,1,40
163.33.133.198,1,40
163.33.200.213,1,40
150.75.183.129,1,40
163.33.45.171,1,40
150.75.158.228,1,40
163.33.134.155,1,52
150.75.203.243,1,44
150.75.56.168,1,40
203.77.27.246,1,40
150.75.21.175,1,40
203.77.124.46,1,40
202.198.19.55,1,52
150.75.98.127,1,44
150.75.76.251,1,40
133.149.62.12,1,40
163.33.84.81,1,40
203.77.81.5,1,44
163.33.120.246,1,40
133.149.153.12,1,40
150.75.169.197,1,40
163.33.178.99,1,40
203.77.60.53,1,40
133.149.29.131,1,44
150.75.76.171,1,40
163.33.152.213,1,40
150.75.42.207,1,44
133.149.106.52,1,40
133.11.72.111,1,40
163.33.52.194,1,40
163.33.104.56,1,40
163.33.184.29,1,40
133.149.44.205,1,40
133.149.214.145,1,40
163.33.139.178,1,40
163.33.205.237,1,40
133.11.125.57,1,40
163.33.69.62,1,40
150.75.121.55,1,44
150.75.109.190,1,40
163.33.167.211,1,40
163.33.131.196,1,40
163.33.12.104,1,83
150.75.56.230,1,40
163.33.164.241,1,40
163.33.176.66,1,52
163.33.197.17,1,40
163.33.233.11,1,40
133.149.142.187,1,40
150.75.30.196,1,40
133.11.87.19,1,40
163.33.86.151,1,40
203.77.50.81,1,52
163.33.56.43,2,80
163.33.195.27,1,44
133.149.79.97,1,40
150.75.80.178,1,44
150.75.52.78,1,52
203.77.9.140,1,40
163.33.48.228,1,40
133.149.133.25,1,52
163.33.115.99,1,40
163.33.33.245,1,40
163.33.97.31,1,40
133.149.35.70,1,44
163.33.30.226,1,40
133.149.104.45,1,40
150.75.22.247,1,40
203.77.49.10,1,40
163.33.33.201,1,40
163.33.9.115,1,40
163.33.106.91,1,40
163.33.122.203,1,40
133.149.185.81,1,40
163.33.77.185,1,40
150.75.95.44,1,40
150.75.3.111,1,40
202.198.28.165,1,40
133.149.26.115,1,40
163.33.160.96,1,40
133.149.115.234,1,48
163.33.62.142,1,40
133.149.104.103,1,40
163.33.53.206,1,40
150.75.254.254,1,40
150.75.73.143,1,40
150.75.164.156,1,40
133.149.142.200,1,40
133.11.95.206,1,48
163.33.28.16,1,40
163.33.234.205,1,40
163.33.6.128,1,40
163.33.62.89,1,40
133.149.228.221,2,1152
163.33.171.137,1,40
163.33.174.22,5,244
150.75.11.148,1,40
163.33.84.201,1,40
133.149.25.81,1,40
203.77.36.183,1,40
150.75.26.243,1,40
163.33.168.1,1,40
150.75.184.51,1,40
133.149.93.117,1,40
202.198.26.109,1,40
163.33.244.95,13,739
203.77.45.212,1,40
163.33.122.156,1,40
133.149.29.102,1,40
163.33.104.22,1,40
163.33.133.165,1,40
150.75.44.87,1,57
163.33.129.101,1,40
133.149.206.117,1,40
163.33.230.167,1,40
163.33.231.220,1,40
133.11.110.147,1,40
163.33.7.71,1,40
163.33.202.101,1,40
203.77.37.179,1,44
163.33.218.146,1,40
163.33.188.13,1,52
163.33.6.108,1,40
133.149.210.177,1,40
150.75.232.209,1,40
133.11.120.223,1,40
163.33.147.210,1,40
163.33.166.26,1,40
163.33.60.229,1,40
133.149.65.144,1,44
163.33.240.167,1,44
203.77.57.60,1,40
163.33.106.113,2,80
163.33.69.17,1,40
150.75.33.87,1,40
163.33.172.185,1,40
163.33.42.177,1,40
163.33.127.29,1,44
163.33.67.158,2,80
163.33.4.117,1,40
133.11.68.120,1,40
133.149.91.167,1,40
133.11.88.125,1,40
163.33.96.32,1,40
163.33.235.135,1,40
133.149.183.170,1,40
163.33.247.97,1,40
133.149.194.188,1,40
163.33.67.178,1,40
203.77.105.105,1,40
133.149.203.243,1,40
202.198.0.214,1,44
150.75.153.51,1,40
133.149.118.85,1,40
163.33.105.131,1,40
163.33.59.178,1,40
163.33.237.211,1,40
202.25.109.86,1,40
133.149.155.123,2,80
163.33.67.225,1,44
163.33.4.202,1,40
163.33.77.163,1,40
203.77.60.95,1,44
163.33.37.224,1,40
163.33.215.226,1,40
163.33.90.221,1,40
163.33.42.222,1,40
163.33.145.247,1,40
150.75.21.209,1,40
150.75.211.76,1,40
163.33.10.50,1,40
150.75.19.86,1,40
150.75.234.160,1,40
150.75.169.17,1,40
163.33.227.172,1,40
133.149.191.254,1,44
133.149.187.24,1,40
133.149.225.194,1,40
203.77.105.170,1,40
163.33.203.0,2,155
163.33.150.116,1,40
133.149.51.51,1,40
133.11.76.205,1,52
163.33.237.188,1,44
163.33.64.58,1,40
203.77.86.241,1,40
163.33.120.40,1,40
163.33.74.41,1,40
163.33.65.72,1,40
150.75.208.226,2,1310
133.149.172.212,2,80
150.75.216.231,1,40
163.33.27.56,1,40
163.33.57.35,1,40
163.33.108.19,1,40
163.33.206.157,1,40
150.75.233.20,1,40
163.33.94.56,2,80
133.149.71.189,1,40
150.75.116.90,1,48
163.33.45.188,1,40
163.33.84.214,1,40
150.75.99.177,2,80
203.77.34.163,1,40
133.149.216.108,2,120
203.77.4.15,1,40
133.149.149.136,2,80
150.75.223.117,1,44
163.33.4.128,1,40
163.33.66.127,1,40
163.33.0.100,1,40
150.75.119.147,1,40
163.33.85.255,1,40
133.11.127.34,1,40
163.33.139.42,1,40
202.25.107.199,1,40
202.198.53.91,1,40
133.11.83.225,1,40
202.25.109.207,1,40
150.75.250.85,1,44
133.149.65.157,1,40
163.33.202.40,1,40
163.33.244.13,1,101
163.33.106.231,1,40
203.77.80.222,1,40
163.33.75.160,1,40
133.149.128.154,1,40
133.149.193.207,1,44
133.149.41.80,1,40
163.33.235.17,1,40
150.75.250.204,1,40
150.75.204.75,1,45
133.149.9.145,1,44
150.75.81.28,1,44
150.75.59.165,1,40
203.77.44.170,1,40
163.33.235.181,1,40
133.149.44.105,1,40
150.75.31.116,1,40
163.33.166.159,1,40
163.33.131.57,1,40
163.33.204.245,1,40
133.149.93.27,1,40
150.75.125.51,1,35
163.33.153.156,1,40
150.75.88.158,1,40
163.33.106.14,1,40
150.75.160.229,1,44
203.77.69.81,1,40
203.77.60.36,1,40
150.75.208.243,1,40
163.33.58.212,1,44
133.149.127.210,1,40
203.77.24.227,1,44
163.33.239.47,2,167
203.77.120.255,2,110
150.75.157.241,1,40
150.75.118.22,1,76
133.149.104.59,1,40
163.33.218.22,1,40
163.33.153.245,1,40
203.77.59.20,1,40
163.33.16.128,1,40
133.149.53.87,1,40
163.33.172.144,1,40
133.11.116.194,3,120
163.33.80.95,1,60
133.11.126.196,1,40
203.77.85.201,1,40
133.149.51.102,1,40
163.33.44.136,1,40
163.33.135.178,1,40
150.75.135.212,1,40
203.77.66.187,1,40
203.77.91.103,1,40
133.149.29.246,1,40
133.149.171.146,1,40
133.149.88.25,1,44
150.75.99.130,1,40
133.149.90.182,1,40
150.75.101.64,1,40
133.11.115.176,1,40
133.11.84.147,1,40
163.33.2.6,1,40
163.33.61.200,1,40
163.33.254.124,1,40
133.11.102.154,1,40
133.149.131.218,1,40
163.33.77.192,1,40
133.149.75.55,1,40
133.11.109.80,1,40
163.33.17.80,2,92
133.149.139.168,1,40
163.33.42.49,1,40
163.33.80.201,1,40
163.33.121.120,1,40
163.33.216.219,1,40
133.11.127.58,1,40
133.149.84.109,1,40
163.33.177.3,1,40
133.149.100.94,1,52
163.33.238.143,1,40
163.33.150.45,1,40
133.149.226.189,2,88
150.75.30.253,1,40
163.33.62.93,1,40
133.149.206.115,1,44
133.149.157.65,1,40
150.75.202.236,1,40
133.149.31.160,1,40
163.33.27.93,1,44
150.75.225.204,1,40
163.33.239.79,1,40
133.11.87.108,1,44
203.77.126.170,1,52
133.149.81.194,1,40
203.77.44.172,2,80
163.33.240.41,2,80
133.149.30.64,1,40
133.149.219.35,1,40
203.77.7.128,1,40
150.75.175.144,1,40
163.33.206.233,1,40
150.75.101.67,1,40
163.33.0.178,1,40
133.149.254.208,1,40
163.33.126.60,1,40
202.198.15.223,2,120
163.33.41.139,1,40
133.11.123.247,1,40
163.33.203.41,1,40
203.77.83.75,1,40
203.77.69.172,1,40
163.33.92.169,8,1944
150.75.241.7,2,104
150.75.129.127,1,40
163.33.253.157,1,40
150.75.25.122,1,40
163.33.12.170,1,40
163.33.94.42,9,1042
133.149.164.195,1,40
150.75.226.44,1,40
203.77.114.231,1,40
163.33.234.229,1,72
150.75.129.85,1,52
133.149.65.24,1,40
133.149.242.11,1,40
163.33.132.68,21,9441
150.75.176.24,1,40
202.198.6.11,1,40
150.75.75.161,1,40
163.33.65.105,1,40
150.75.20.187,1,576
203.77.79.106,1,40
133.149.19.95,1,40
163.33.205.152,1,58
163.33.97.7,1,40
150.75.61.153,1,40
150.75.195.253,1,40
150.75.170.123,1,40
150.75.64.231,1,40
133.149.14.70,1,40
163.33.141.159,1,40
150.75.167.239,1,40
163.33.160.211,1,40
203.77.93.144,1,44
133.11.120.151,1,44
203.77.17.142,1,40
133.149.95.155,1,40
150.75.145.70,1,40
150.75.169.236,1,40
203.77.43.130,1,40
150.75.93.50,1,40
133.149.234.63,1,40
133.149.217.116,1,40
150.75.51.135,1,40
203.77.17.207,1,40
203.77.24.173,1,40
202.198.34.233,1,40
203.77.41.235,1,40
133.149.143.121,1,40
133.11.85.4,1,40
203.77.58.232,1,40
163.33.203.152,1,40
202.198.19.242,2,80
163.33.95.59,1,40
150.75.0.103,1,40
203.77.121.97,2,176
133.149.91.202,1,40
150.75.44.42,1,40
150.75.200.83,1,40
202.198.55.225,1,44
150.75.33.44,1,40
150.75.85.81,1,40
150.75.70.58,1,40
163.33.96.37,1,40
163.33.132.238,1,44
150.75.219.214,1,44
203.77.124.185,1,40
150.75.160.40,2,80
202.198.9.241,1,40
203.77.124.94,1,40
133.149.8.21,1,40
133.149.151.141,1,44
133.149.111.128,1,40
133.149.25.63,1,40
133.149.25.248,1,40
202.198.9.163,1,40
150.75.47.202,1,40
163.33.101.158,1,40
163.33.36.105,1,40
133.149.142.34,1,44
163.33.47.213,1,40
150.75.170.187,1,40
150.75.11.223,1,40
203.77.86.218,1,40
163.33.172.17,1,44
163.33.121.7,1,40
163.33.210.220,1,40
133.149.254.191,1,40
150.75.160.200,1,40
133.149.150.105,1,40
203.77.80.183,1,44
203.77.102.41,1,40
133.149.170.97,1,40
163.33.177.54,1,40
150.75.64.10,1,40
133.149.14.188,1,40
133.149.251.190,1,44
203.77.73.5,1,40
163.33.49.181,1,40
163.33.101.144,1,40
203.77.17.25,1,40
133.149.5.45,1,40
203.77.10.121,1,40
133.149.172.74,1,40
150.75.6.145,1,40
133.149.150.110,1,40
163.33.185.180,1,40
163.33.235.73,8,1898
163.33.213.180,1,44
202.198.22.132,1,40
163.33.90.123,1,40
163.33.136.109,2,80
150.75.44.93,1,40
133.11.78.58,1,40
203.77.39.231,1,40
150.75.224.131,1,40
150.75.9.169,1,40
163.33.117.5,1,40
133.149.52.120,1,44
163.33.149.230,1,44
202.198.62.115,1,44
150.75.202.161,1,40
150.75.128.95,1,40
150.75.152.161,1,40
150.75.180.178,1,40
163.33.92.185,2,80
163.33.199.111,2,80
163.33.43.98,1,44
150.75.251.113,1,40
203.77.52.149,1,40
133.11.123.14,1,44
163.33.238.17,1,40
150.75.226.203,1,40
163.33.140.131,25,27836
163.33.124.31,1,40
133.149.26.120,1,40
163.33.10.54,1,40
203.77.39.224,1,40
163.33.80.144,1,74
163.33.15.5,1,40
163.33.167.36,1,40
133.149.124.1,1,40
163.33.142.192,1,40
163.33.85.76,1,40
133.11.69.42,1,60
150.75.18.242,1,40
133.149.165.165,1,40
150.75.120.114,1,40
163.33.71.47,1,40
163.33.61.40,1,40
203.77.10.124,1,40
203.77.87.126,1,44
163.33.36.133,1,40
163.33.136.45,1,40
150.75.157.87,1,40
150.75.7.35,1,40
150.75.149.247,1,40
150.75.150.10,1,44
203.77.41.21,1,40
163.33.227.249,1,44
163.33.15.178,1,40
133.149.62.152,1,40
163.33.67.62,1,40
150.75.44.10,1,40
133.149.76.115,1,40
163.33.131.92,1,40
150.75.106.8,1,40
133.149.248.252,1,40
163.33.91.132,1,40
150.75.97.87,1,40
163.33.104.71,1,40
202.198.20.10,1,40
202.198.53.120,1,40
150.75.47.192,1,40
150.75.233.42,1,40
150.75.110.74,1,40
163.33.14.234,1,40
150.75.26.21,1,28
163.33.104.1,1,40
150.75.151.2,1,40
150.75.31.13,1,40
150.75.84.178,1,40
163.33.14.167,1,40
163.33.106.144,1,56
133.149.159.142,1,60
203.77.12.35,1,40
163.33.73.174,2,80
163.33.236.52,2,80
163.33.65.42,1,40
150.75.172.179,1,40
133.149.57.40,1,40
203.77.95.73,1,40
163.33.168.253,1,40
133.149.59.252,1,60
150.75.254.140,1,40
163.33.238.52,1,76
202.198.20.45,1,52
133.149.3.84,1,40
150.75.71.2,1,40
203.77.107.177,1,40
150.75.91.45,1,44
133.149.86.123,1,40
150.75.199.146,1,40
163.33.166.36,1,40
133.149.28.26,1,40
150.75.194.88,1,40
203.77.96.151,1,40
150.75.47.140,1,40
163.33.244.28,1,40
163.33.149.216,1,40
202.204.58.46,1,40
203.77.15.152,1,40
163.33.236.41,1,40
133.149.128.142,1,40
163.33.194.199,1,40
163.33.65.194,1,40
150.75.159.201,1,40
150.75.77.115,1,40
133.149.66.115,1,44
133.11.120.96,1,40
163.33.164.174,1,40
163.33.189.143,1,40
150.75.98.44,1,44
133.11.67.116,1,40
203.77.3.53,1,48
163.33.170.217,1,40
163.33.40.136,1,40
163.33.5.12,1,40
133.149.178.72,1,44
163.33.234.231,1,48
133.149.114.191,1,40
133.11.85.118,1,40
150.75.56.79,1,40
150.75.49.243,1,40
163.33.205.233,1,40
202.204.61.20,1,40
163.33.183.97,1,40
133.149.7.159,1,40
133.11.106.8,1,40
133.149.56.95,1,40
163.33.70.110,1,40
133.149.235.71,1,40
133.11.109.164,1,40
133.149.35.225,1,40
150.75.63.140,1,40
150.75.29.104,1,40
150.75.52.97,1,40
203.77.109.95,1,44
203.77.95.43,1,40
133.149.166.14,1,40
163.33.123.236,1,40
163.33.105.177,1,44
163.33.119.57,1,40
163.33.71.115,1,40
163.33.180.126,3,377
150.75.72.102,1,48
150.75.44.96,1,40
150.75.38.177,1,44
150.75.107.101,1,44
163.33.199.175,1,40
150.75.84.219,1,40
203.77.85.106,1,40
150.75.56.2,1,40
163.33.128.64,1,40
203.77.31.193,1,40
150.75.151.49,1,44
163.33.139.149,1,44
163.33.119.56,1,40
150.75.240.125,1,40
150.75.25.76,1,40
133.149.155.34,1,40
163.33.137.45,1,40
163.33.91.123,1,40
150.75.44.245,1,40
150.75.12.133,1,40
150.75.211.159,1,44
150.75.50.44,1,44
203.77.31.226,1,40
133.149.96.47,1,40
133.149.24.241,1,40
133.149.13.51,1,40
150.75.44.7,1,44
133.149.6.91,1,40
203.77.103.2,1,40
150.75.0.191,1,40
150.75.120.169,1,40
133.149.67.125,1,44
133.149.102.58,1,40
133.149.166.108,1,40
133.149.229.166,1,40
133.11.70.186,2,80
163.33.52.58,1,40
133.11.106.96,1,40
133.11.88.201,1,40
150.75.114.25,1,40
133.149.70.77,1,40
163.33.235.32,2,126
203.77.127.32,12,914
163.33.186.183,1,52
133.11.98.1,1,48
203.77.81.181,1,60
133.149.171.154,1,60
203.77.125.215,1,40
163.33.0.143,1,52
133.149.124.231,1,40
133.149.27.157,1,44
150.75.120.130,1,40
133.149.7.103,1,40
150.75.138.65,1,40
163.33.123.90,1,40
150.75.41.122,1,40
163.33.123.195,1,40
163.33.123.203,1,40
150.75.19.151,1,40
163.33.71.23,1,44
150.75.148.157,1,44
163.33.85.13,1,44
202.198.44.76,1,40
133.149.250.183,1,44
163.33.90.104,1,40
133.149.113.219,1,40
203.77.11.152,1,44
203.77.94.14,1,40
133.149.139.229,1,121
133.149.42.167,1,40
203.77.35.6,1,44
203.77.75.223,5,200
133.149.157.221,1,40
150.75.31.168,1,40
150.75.198.7,1,44
133.149.41.189,1,40
150.75.214.25,1,40
203.77.102.86,1,40
133.149.65.25,1,40
203.77.32.251,1,40
133.11.104.36,1,40
133.149.55.190,1,40
133.149.158.46,1,40
150.75.34.62,1,121
163.33.220.169,1,40
133.11.66.132,1,40
133.149.68.105,1,40
150.75.183.25,1,40
163.33.23.25,1,40
163.33.92.194,1,325
133.11.87.97,1,40
202.204.56.156,1,40
133.149.243.145,1,40
133.149.23.93,1,40
163.33.222.131,1,44
150.75.120.215,1,40
133.11.66.99,1,40
163.33.253.2,1,40
163.33.125.250,1,40
163.33.158.58,1,40
150.75.146.47,1,44
133.149.63.40,1,58
150.75.43.192,1,40
202.198.15.89,1,40
150.75.56.83,1,40
150.75.26.27,1,40
150.75.190.208,1,40
133.11.126.4,1,40
163.33.253.56,1,40
163.33.119.210,1,40
133.11.88.81,1,40
163.33.160.206,1,40
163.33.102.109,1,40
150.75.42.80,1,40
150.75.26.202,1,40
202.25.107.223,1,40
163.33.120.120,1,40
163.33.69.196,1,40
163.33.60.250,1,40
163.33.189.2,1,40
163.33.228.98,1,40
163.33.197.151,1,40
150.75.74.169,1,40
202.198.4.211,1,40
163.33.69.181,1,40
150.75.237.70,1,48
133.11.107.163,1,40
203.77.18.14,1,40
163.33.33.100,1,40
133.149.29.45,1,40
133.149.104.217,1,52
163.33.163.113,1,40
133.149.248.196,1,40
163.33.141.217,1,103
163.33.250.105,1,40
163.33.68.183,1,40
133.149.156.64,1,40
150.75.203.48,1,40
163.33.0.166,1,40
133.149.75.242,1,40
150.75.117.27,1,40
202.198.16.231,1,40
133.149.149.187,1,40
163.33.245.250,1,40
163.33.227.24,1,40
163.33.31.125,1,40
163.33.109.140,1,40
133.149.62.121,1,40
202.198.21.239,1,52
203.77.71.207,1,40
163.33.104.211,1,40
163.33.205.29,1,52
133.149.198.125,1,40
203.77.77.165,1,40
163.33.93.255,1,52
163.33.148.162,1,40
163.33.160.100,1,40
203.77.122.26,1,44
163.33.54.166,1,40
202.204.59.10,1,40
150.75.244.203,1,40
163.33.118.103,1,40
163.33.48.101,1,40
163.33.147.122,1,40
150.75.56.50,1,40
150.75.38.241,1,40
133.11.103.146,1,40
150.75.68.38,1,40
163.33.24.18,1,40
133.149.251.94,1,40
150.75.105.125,2,80
133.149.181.45,1,40
150.75.93.222,1,44
150.75.58.194,1,40
133.149.231.148,1,40
163.33.94.67,5,416
150.75.167.247,1,40
150.75.132.97,1,40
163.33.188.20,2,116
133.149.242.184,1,40
133.11.125.129,1,40
150.75.142.24,1,40
150.75.221.190,1,40
133.149.10.191,1,40
133.149.7.189,1,44
202.198.7.196,1,40
163.33.92.158,1,40
150.75.130.223,1,40
150.75.109.101,1,44
202.198.12.214,1,40
133.11.99.135,1,40
150.75.111.3,1,40
133.149.122.141,1,40
150.75.198.108,1,40
150.75.231.174,1,40
133.149.246.129,1,40
150.75.206.117,1,40
203.77.94.70,1,40
163.33.19.184,1,40
163.33.150.235,1,40
133.149.61.110,1,40
163.33.180.90,1,40
163.33.218.133,1,44
133.149.238.41,1,40
202.198.40.138,2,292
163.33.245.31,1,44
133.149.117.61,1,40
133.149.4.204,1,44
150.75.99.96,1,40
133.11.70.19,1,52
133.149.111.120,1,40
133.149.117.50,1,40
133.149.166.8,1,40
133.149.36.163,1,40
163.33.116.16,2,80
150.75.135.194,1,40
150.75.191.190,1,40
163.33.162.100,1,40
133.149.28.38,1,40
163.33.151.32,1,40
150.75.172.71,1,40
133.149.46.145,1,40
133.149.54.113,1,40
150.75.17.236,1,40
133.11.111.128,1,40
163.33.93.25,2,104
163.33.76.177,1,40
163.33.62.19,1,40
133.11.87.145,1,40
150.75.207.16,1,60
202.198.21.103,1,40
163.33.27.71,1,40
150.75.99.70,1,40
133.149.227.172,1,40
133.149.161.220,1,40
163.33.217.255,1,40
203.77.108.23,1,44
163.33.16.185,1,40
150.75.99.126,1,40
150.75.128.194,1,40
133.149.69.48,1,40
150.75.111.62,1,40
133.149.86.118,1,40
163.33.144.0,1,44
133.149.203.201,1,60
150.75.252.144,1,40
133.149.152.75,1,40
163.33.252.114,1,40
150.75.13.1,1,40
150.75.51.134,1,40
133.149.255.86,1,120
150.75.142.57,1,40
163.33.107.107,1,40
163.33.178.234,1,40
150.75.73.180,1,52
163.33.128.57,1,40
133.149.42.232,1,40
150.75.127.132,1,40
150.75.199.163,1,40
133.149.249.99,1,40
202.198.25.253,1,40
203.77.86.141,1,40
133.149.251.2,1,40
133.149.53.34,1,40
133.149.128.14,1,40
163.33.3.252,1,220
133.149.36.132,1,40
133.11.113.181,1,40
150.75.119.157,1,40
163.33.201.60,1,40
150.75.204.3,1,40
150.75.225.137,1,40
150.75.167.162,1,40
133.149.118.28,1,40
203.77.0.212,1,40
133.149.75.134,1,40
202.198.42.26,1,40
163.33.208.108,1,44
163.33.75.114,1,40
133.149.178.175,1,40
202.198.28.27,1,40
133.149.29.221,1,40
133.149.203.110,1,40
150.75.3.66,1,36
163.33.72.189,1,40
150.75.4.238,1,40
163.33.64.108,1,40
163.33.104.181,1,40
202.198.22.122,1,44
150.75.180.141,2,80
133.11.87.219,1,44
150.75.178.3,1,58
150.75.217.203,1,40
133.149.214.73,1,40
150.75.233.110,2,80
133.11.112.54,1,40
150.75.91.213,1,40
163.33.158.115,1,40
133.149.43.24,1,40
163.33.59.148,1,40
202.198.26.199,1,40
133.11.87.192,1,40
133.149.122.158,1,40
150.75.228.222,1,40
150.75.120.20,1,40
150.75.178.197,1,44
150.75.182.217,1,40
150.75.25.209,1,40
133.149.143.116,1,44
133.149.98.148,1,40
133.149.203.109,1,40
203.77.123.196,1,44
203.77.14.57,1,40
163.33.250.10,1,40
202.204.60.214,1,40
203.77.118.236,1,40
150.75.10.246,1,40
203.77.34.140,1,40
150.75.119.144,1,40
133.149.106.118,1,40
163.33.92.16,36,18284
133.149.145.62,1,44
163.33.118.157,1,40
203.77.79.225,1,40
133.11.103.66,1,48
150.75.115.232,1,40
133.149.103.246,1,40
133.149.36.197,1,40
133.149.129.238,1,40
203.77.31.245,1,40
133.11.98.104,1,40
133.149.127.126,1,40
163.33.206.235,1,40
133.149.8.98,1,44
203.77.1.8,1,40
150.75.144.162,1,40
133.149.133.99,1,40
202.198.23.229,1,40
163.33.189.110,1,40
163.33.16.31,1,44
163.33.209.246,1,48
150.75.197.216,1,40
163.33.14.137,1,40
163.33.252.30,1,40
163.33.33.57,1,40
150.75.185.203,1,40
150.75.88.190,1,40
133.149.238.93,1,40
133.149.67.202,1,40
150.75.134.12,1,40
163.33.171.105,1,40
133.149.73.137,1,40
150.75.140.93,1,40
202.204.60.23,1,60
203.77.15.250,1,40
133.149.87.26,1,44
133.149.207.93,1,40
150.75.134.3,1,40
150.75.175.84,1,40
133.149.59.30,1,40
133.11.91.158,1,44
150.75.60.63,1,40
203.77.74.130,1,40
150.75.60.115,1,40
203.77.2.116,1,40
203.77.43.167,1,40
163.33.24.29,1,76
163.33.115.235,1,44
163.33.40.163,1,40
202.204.58.0,1,40
150.75.171.211,1,40
133.149.195.13,1,40
163.33.198.198,3,189
163.33.224.67,1,44
163.33.137.121,1,40
133.149.52.58,1,40
150.75.106.111,1,40
203.77.21.212,1,44
150.75.244.87,1,44
133.149.198.165,1,40
133.149.63.123,1,40
202.198.1.200,1,40
203.77.64.16,1,40
203.77.30.148,1,40
150.75.146.32,1,40
150.75.171.236,1,40
150.75.241.98,1,44
163.33.190.215,1,44
163.33.38.110,1,44
133.149.146.255,1,576
150.75.80.52,1,40
163.33.30.73,1,40
203.77.113.77,1,40
163.33.198.218,1,40
133.11.80.153,1,48
150.75.9.151,1,40
133.149.64.92,1,40
163.33.13.26,1,40
150.75.246.74,1,40
150.75.37.17,1,576
133.149.164.130,1,40
133.149.232.149,1,40
133.11.98.155,1,40
150.75.87.236,1,40
163.33.224.148,1,40
150.75.223.134,1,40
150.75.100.232,1,40
133.149.131.201,1,44
202.198.17.20,1,40
133.149.11.134,1,40
133.149.74.25,1,40
150.75.4.124,1,44
203.77.39.159,1,40
133.11.102.96,1,40
150.75.143.63,1,40
133.149.186.247,1,40
203.77.12.60,1,40
150.75.196.250,1,40
202.204.58.70,1,40
150.75.133.76,1,40
150.75.221.146,1,121
150.75.231.164,1,44
163.33.194.253,1,40
163.33.13.135,1,40
163.33.141.239,1,40
163.33.143.61,45,58596
150.75.77.171,1,40
203.77.19.167,1,60
150.75.106.45,1,40
203.77.115.150,3,128
133.149.78.121,1,40
133.149.212.4,1,40
150.75.130.36,2,80
150.75.247.149,1,40
150.75.24.12,1,40
203.77.118.191,2,188
163.33.76.43,1,40
203.77.126.59,1,84
163.33.245.142,1,40
133.149.192.199,1,40
202.198.26.118,1,40
202.198.55.22,1,60
163.33.91.21,1,40
133.149.38.47,1,40
133.149.203.223,1,40
150.75.112.150,1,40
163.33.186.102,1,40
163.33.0.85,1,40
133.149.183.215,1,40
163.33.3.168,1,40
202.198.28.175,1,40
150.75.173.201,1,40
133.149.145.75,1,40
163.33.100.248,1,40
163.33.18.217,2,80
163.33.148.182,1,40
133.149.163.28,2,80
133.149.164.48,1,40
202.198.26.40,1,40
133.149.251.179,1,40
133.149.96.60,1,40
163.33.141.163,3,198
202.204.62.188,1,40
203.77.91.86,1,40
163.33.13.82,1,40
203.77.91.87,1,40
133.149.90.45,1,40
133.11.88.88,1,40
203.77.39.186,1,52
163.33.161.83,1,40
163.33.183.232,2,80
150.75.53.135,1,40
133.149.65.37,1,40
133.149.90.141,1,40
133.149.196.197,1,40
203.77.69.161,1,40
150.75.84.175,1,40
150.75.10.63,1,40
163.33.57.117,1,40
202.198.48.184,1,40
133.11.70.187,5,378
150.75.174.101,1,40
150.75.49.213,1,40
203.77.110.243,1,40
163.33.23.139,1,40
163.33.63.35,1,40
150.75.86.23,1,40
203.77.49.95,1,40
133.149.100.160,1,40
202.198.48.88,1,40
163.33.153.30,1,40
133.149.48.209,1,40
150.75.7.237,1,40
203.77.73.208,1,40
133.149.226.232,1,40
133.11.67.72,1,40
133.149.192.10,1,40
150.75.61.216,2,80
202.198.11.46,1,40
133.149.95.128,1,40
163.33.186.166,1,40
133.149.212.69,1,40
133.149.79.99,1,48
150.75.184.159,1,44
163.33.9.6,3,208
202.198.12.217,1,40
133.149.81.198,1,40
150.75.40.35,1,60
163.33.153.128,1,40
163.33.245.90,1,44
133.149.193.199,1,40
150.75.91.145,1,44
163.33.94.178,1,40
133.11.69.3,1,132
203.77.118.206,2,196
203.77.122.74,2,120
133.11.116.200,1,40
203.77.25.41,1,40
133.11.107.18,1,40
203.77.80.62,1,40
163.33.10.194,1,40
202.198.49.173,1,40
133.149.216.23,1,40
203.77.66.69,1,44
150.75.206.40,1,40
163.33.17.87,1,44
150.75.55.203,1,40
150.75.183.168,1,40
150.75.117.32,1,40
150.75.132.102,1,44
163.33.145.161,1,40
133.149.130.72,1,40
163.33.113.35,1,40
133.149.58.197,1,40
203.77.96.53,1,40
150.75.91.80,1,40
133.149.66.1,1,40
163.33.46.46,1,40
150.75.57.102,1,40
133.149.109.197,1,58
133.149.75.35,1,40
202.204.63.127,1,40
203.77.93.251,1,40
202.204.59.60,1,40
150.75.223.138,1,52
163.33.172.228,1,40
133.149.101.40,1,40
163.33.70.185,1,40
163.33.235.122,1,44
133.149.155.97,1,40
203.77.87.204,1,44
163.33.152.18,1,40
150.75.32.199,1,40
150.75.94.128,1,40
163.33.95.73,3,179
163.33.103.97,1,40
150.75.174.154,1,40
133.149.109.22,1,40
133.149.172.9,1,40
133.11.105.25,1,40
163.33.121.66,1,40
133.149.97.85,1,40
133.11.102.121,1,40
203.77.12.59,1,40
203.77.38.145,1,40
163.33.139.19,1,40
150.75.89.82,1,40
150.75.48.149,1,40
133.149.245.30,1,40
133.149.116.163,1,40
133.149.4.121,1,40
163.33.83.153,1,40
163.33.11.240,1,40
133.11.121.59,1,40
150.75.51.206,1,40
163.33.243.211,1,40
202.25.107.161,1,40
203.77.124.247,2,80
202.198.8.169,1,40
133.149.82.94,1,40
202.198.53.184,2,80
203.77.94.57,1,40
133.149.236.55,1,40
150.75.159.90,1,40
133.149.51.172,1,40
163.33.42.99,1,40
203.77.119.202,1,40
133.149.205.230,1,40
163.33.67.105,1,44
203.77.87.0,1,40
163.33.140.135,5,330
202.198.61.91,1,40
202.198.55.165,2,80
133.149.115.193,1,40
163.33.87.29,1,40
150.75.15.34,1,40
133.149.152.179,2,80
163.33.250.175,1,40
203.77.76.255,1,40
133.149.112.169,1,40
163.33.134.103,1,40
163.33.166.237,1,44
133.149.18.135,1,40
163.33.43.40,1,40
202.198.48.123,2,92
133.149.214.1,1,40
133.149.28.16,1,44
150.75.185.158,1,40
133.149.234.158,1,40
150.75.190.201,1,40
133.149.24.139,1,40
150.75.229.231,1,40
133.11.98.208,1,40
133.11.107.217,1,40
150.75.13.225,1,40
150.75.82.213,1,40
163.33.230.26,1,40
163.33.35.241,1,44
202.198.17.126,1,44
133.149.32.81,1,44
202.198.19.233,1,40
133.11.98.236,1,52
133.149.202.161,1,40
202.198.5.209,1,40
203.77.70.187,1,44
150.75.214.152,1,40
150.75.201.131,1,40
203.77.97.62,1,40
150.75.3.216,1,40
133.149.19.165,1,40
163.33.92.104,7,2726
133.11.79.150,1,44
150.75.15.224,1,40
150.75.128.166,1,40
163.33.202.142,1,121
163.33.150.238,1,40
133.149.102.19,1,40
133.11.84.221,1,40
133.149.236.80,1,44
133.149.191.170,1,40
133.149.99.232,1,40
202.198.54.224,1,40
163.33.245.207,1,40
133.149.94.48,1,40
150.75.179.156,1,40
202.198.10.201,1,40
133.11.118.128,1,40
163.33.227.149,1,45
133.149.113.74,1,40
150.75.40.11,1,40
133.149.105.157,1,40
133.11.66.171,1,40
133.149.170.19,1,576
133.149.114.20,1,44
163.33.3.226,1,40
203.77.124.104,1,40
163.33.176.31,1,40
163.33.164.157,1,40
163.33.154.73,1,121
150.75.86.11,1,40
133.149.178.136,1,40
202.198.11.204,1,40
163.33.182.12,1,40
133.149.115.119,1,40
203.77.13.145,1,40
203.77.24.110,1,40
202.198.19.241,1,40
133.149.177.22,1,40
163.33.167.169,1,60
150.75.15.80,1,40
163.33.94.252,1,40
150.75.33.89,1,40
163.33.184.120,1,44
133.149.149.217,1,40
203.77.65.46,1,40
163.33.48.207,1,40
163.33.135.217,1,44
133.149.70.235,1,40
133.149.90.212,1,40
163.33.73.6,1,40
163.33.251.235,1,40
150.75.183.139,1,40
163.33.24.125,1,40
203.77.105.169,1,40
150.75.179.155,1,576
150.75.159.99,1,40
202.198.41.62,1,40
133.149.201.68,1,40
163.33.80.109,1,40
133.149.113.6,1,40
150.75.122.58,1,40
133.149.107.139,1,40
133.149.35.219,1,40
150.75.194.178,1,40
203.77.113.3,1,40
163.33.76.230,1,40
203.77.0.77,1,40
133.149.212.188,1,40
203.77.127.49,5,392
150.75.94.159,1,40
150.75.138.165,2,80
150.75.194.9,1,40
133.149.163.30,1,40
133.149.8.125,1,40
163.33.180.46,1,40
203.77.51.43,1,44
133.149.28.145,1,44
163.33.143.42,1,40
163.33.228.250,1,44
150.75.66.217,1,40
163.33.88.43,1,40
163.33.52.20,1,40
202.198.27.78,1,52
203.77.21.93,1,40
202.198.39.10,1,40
150.75.191.234,1,40
133.11.69.73,1,40
150.75.183.115,1,40
133.149.31.175,1,40
163.33.39.158,1,40
163.33.140.133,1,48
203.77.12.10,1,44
203.77.127.229,1,40
203.77.108.49,1,40
150.75.44.145,1,52
163.33.228.155,1,40
163.33.245.147,1,40
203.77.68.223,1,40
133.149.246.94,1,40
163.33.117.140,1,40
163.33.56.240,1,40
163.33.62.135,1,57
133.149.116.200,1,40
163.33.43.88,1,44
133.149.96.32,1,40
163.33.246.112,1,40
150.75.185.105,1,40
203.77.107.233,1,44
163.33.3.150,1,40
150.75.155.181,1,40
203.77.49.204,1,44
163.33.250.214,1,40
133.149.37.254,1,40
203.77.127.104,1,40
163.33.135.201,1,44
150.75.117.79,1,40
203.77.28.2,1,40
133.11.87.177,1,60
150.75.86.242,1,40
203.77.127.191,1,40
150.75.215.123,1,40
133.149.91.93,1,52
150.75.53.218,1,40
163.33.60.191,1,40
150.75.84.163,1,44
150.75.146.235,1,40
150.75.94.196,1,40
163.33.141.193,4,720
133.149.239.2,1,40
163.33.91.79,1,44
150.75.88.170,1,40
150.75.172.96,1,44
150.75.97.127,1,40
150.75.55.47,1,60
150.75.54.108,1,40
133.149.27.100,1,40
150.75.149.167,1,40
133.149.199.80,1,40
202.198.41.253,1,40
150.75.104.12,1,40
150.75.168.151,1,40
203.77.59.105,1,40
163.33.94.149,1,40
203.77.18.183,1,40
150.75.138.60,1,40
203.77.88.141,1,40
133.11.127.215,1,40
163.33.194.80,1,40
150.75.201.216,1,40
150.75.168.90,1,40
203.77.102.58,1,40
203.77.70.247,1,40
133.149.24.162,1,40
163.33.217.196,1,44
163.33.21.168,1,40
202.198.35.98,1,44
133.149.127.5,1,40
133.149.206.203,1,40
163.33.167.246,1,40
150.75.12.84,1,44
203.77.92.192,1,40
133.149.245.249,1,40
163.33.194.146,1,40
133.149.43.123,1,40
203.77.118.252,55,2860
150.75.212.2,1,40
150.75.167.88,1,40
202.198.38.50,1,40
133.149.2.228,1,44
133.149.206.29,1,40
202.204.56.73,1,40
163.33.113.54,1,40
133.149.75.213,1,40
133.11.108.179,1,40
203.77.9.14,1,40
202.198.17.155,1,40
203.77.120.201,1,96
203.77.106.158,1,44
202.15.129.149,1,60
203.77.121.11,1,44
133.11.77.73,1,40
150.75.49.34,1,40
133.149.237.51,1,40
163.33.137.209,1,40
163.33.222.73,1,40
203.77.38.142,1,40
163.33.130.126,1,40
150.75.245.119,1,40
163.33.209.131,2,80
133.149.195.146,1,40
150.75.232.22,1,44
133.149.151.65,1,40
133.149.195.59,1,40
150.75.51.236,1,40
203.77.65.194,2,80
163.33.93.135,1,48
133.11.84.134,1,40
150.75.15.164,1,40
150.75.142.233,1,40
150.75.63.124,1,40
202.198.38.236,1,40
133.149.59.177,1,40
133.149.114.155,1,40
203.77.41.133,1,52
133.149.195.129,1,40
133.149.188.66,1,52
163.33.14.129,1,40
150.75.24.193,1,40
150.75.83.77,2,88
133.149.170.85,1,40
163.33.233.25,1,44
203.77.27.58,1,40
133.11.98.80,1,40
163.33.92.186,6,501
202.198.3.225,1,40
133.149.87.89,1,44
163.33.38.191,1,42
163.33.95.67,1,40
163.33.41.197,1,60
133.149.228.151,2,80
203.77.116.233,1,60
150.75.239.151,1,40
203.77.118.133,4,314
163.33.14.212,1,40
133.149.198.238,2,84
163.33.105.209,1,40
150.75.130.232,1,52
163.33.140.166,1,40
202.198.28.218,1,40
133.11.82.140,1,40
150.75.136.210,1,40
133.149.4.162,1,40
163.33.29.213,1,44
150.75.187.168,1,40
203.77.115.248,1,60
133.149.27.21,1,40
150.75.240.152,1,40
150.75.153.101,1,48
150.75.72.94,1,44
133.149.145.226,1,576
163.33.163.38,1,40
133.11.70.198,2,204
133.11.94.237,1,40
202.198.15.145,1,40
150.75.117.102,1,40
133.149.190.133,1,40
163.33.122.149,1,40
133.11.81.201,1,44
203.77.62.112,1,40
150.75.199.104,1,40
133.149.206.105,1,40
203.77.48.10,1,44
163.33.146.218,1,40
202.25.109.210,1,40
133.11.71.215,1,40
133.149.113.70,1,44
133.11.124.11,1,44
202.198.50.200,1,40
203.77.83.171,1,40
133.149.25.97,1,40
133.149.120.133,1,40
150.75.189.203,1,40
150.75.114.42,1,40
133.149.91.82,2,80
150.75.132.84,1,40
202.198.21.202,1,40
150.75.177.201,1,40
133.149.179.91,1,40
150.75.1.1,1,44
163.33.62.174,5,515
133.149.14.33,1,40
202.25.109.6,1,40
163.33.92.170,1,115
133.149.94.208,1,40
202.204.63.86,1,40
150.75.235.247,1,44
133.149.50.197,1,40
163.33.23.114,1,40
163.33.14.42,1,40
133.149.0.158,1,40
163.33.96.79,1,40
163.33.51.172,1,40
203.77.29.149,1,40
133.11.102.86,1,48
150.75.228.80,1,40
133.149.149.17,1,40
150.75.64.96,1,40
163.33.252.158,1,40
163.33.69.107,1,40
163.33.179.249,1,40
150.75.241.122,1,40
133.11.113.63,1,40
133.149.91.101,1,40
150.75.153.81,1,40
202.25.109.120,1,30
163.33.215.96,1,40
163.33.108.160,1,40
150.75.27.40,1,40
203.77.115.201,1,60
133.149.226.134,1,40
133.149.226.129,1,44
150.75.55.214,1,40
203.77.66.213,1,40
133.11.110.159,1,40
203.77.52.211,1,40
150.75.134.63,1,44
133.149.191.219,1,40
133.149.179.175,1,40
133.11.120.206,1,40
150.75.51.17,1,40
133.149.195.254,1,40
163.33.155.60,1,40
163.33.54.12,1,40
133.149.178.6,1,40
150.75.214.51,1,40
202.198.18.29,1,40
203.77.115.46,4,216
203.77.34.211,2,84
150.75.88.12,1,40
163.33.119.241,1,40
163.33.69.52,1,40
133.149.74.44,1,40
150.75.52.236,1,40
203.77.110.135,1,40
150.75.82.13,1,40
150.75.122.17,1,48
150.75.48.79,1,40
163.33.100.2,1,40
150.75.6.232,1,40
133.149.254.106,1,44
163.33.27.200,1,52
163.33.80.18,1,40
150.75.108.15,1,40
133.149.220.247,1,40
203.77.90.224,1,44
133.149.76.252,1,40
203.77.17.205,1,68
163.33.107.220,1,40
133.149.78.147,1,40
133.149.36.36,1,40
163.33.67.63,1,40
163.33.123.167,1,40
133.149.254.28,1,40
150.75.152.41,1,44
163.33.94.43,1,40
133.149.62.180,1,40
163.33.115.39,1,40
133.11.115.109,1,40
133.149.72.109,1,40
133.149.77.30,1,40
133.149.30.131,1,40
150.75.101.212,1,40
203.77.115.58,1,60
133.11.66.148,1,40
203.77.18.1,1,40
133.149.127.81,1,40
150.75.111.42,1,40
150.75.60.16,1,40
202.198.50.183,1,44
163.33.99.49,1,86
133.149.104.144,1,40
163.33.238.26,1,40
133.149.146.103,1,40
133.149.121.103,1,40
203.77.121.27,2,230
163.33.111.205,4,290
133.149.182.30,1,576
203.77.21.44,1,40
150.75.151.53,1,40
133.149.142.62,1,44
133.149.63.32,1,40
133.149.162.176,1,40
150.75.210.1,1,44
133.149.33.246,1,40
203.77.115.216,1,60
163.33.136.26,1,40
150.75.51.159,1,40
163.33.163.1,1,40
133.149.49.21,1,44
133.149.179.215,1,40
203.77.115.225,1,60
203.77.115.215,1,60
133.149.75.72,1,44
150.75.245.118,1,40
203.77.115.231,1,60
133.149.24.254,1,40
163.33.179.163,1,40
133.149.31.153,1,40
203.77.80.242,1,40
163.33.5.217,1,40
163.33.94.22,1,52
203.77.125.17,1,64
133.11.65.254,1,40
150.75.5.117,1,44
133.149.166.7,1,40
133.149.141.30,1,40
133.149.188.214,1,40
163.33.126.35,1,40
133.11.80.154,1,48
133.149.1.19,1,40
163.33.71.193,1,40
163.33.235.241,1,40
150.75.189.161,1,40
150.75.79.147,1,40
150.75.196.243,1,40
203.77.98.240,1,40
133.149.85.126,1,52
133.149.91.140,1,40
150.75.37.61,1,44
163.33.114.30,1,44
150.75.155.49,1,40
203.77.125.32,1,40
150.75.199.154,1,40
163.33.141.68,1,40
133.149.18.185,2,80
202.198.10.19,1,40
163.33.124.253,1,44
133.149.51.196,5,205
202.198.50.244,1,44
133.149.244.45,1,40
133.149.214.134,1,40
202.204.63.131,1,44
150.75.27.173,1,40
133.149.188.114,1,40
133.149.240.115,1,40
150.75.122.25,1,44
133.149.226.251,1,44
163.33.146.231,1,40
133.11.113.136,1,40
133.149.142.123,1,44
150.75.244.205,1,40
203.77.80.180,1,40
202.198.62.146,1,40
150.75.52.79,1,40
163.33.136.126,1,40
202.198.60.69,1,40
133.11.83.45,1,64
150.75.188.216,1,40
133.11.66.155,1,40
150.75.227.60,1,40
202.198.9.49,1,40
133.149.200.177,1,40
133.11.91.234,1,40
202.198.17.69,1,40
133.149.145.244,1,40
133.149.40.168,1,40
133.149.219.208,1,40
133.149.14.224,1,40
150.75.131.154,1,40
203.77.120.157,7,688
133.149.199.194,1,40
150.75.40.113,1,40
133.149.0.1,1,44
133.149.62.3,1,40
150.75.205.104,1,40
150.75.16.155,1,40
133.149.172.211,1,40
163.33.246.18,1,40
133.149.67.242,1,40
203.77.85.131,1,40
163.33.14.214,1,40
163.33.56.250,1,40
203.77.16.59,1,40
133.11.66.145,1,40
163.33.31.169,1,40
202.198.23.174,1,44
163.33.180.68,1,40
163.33.123.54,1,40
203.77.11.33,1,44
133.149.233.198,1,40
150.75.188.163,1,40
163.33.220.158,1,40
133.149.193.120,1,44
163.33.121.144,1,44
150.75.131.18,1,40
133.149.18.64,1,40
163.33.108.125,1,40
202.15.129.69,1,40
133.149.11.143,1,40
150.75.202.153,1,44
150.75.202.87,1,44
133.149.20.2,1,44
150.75.28.26,1,40
163.33.214.0,1,52
203.77.25.148,1,40
150.75.57.173,1,40
133.11.123.72,1,40
150.75.178.85,1,40
133.149.128.245,1,40
150.75.228.82,1,40
133.149.254.103,2,80
163.33.235.48,4,342
202.198.15.90,2,192
133.149.16.130,1,40
133.149.93.190,1,40
133.11.89.177,1,40
150.75.76.202,1,40
150.75.77.166,1,40
150.75.230.182,1,40
202.198.4.50,1,40
150.75.222.159,1,44
202.198.0.31,1,40
150.75.232.11,1,40
150.75.139.219,1,40
150.75.27.222,1,40
202.198.9.68,1,40
150.75.169.9,1,40
150.75.164.234,1,40
150.75.112.191,1,40
133.149.177.163,1,40
163.33.30.152,1,52
133.149.173.240,1,40
150.75.248.128,1,40
203.77.118.30,1,40
150.75.0.164,1,40
203.77.77.218,1,44
203.77.65.159,1,40
133.149.218.254,1,40
163.33.0.67,1,44
133.11.89.107,1,52
133.149.197.241,1,40
133.149.70.196,1,40
133.149.253.213,2,80
150.75.217.244,1,40
133.11.95.87,1,44
133.149.200.28,1,44
150.75.138.221,1,40
163.33.210.5,1,40
133.11.116.94,1,40
133.149.150.31,1,40
150.75.157.175,1,40
163.33.181.217,1,40
133.149.75.149,1,40
150.75.22.137,1,40
150.75.67.137,1,40
133.149.186.14,1,40
133.149.197.161,1,40
203.77.8.220,1,40
150.75.218.206,1,40
150.75.43.31,1,44
133.149.23.13,1,40
133.149.111.146,1,40
202.198.26.121,1,40
203.77.97.203,1,40
163.33.208.199,1,40
133.11.94.2,1,40
150.75.203.50,1,44
133.149.167.32,1,52
150.75.34.109,1,40
163.33.122.194,1,40
150.75.14.75,1,40
203.77.49.149,1,40
150.75.56.29,1,40
150.75.245.176,1,40
133.11.67.148,1,44
150.75.214.188,1,40
163.33.93.8,3,377
203.77.55.165,1,44
163.33.114.14,1,40
163.33.232.122,1,40
133.149.107.169,2,120
133.149.122.167,1,44
133.149.68.124,1,40
133.149.169.122,1,40
163.33.236.222,1,40
163.33.253.82,1,40
163.33.140.10,10,789
163.33.75.116,1,40
203.77.86.200,1,52
163.33.172.251,1,40
163.33.218.173,1,40
133.149.207.14,1,40
163.33.68.66,1,40
133.11.66.67,1,40
163.33.76.41,1,40
163.33.50.15,1,44
150.75.143.103,1,40
150.75.176.83,1,44
133.149.202.78,1,40
133.149.15.32,1,44
163.33.186.132,1,40
133.11.125.32,1,40
163.33.180.163,1,40
163.33.102.139,1,40
163.33.223.190,1,40
133.149.228.10,1,40
150.75.234.5,1,40
202.198.23.56,1,44
150.75.251.249,1,40
133.149.196.18,1,40
163.33.23.87,1,40
163.33.60.103,1,40
202.25.109.112,1,40
163.33.102.232,1,40
150.75.64.108,1,40
150.75.226.51,1,40
202.25.107.168,1,40
133.149.180.189,1,40
133.149.131.251,1,40
133.149.69.175,1,40
133.149.207.125,1,40
163.33.22.30,1,40
133.149.42.124,1,40
203.77.115.197,1,60
150.75.134.210,1,52
203.77.101.48,1,40
163.33.214.27,1,44
163.33.157.250,1,44
163.33.57.223,1,40
133.11.74.157,1,60
133.149.166.51,1,40
133.149.52.92,1,40
133.149.160.238,1,40
133.149.114.47,1,40
203.77.82.86,1,40
150.75.29.173,1,40
133.149.255.255,2,80
163.33.32.128,1,40
163.33.113.6,1,40
150.75.27.122,1,44
163.33.249.109,1,40
133.149.141.238,1,40
163.33.70.108,1,40
163.33.215.161,1,52
163.33.40.18,1,44
203.77.13.48,1,40
150.75.153.245,1,40
133.149.90.224,2,80
133.149.228.53,1,40
150.75.26.236,1,40
163.33.28.3,1,44
150.75.28.137,1,40
150.75.168.123,1,40
150.75.45.188,1,40
163.33.48.27,1,40
133.149.235.208,1,44
203.77.60.228,1,44
150.75.66.33,1,40
150.75.59.64,1,40
150.75.44.196,1,40
133.149.158.32,1,40
133.149.141.162,1,40
133.149.184.38,1,44
133.149.235.170,1,40
163.33.204.110,1,40
163.33.149.158,1,68
133.149.206.154,1,40
163.33.53.101,1,40
163.33.204.183,1,40
163.33.186.161,1,40
163.33.33.126,1,40
163.33.11.10,1,40
150.75.219.22,1,44
150.75.76.255,1,40
163.33.169.254,1,40
150.75.94.126,1,44
133.149.84.75,1,40
163.33.212.0,1,40
203.77.58.64,1,40
150.75.25.222,1,40
150.75.187.136,1,40
133.149.193.82,1,40
203.77.20.63,1,40
150.75.65.7,1,40
150.75.46.197,1,44
163.33.40.174,1,40
163.33.176.149,1,40
163.33.9.0,1,121
133.149.25.152,1,40
150.75.220.56,1,40
133.149.28.75,1,40
163.33.87.103,1,40
163.33.44.183,1,40
163.33.53.118,1,40
163.33.149.79,1,121
203.77.74.65,1,40
150.75.230.167,1,40
203.77.94.249,1,40
150.75.101.241,1,40
203.77.107.26,1,40
163.33.166.39,1,44
203.77.118.149,5,931
202.198.4.6,1,40
163.33.174.251,1,52
150.75.64.151,1,52
133.149.171.71,1,40
163.33.150.218,1,40
163.33.9.135,1,40
133.149.11.23,1,40
150.75.100.173,1,40
133.149.23.11,1,44
133.149.5.37,1,40
163.33.53.109,1,40
202.198.20.124,1,44
150.75.79.243,1,40
133.11.100.161,1,40
203.77.118.190,1,60
163.33.63.25,1,40
163.33.228.211,1,40
163.33.85.177,1,40
150.75.1.131,1,44
133.149.54.187,1,40
133.149.44.146,1,40
150.75.0.105,1,40
163.33.248.138,3,176
133.11.111.61,1,40
163.33.250.93,1,40
150.75.30.2,1,40
163.33.22.5,1,44
150.75.226.39,1,40
133.149.194.126,1,40
133.149.93.197,1,40
163.33.233.37,1,40
150.75.58.136,1,40
133.149.94.91,1,40
133.11.102.143,1,40
163.33.196.215,1,40
163.33.152.31,1,40
163.33.45.236,1,40
150.75.149.78,1,40
203.77.97.115,1,40
203.77.18.41,1,40
133.149.183.130,1,40
150.75.56.54,1,40
163.33.211.252,1,40
203.77.19.3,1,40
163.33.45.164,1,40
150.75.102.62,1,44
133.149.177.35,1,40
150.75.186.94,1,40
163.33.94.72,2,477
150.75.123.7,1,40
163.33.239.253,1,40
133.149.77.208,1,40
133.149.153.75,1,40
163.33.15.190,1,44
163.33.252.49,1,52
163.33.215.134,1,40
133.149.155.134,1,40
202.198.23.146,1,44
163.33.171.117,1,40
150.75.51.226,1,40
163.33.137.227,1,40
133.149.236.20,1,40
133.149.211.4,1,40
163.33.87.107,1,40
133.149.195.60,1,40
150.75.99.213,1,40
163.33.18.144,1,40
163.33.63.223,1,44
133.149.158.72,1,40
163.33.41.151,1,44
163.33.92.232,4,270
163.33.241.159,1,40
203.77.14.5,1,40
163.33.207.135,1,40
133.11.107.166,1,40
163.33.38.246,1,40
163.33.18.95,1,40
133.149.232.199,1,44
133.149.76.246,1,40
150.75.207.10,1,44
150.75.166.90,1,40
150.75.88.223,1,40
150.75.224.110,1,40
203.77.97.111,1,40
133.149.101.56,1,40
163.33.156.212,1,40
150.75.54.121,1,40
203.77.123.79,1,40
163.33.107.18,5,205
150.75.138.68,1,40
150.75.135.73,1,44
150.75.16.241,1,40
163.33.239.127,1,40
203.77.118.125,1,60
133.11.112.26,1,40
133.149.115.160,1,40
133.149.43.139,1,40
202.204.59.238,1,40
163.33.116.51,1,40
150.75.224.2,1,40
203.77.16.67,1,40
203.77.31.116,2,80
133.149.82.97,1,40
163.33.66.134,1,84
133.149.230.96,1,40
150.75.251.115,1,44
150.75.251.136,1,44
133.149.119.76,1,40
150.75.46.195,1,40
133.149.131.241,1,40
202.198.53.49,1,40
150.75.43.125,2,104
150.75.3.250,1,40
133.149.102.98,1,44
133.149.58.73,1,40
203.77.80.102,1,40
133.149.36.208,1,40
150.75.225.148,1,121
133.149.37.165,1,44
163.33.24.148,1,40
150.75.236.201,1,60
133.149.155.106,1,40
150.75.4.159,1,40
150.75.229.29,1,40
163.33.177.34,1,40
163.33.133.208,1,40
133.149.87.68,1,40
203.77.119.180,1,60
163.33.154.174,1,40
203.77.4.165,2,104
163.33.137.237,1,44
133.149.112.0,1,40
133.149.112.122,1,44
133.11.85.132,1,40
133.149.115.169,1,40
133.149.105.89,1,40
150.75.155.232,2,80
163.33.241.12,1,40
133.11.81.62,1,40
133.11.80.124,1,40
203.77.2.82,1,40
163.33.119.111,1,40
133.149.231.91,1,40
163.33.232.101,11,2694
203.77.93.114,1,40
150.75.26.93,1,40
163.33.99.142,1,40
150.75.50.23,1,40
133.149.79.68,1,44
163.33.29.4,1,40
150.75.17.200,1,40
163.33.69.142,1,40
133.149.155.117,1,40
133.149.50.156,1,40
163.33.93.64,1,40
133.149.5.2,1,40
163.33.17.83,1,40
203.77.116.28,1,40
163.33.232.53,1,40
150.75.155.206,1,40
163.33.60.112,1,40
133.149.171.93,1,576
150.75.193.244,1,40
163.33.106.139,1,56
203.77.65.143,1,40
203.77.25.187,1,40
163.33.199.131,1,40
203.77.126.200,1,44
203.77.107.65,1,40
133.149.108.85,1,40
133.149.174.166,1,44
150.75.71.132,1,40
133.149.148.207,1,40
150.75.26.69,1,40
150.75.182.53,1,40
163.33.165.99,1,40
150.75.155.255,1,40
203.77.24.164,1,40
163.33.133.67,1,40
202.198.3.63,1,44
150.75.242.12,1,40
150.75.13.132,1,40
133.11.110.164,1,40
133.11.106.91,1,40
203.77.123.85,1,40
150.75.110.69,1,40
133.149.139.20,1,40
202.204.56.243,1,48
150.75.153.0,1,40
163.33.142.126,1,40
150.75.4.237,1,40
202.25.107.207,1,52
163.33.1.29,1,40
150.75.140.193,1,40
163.33.23.28,1,40
150.75.72.200,1,40
150.75.155.144,1,40
163.33.83.178,1,60
150.75.88.191,1,40
203.77.118.194,1,60
163.33.166.191,1,40
150.75.161.179,1,40
163.33.133.164,1,40
150.75.73.77,1,40
163.33.208.72,1,40
133.149.243.107,1,40
203.77.64.223,1,40
163.33.232.221,1,40
150.75.188.77,1,40
203.77.101.11,2,80
163.33.102.23,1,52
163.33.78.149,1,40
133.149.18.139,1,40
163.33.240.171,1,40
202.198.39.218,1,40
133.149.102.77,1,40
203.77.93.180,1,40
163.33.33.133,1,40
150.75.48.158,1,40
133.149.62.23,1,40
133.149.7.149,1,40
150.75.217.222,1,40
163.33.209.129,2049,2962463
203.77.47.76,1,40
163.33.110.129,1,40
163.33.50.82,1,40
150.75.18.107,1,40
163.33.93.237,2,119
163.33.210.39,1,40
150.75.60.77,1,40
133.149.113.147,1,40
150.75.7.138,1,40
133.149.62.31,1,40
133.149.61.102,1,40
150.75.156.188,1,40
133.11.69.251,1,40
163.33.143.121,1,40
133.149.143.145,1,60
150.75.179.187,1,40
163.33.245.111,1,52
133.149.92.33,1,40
133.149.52.235,1,40
163.33.250.219,1,40
163.33.183.34,1,40
203.77.14.200,1,44
163.33.165.134,2,84
150.75.217.185,1,576
133.11.112.42,1,40
133.149.136.35,1,44
133.11.113.140,1,60
133.11.77.214,1,44
150.75.82.55,1,40
163.33.57.147,1,52
133.11.81.36,1,40
163.33.128.12,1,40
150.75.61.41,1,40
203.77.122.165,4,234
163.33.113.151,1,40
163.33.152.179,1,121
150.75.117.181,1,40
163.33.214.189,1,40
203.77.106.24,1,40
163.33.66.48,1,40
133.11.84.243,1,40
150.75.207.22,1,40
163.33.226.83,1,44
150.75.74.63,1,40
150.75.173.101,1,40
163.33.205.56,1,40
133.149.161.123,1,40
133.149.131.133,1,40
163.33.116.179,1,40
133.149.99.253,1,40
203.77.126.119,2,80
202.204.56.139,1,40
150.75.67.210,1,40
133.149.101.34,1,40
150.75.172.238,1,40
202.198.24.58,1,40
150.75.133.214,1,40
150.75.20.212,1,52
163.33.58.86,1,40
133.149.177.7,1,40
163.33.117.175,1,40
150.75.168.19,1,40
202.198.45.135,1,40
150.75.30.213,1,52
203.77.119.4,1,40
163.33.252.211,1,40
150.75.236.27,1,40
163.33.181.89,1,40
203.77.52.128,1,40
202.198.55.76,1,40
150.75.215.237,1,40
163.33.184.42,1,40
133.149.216.63,1,40
133.149.138.79,1,40
163.33.250.124,1,40
150.75.85.70,1,40
203.77.32.40,1,40
163.33.157.87,1,40
163.33.252.45,7,2974
163.33.148.111,1,40
133.149.67.251,1,40
150.75.249.176,1,40
163.33.7.12,1,40
163.33.210.238,1,40
133.11.80.144,1,40
163.33.13.90,1,40
202.198.59.46,1,40
133.11.90.206,1,60
163.33.47.170,1,40
150.75.27.6,1,44
163.33.235.12,1,40
203.77.60.153,1,40
133.149.187.43,1,40
150.75.85.67,1,44
203.77.26.52,1,40
150.75.218.86,1,40
163.33.188.102,1,40
203.77.15.227,1,40
150.75.237.174,1,40
163.33.181.137,2,80
133.149.151.23,1,40
133.149.135.168,1,40
163.33.22.47,1,52
150.75.150.22,1,44
133.149.96.150,1,40
203.77.116.12,1,44
150.75.30.88,1,44
163.33.72.210,1,40
133.149.72.141,1,40
133.149.138.22,1,40
133.11.90.203,1,52
163.33.185.10,1,40
133.149.192.184,1,40
203.77.6.189,1,44
133.149.126.54,1,40
133.149.151.50,1,40
133.149.143.228,1,40
150.75.145.188,1,40
150.75.170.160,1,40
163.33.24.11,1,40
203.77.75.43,1,44
133.149.217.186,1,40
133.149.13.178,1,40
163.33.208.55,1,40
163.33.231.255,1,40
133.149.70.159,1,40
150.75.171.206,1,40
133.149.184.119,1,40
133.11.82.105,1,40
150.75.181.13,1,40
150.75.121.185,1,40
163.33.6.203,2,80
133.149.57.191,1,40
163.33.185.215,1,40
163.33.125.99,1,40
150.75.143.41,1,40
150.75.131.4,1,40
133.11.73.165,1,40
163.33.230.54,1,40
133.149.238.153,1,40
150.75.159.207,1,40
203.77.13.8,1,44
150.75.250.221,1,40
150.75.76.84,1,40
203.77.19.44,1,40
150.75.18.194,2,84
133.149.157.50,1,52
133.149.127.149,1,40
163.33.166.35,4,445
203.77.127.14,1,60
163.33.131.4,8,5049
203.77.56.227,1,52
163.33.116.24,1,52
163.33.126.239,1,44
133.149.95.82,1,76
150.75.58.86,1,40
163.33.126.193,1,40
133.149.99.75,1,40
133.149.42.158,1,40
163.33.32.138,1,40
133.149.135.244,1,40
133.11.66.166,1,40
150.75.107.238,1,40
133.149.70.50,1,40
133.11.91.49,1,60
163.33.4.139,1,40
133.149.33.184,1,40
163.33.25.155,1,40
150.75.203.130,1,44
133.149.138.207,1,40
133.149.169.185,1,40
203.77.115.227,1,60
163.33.221.194,1,40
203.77.7.241,1,40
202.198.0.64,1,44
133.11.72.69,1,40
203.77.100.135,1,40
163.33.4.149,1,40
133.149.230.120,1,44
133.149.4.95,1,121
163.33.56.53,1,52
133.149.33.232,1,40
150.75.92.220,1,40
133.149.221.16,1,40
202.198.25.152,1,40
163.33.194.114,1,40
163.33.187.78,1,44
203.77.116.244,6,818
150.75.51.100,1,44
203.77.15.15,1,44
150.75.68.163,1,40
133.149.51.23,1,40
150.75.26.249,1,40
133.11.95.240,1,40
133.149.175.195,1,40
202.198.23.162,1,40
133.149.33.73,1,40
133.149.168.62,1,44
133.149.23.137,1,40
133.149.100.15,1,44
133.149.177.68,1,40
150.75.35.29,1,40
150.75.29.192,1,40
163.33.59.152,1,40
150.75.62.104,1,40
202.198.5.238,1,40
163.33.179.6,1,40
163.33.123.132,1,40
163.33.116.246,1,40
133.11.80.162,1,60
150.75.172.10,1,40
133.11.87.195,1,40
150.75.228.76,1,44
133.11.85.234,1,40
133.149.40.38,1,40
163.33.248.146,1,101
163.33.241.98,1,40
133.11.115.144,1,40
150.75.163.53,1,40
133.149.111.47,1,40
202.198.49.177,1,40
163.33.122.254,1,40
163.33.30.224,1,40
163.33.109.234,1,125
163.33.140.7,3,413
163.33.222.65,2,104
133.149.236.186,1,40
163.33.145.73,1,44
203.77.36.54,1,40
163.33.252.127,22,2166
163.33.12.171,1,110
133.149.38.226,1,40
203.77.33.19,1,40
150.75.172.9,1,40
150.75.209.80,1,40
163.33.240.216,1,40
163.33.228.246,1,40
150.75.79.62,1,52
150.75.26.141,1,40
150.75.161.105,1,40
163.33.44.55,1,40
163.33.30.66,1,40
202.198.44.162,1,40
203.77.117.238,1,40
203.77.119.64,1,60
203.77.106.176,1,40
163.33.181.205,1,44
133.149.247.131,1,40
150.75.29.145,1,40
150.75.125.232,1,40
150.75.202.164,1,44
133.149.53.4,1,40
133.11.92.188,1,40
133.11.84.143,1,40
163.33.152.117,1,40
133.11.85.248,1,40
150.75.247.5,1,40
203.77.18.175,1,40
133.149.249.221,1,40
133.149.173.153,1,58
150.75.164.99,1,40
133.149.27.37,1,40
202.198.3.108,1,44
163.33.160.1,1,40
133.11.68.159,1,52
133.149.162.180,1,44
163.33.154.91,1,40
203.77.93.56,1,40
163.33.170.23,1,40
133.149.114.222,1,40
163.33.18.246,1,40
202.198.16.154,1,40
133.11.89.43,1,40
163.33.112.43,1,40
150.75.5.230,1,40
133.149.168.224,1,40
133.149.202.100,1,40
163.33.64.176,1,52
133.149.161.224,1,40
203.77.120.88,1,40
203.77.116.197,1,52
150.75.35.220,1,40
133.149.247.173,1,40
150.75.36.23,1,40
163.33.236.230,1,40
150.75.248.171,1,52
133.11.105.217,1,68
150.75.58.238,1,40
202.198.53.156,1,40
150.75.3.226,1,40
133.149.21.45,1,40
150.75.114.113,1,44
203.77.118.154,1,60
133.149.92.232,1,40
133.149.91.106,1,40
163.33.178.98,1,40
203.77.26.183,1,40
202.198.7.252,1,40
150.75.168.139,1,40
133.149.75.110,1,40
133.149.193.153,1,40
150.75.179.103,1,44
133.149.84.232,1,40
133.149.7.178,1,40
133.11.80.36,1,60
150.75.23.91,1,48
150.75.184.180,1,44
150.75.110.35,1,40
133.149.51.189,1,40
150.75.165.105,2,104
150.75.208.57,1,40
150.75.251.4,1,40
133.149.215.179,1,40
150.75.200.231,1,40
150.75.210.170,1,44
150.75.130.190,1,40
133.149.108.196,1,40
163.33.181.104,1,44
133.149.164.54,1,40
202.198.51.34,1,40
163.33.14.90,1,40
150.75.169.42,1,40
150.75.246.129,1,40
150.75.111.162,1,40
150.75.90.87,1,40
163.33.147.52,1,40
150.75.80.139,1,40
163.33.106.167,1,40
150.75.112.149,1,40
133.149.74.212,1,40
133.149.99.178,1,40
133.149.115.145,1,33
203.77.85.136,1,44
203.77.75.64,1,40
150.75.188.91,1,40
150.75.229.214,1,40
202.198.8.53,1,40
202.25.109.179,1,40
133.149.159.7,1,40
150.75.23.19,1,40
133.149.57.91,1,40
133.149.200.170,1,44
133.149.169.71,1,40
150.75.19.24,1,44
202.25.109.161,1,40
133.149.243.92,1,40
163.33.12.168,1,40
150.75.228.228,2,80
163.33.178.78,1,40
150.75.43.134,1,40
133.11.102.109,1,44
133.149.92.80,1,44
133.149.6.199,1,40
133.149.66.116,1,40
163.33.1.50,1,40
163.33.184.247,1,40
133.149.120.136,1,40
150.75.106.25,1,40
203.77.43.106,1,40
150.75.23.249,1,40
133.149.120.53,1,40
203.77.106.16,1,52
163.33.114.219,1,40
133.11.89.74,1,40
163.33.12.151,1,40
150.75.240.103,1,40
133.149.3.23,1,40
150.75.233.26,1,40
150.75.57.208,1,40
133.149.164.206,1,40
163.33.158.99,1,40
202.204.60.22,1,60
163.33.64.177,1,40
163.33.33.138,1,40
133.11.110.199,1,40
163.33.204.227,1,121
203.77.123.240,1,44
133.149.8.202,1,40
163.33.98.30,1,44
133.149.177.146,1,40
163.33.252.63,1,40
203.77.11.24,1,40
133.149.202.129,1,40
133.149.47.155,1,40
133.149.168.159,1,40
163.33.174.23,1,52
150.75.164.129,1,40
133.149.91.112,1,40
133.149.188.203,1,40
150.75.48.81,2,112
133.149.182.81,1,40
202.25.107.217,1,52
203.77.80.252,1,40
202.198.42.189,1,40
150.75.84.100,1,40
163.33.53.180,1,44
150.75.61.160,1,40
133.149.113.233,1,48
163.33.107.210,5,517
203.77.42.100,1,40
133.11.101.250,1,48
150.75.9.61,1,40
133.11.99.36,2,80
203.77.127.57,1,84
203.77.5.12,1,44
163.33.73.97,1,40
133.149.211.17,1,40
150.75.116.224,1,40
150.75.172.141,1,40
133.149.12.230,1,40
150.75.213.104,1,40
133.149.221.12,1,40
150.75.168.95,1,40
150.75.105.38,1,40
133.149.211.143,1,40
203.77.83.78,1,40
163.33.143.144,1,40
133.149.74.74,1,40
150.75.206.70,1,40
133.149.111.129,1,40
133.149.179.94,1,40
150.75.205.179,1,40
150.75.197.223,1,44
133.11.105.8,1,48
163.33.19.35,1,40
163.33.85.229,1,44
133.149.121.71,1,40
163.33.120.33,2,72
133.149.162.128,1,40
133.11.78.48,1,40
163.33.178.136,1,40
150.75.226.40,1,40
133.149.5.17,1,44
203.77.26.171,1,40
150.75.73.10,1,40
133.149.21.248,1,40
133.149.253.56,1,40
150.75.238.231,1,40
150.75.176.77,1,40
203.77.125.86,1,44
163.33.120.97,1,32
133.149.25.250,1,40
133.149.240.15,1,40
133.149.127.74,1,40
133.149.101.221,1,40
203.77.39.158,1,40
133.149.192.249,1,40
150.75.152.234,2,80
133.11.95.55,1,60
133.149.92.252,1,40
202.204.57.106,1,40
133.149.244.131,1,40
133.149.229.12,1,40
133.149.107.147,1,44
150.75.68.112,1,40
202.198.52.212,1,40
163.33.80.2,1,40
202.198.37.104,1,40
133.11.109.103,1,44
203.77.118.142,1,60
150.75.161.245,1,40
133.149.87.115,1,40
133.11.84.144,1,48
163.33.247.150,1,40
133.11.114.96,1,40
150.75.124.132,1,44
202.198.0.60,1,40
133.11.72.183,1,40
133.149.137.55,1,40
133.149.114.103,1,40
202.198.3.250,1,40
163.33.100.102,1,52
150.75.97.32,1,44
203.77.6.115,1,60
133.149.239.8,1,40
133.149.66.0,1,44
150.75.164.55,1,40
133.149.40.191,1,40
202.15.129.48,1,44
163.33.179.34,1,40
150.75.46.94,1,40
163.33.80.251,1,40
150.75.67.182,1,40
163.33.104.21,2,80
133.149.130.150,1,40
163.33.3.234,1,40
133.149.37.187,1,44
150.75.202.206,1,40
150.75.151.220,1,40
202.198.0.212,1,40
133.149.42.170,1,40
150.75.173.212,1,58
163.33.98.40,1,40
202.198.19.2,1,40
203.77.74.29,1,40
163.33.79.159,1,40
150.75.197.199,1,40
133.149.100.216,1,40
133.149.221.89,1,40
133.11.103.203,1,40
133.149.111.72,1,40
150.75.187.177,1,40
133.149.53.191,1,40
133.11.109.145,1,40
133.149.211.100,1,40
133.149.198.199,1,40
163.33.87.0,1,44
202.198.51.155,1,40
150.75.30.32,1,40
150.75.77.64,1,40
133.149.63.84,1,40
163.33.133.103,1,40
163.33.255.122,1,40
150.75.70.110,1,40
133.11.76.215,1,40
150.75.195.55,1,40
150.75.156.64,1,40
150.75.57.138,1,40
150.75.108.252,1,40
163.33.163.87,1,40
203.77.25.55,1,40
133.149.38.247,1,40
133.149.158.227,1,40
163.33.251.102,1,40
133.149.214.211,1,40
150.75.235.0,1,44
163.33.32.136,1,40
150.75.201.91,1,40
203.77.41.222,1,40
163.33.225.13,1,40
150.75.234.84,2,80
133.149.197.159,1,40
133.149.16.253,1,40
163.33.141.236,1,40
133.149.187.175,1,40
150.75.38.95,1,40
163.33.213.9,1,40
203.77.101.103,1,40
150.75.81.71,1,40
150.75.253.104,1,40
202.198.43.112,1,40
202.198.32.181,1,40
202.204.60.184,1,52
150.75.151.4,1,40
150.75.70.104,1,40
150.75.28.130,1,40
163.33.211.167,1,52
203.77.25.159,1,40
133.149.216.58,1,40
202.204.63.199,1,40
150.75.207.75,1,40
202.198.55.35,1,40
133.149.133.54,1,40
203.77.10.173,1,40
150.75.48.240,1,40
150.75.47.53,1,40
203.77.73.99,1,40
133.149.64.245,1,40
133.149.59.71,1,44
163.33.62.169,4,577
133.11.111.115,1,40
133.11.87.243,1,60
133.11.70.205,1,52
133.149.169.47,1,40
202.198.60.108,1,40
133.149.179.89,1,40
150.75.16.247,1,40
163.33.99.188,1,44
133.149.166.118,1,40
163.33.113.53,1,40
150.75.77.101,1,44
163.33.7.135,1,44
163.33.4.114,1,40
133.149.46.48,1,40
203.77.39.180,1,40
133.149.65.112,1,40
133.149.141.63,1,40
133.149.143.135,1,40
163.33.114.4,1,40
150.75.130.10,1,40
150.75.230.221,1,44
150.75.170.158,1,40
133.149.50.113,1,40
133.11.90.48,1,40
150.75.122.248,1,40
163.33.185.18,1,40
163.33.209.224,1,40
133.149.0.5,1,44
133.11.77.102,1,40
203.77.118.239,1,60
133.149.93.230,1,40
150.75.166.248,1,40
203.77.99.125,1,40
150.75.126.225,1,40
163.33.62.173,2,162
150.75.201.149,1,40
133.149.137.8,1,40
163.33.74.253,1,40
133.11.96.121,1,40
133.149.174.222,1,60
203.77.9.21,1,40
163.33.167.247,1,40
203.77.101.82,1,40
133.149.47.189,1,40
150.75.250.69,1,40
150.75.252.188,1,40
163.33.53.251,1,40
203.77.49.150,1,40
150.75.186.36,2,84
150.75.183.227,1,40
150.75.85.83,1,40
150.75.95.63,1,40
133.149.175.144,1,40
133.149.35.196,1,40
150.75.92.181,1,40
203.77.40.227,1,52
150.75.76.160,1,60
163.33.30.100,1,40
163.33.92.114,1,40
150.75.63.81,1,40
133.149.81.137,2,80
133.149.208.239,1,40
163.33.105.91,1,44
163.33.199.70,1,100
150.75.131.147,1,40
163.33.208.96,1,40
202.198.19.190,1,40
150.75.31.135,1,40
163.33.216.220,1,40
163.33.18.79,1,40
133.149.107.170,1,40
133.149.139.252,1,40
203.77.45.163,1,44
150.75.174.94,1,60
150.75.173.125,1,40
133.11.87.93,1,40
163.33.62.172,1,91
150.75.218.181,1,40
150.75.118.114,1,40
163.33.185.111,1,40
163.33.93.251,1,52
150.75.254.27,1,44
203.77.15.114,1,40
133.11.69.112,1,40
133.149.121.178,1,44
203.77.105.7,1,44
163.33.253.24,1,44
133.149.168.53,1,44
202.198.47.132,1,40
150.75.180.243,1,40
163.33.45.15,1,40
133.149.115.155,1,40
133.11.69.209,1,40
133.149.89.249,1,44
163.33.206.149,1,40
150.75.62.84,1,40
150.75.84.223,1,40
202.198.46.153,1,44
133.11.89.182,1,40
203.77.17.136,1,40
150.75.237.37,1,40
202.198.0.243,1,40
203.77.76.173,1,40
203.77.83.0,1,40
133.11.126.77,1,860
133.11.81.213,1,60
133.149.114.210,1,40
133.11.98.50,1,40
202.204.57.54,1,40
150.75.218.44,2,80
203.77.126.123,1,40
203.77.88.48,1,40
202.198.40.129,5,218
163.33.237.81,2,114
133.149.60.247,1,40
133.149.244.203,1,40
150.75.198.64,1,60
150.75.3.202,1,40
133.149.25.214,1,40
163.33.94.13,4,592
150.75.93.68,1,40
203.77.72.221,1,40
150.75.26.133,1,40
163.33.235.70,1,40
150.75.183.75,1,40
203.77.91.110,1,40
133.149.176.234,1,40
133.149.113.29,1,40
163.33.42.179,1,40
203.77.66.227,1,40
163.33.79.154,1,44
133.149.216.180,1,40
163.33.75.44,1,52
163.33.226.245,1,52
150.75.39.195,2,80
150.75.186.84,1,40
133.149.195.244,1,40
150.75.63.208,1,40
163.33.85.90,1,40
203.77.47.166,1,40
133.149.70.234,1,40
133.11.74.165,1,60
133.149.165.139,1,40
163.33.88.92,1,40
133.11.79.226,1,40
133.149.195.183,1,40
133.149.30.109,1,40
150.75.6.234,1,40
150.75.251.79,1,40
150.75.192.57,1,40
133.149.165.69,1,40
202.198.62.12,1,40
133.149.33.64,1,40
202.204.60.189,1,52
203.77.101.199,1,40
133.149.229.200,1,40
150.75.216.202,1,40
133.149.231.67,1,40
150.75.183.2,1,40
150.75.55.190,1,40
133.149.73.235,1,40
133.149.0.55,1,40
133.149.109.222,1,40
202.198.46.199,1,40
163.33.192.167,1,40
133.11.90.82,1,44
163.33.47.187,1,40
133.11.84.30,1,60
203.77.7.0,1,40
163.33.83.131,1,40
150.75.196.65,1,40
133.149.44.204,1,40
133.149.149.100,1,40
163.33.247.87,1,48
163.33.145.103,1,44
203.77.28.190,1,40
163.33.191.200,4,707
150.75.189.202,1,40
150.75.129.201,1,40
150.75.192.114,1,40
163.33.190.168,1,40
133.11.77.51,1,40
133.149.107.202,1,44
203.77.2.64,1,40
163.33.2.106,1,40
133.11.103.232,1,40
150.75.26.54,1,40
163.33.174.221,1,40
150.75.26.198,1,40
163.33.192.79,1,40
133.149.44.228,1,40
150.75.24.126,1,40
150.75.65.25,1,44
163.33.144.172,1,40
202.198.4.225,1,40
163.33.186.126,4,319
133.11.72.20,1,40
150.75.74.110,1,40
150.75.61.35,1,40
150.75.84.249,1,40
203.77.124.162,1,40
163.33.205.34,1,40
150.75.66.126,1,40
150.75.111.51,1,40
133.149.98.141,1,40
133.11.66.33,1,40
150.75.15.221,1,44
133.149.222.194,1,40
133.149.93.33,1,40
203.77.13.110,1,40
150.75.111.215,1,40
150.75.163.202,1,40
150.75.168.177,1,40
133.11.103.208,1,40
150.75.214.202,1,40
150.75.134.86,2,84
150.75.111.78,1,40
150.75.74.103,1,40
133.149.65.188,1,40
150.75.166.38,1,40
203.77.107.43,1,40
133.149.63.50,1,40
133.149.59.32,1,40
133.11.127.83,1,40
133.149.96.192,1,40
150.75.78.179,1,40
163.33.175.2,1944,2668615
150.75.185.185,1,44
133.149.6.225,1,40
133.149.31.231,1,44
150.75.214.114,1,40
202.198.47.134,1,40
150.75.208.132,1,48
133.149.186.211,1,40
150.75.16.81,1,40
150.75.126.21,2,80
150.75.86.47,1,40
203.77.83.122,1,40
133.149.152.24,1,40
133.149.63.74,1,40
150.75.204.127,1,40
163.33.44.23,1,40
203.77.34.11,1,40
150.75.144.216,1,44
150.75.204.57,1,40
163.33.71.218,1,40
150.75.5.100,1,40
163.33.36.234,1,40
163.33.146.11,1,44
133.149.113.41,1,40
163.33.126.90,1,40
133.149.89.160,1,40
202.198.59.243,1,40
150.75.240.175,1,40
202.198.36.15,1,40
163.33.1.6,1,40
163.33.253.191,5,1965
133.11.74.55,1,60
163.33.47.195,1,40
133.11.124.72,1,40
150.75.60.210,1,40
133.149.67.231,1,48
150.75.105.206,1,40
133.149.225.191,1,40
133.149.255.42,1,40
163.33.185.228,1,910
133.149.32.198,1,40
133.149.59.196,1,40
133.149.195.103,1,40
202.198.45.127,1,40
163.33.132.143,1,40
150.75.74.26,1,40
203.77.122.213,1,52
133.149.247.179,1,40
163.33.144.36,1,40
133.149.238.27,2,80
133.149.36.93,1,40
133.149.245.214,1,40
133.149.175.38,1,40
133.149.254.58,1,48
133.149.72.238,1,40
133.149.135.38,1,40
150.75.161.152,2,84
203.77.12.92,1,40
133.149.234.150,1,40
150.75.93.217,1,40
163.33.230.235,1,40
150.75.180.249,1,40
150.75.251.218,1,40
133.149.252.56,1,58
163.33.141.53,1,40
150.75.44.176,1,40
150.75.30.169,1,40
163.33.63.169,1,517
150.75.44.178,1,40
163.33.84.69,1,115
150.75.152.197,1,40
150.75.179.107,1,44
133.11.95.166,1,40
133.149.10.31,1,40
203.77.27.204,1,40
133.149.170.30,1,44
163.33.254.45,1,44
150.75.174.140,1,40
202.198.63.38,1,40
150.75.76.232,1,40
203.77.125.112,1,40
150.75.43.228,1,576
133.149.217.68,1,40
163.33.111.105,1,40
203.77.75.28,1,40
133.149.120.173,1,40
163.33.103.41,1,40
150.75.109.90,1,40
150.75.184.19,1,40
133.149.114.127,1,40
203.77.126.43,1,60
133.149.187.29,1,44
133.149.79.123,1,44
133.11.68.234,1,40
150.75.10.76,1,40
163.33.235.129,1,103
133.11.98.240,1,40
203.77.23.176,1,44
133.149.219.132,1,40
133.149.114.229,1,40
203.77.121.113,1,52
133.149.146.163,1,40
133.149.218.60,1,40
133.149.145.55,1,40
133.149.0.13,1,40
150.75.90.245,1,40
202.198.60.26,1,40
163.33.176.111,1,44
133.149.104.167,1,40
133.149.93.71,1,48
133.149.122.251,1,40
163.33.144.211,1,44
150.75.123.191,1,40
133.149.93.173,1,44
203.77.112.212,2,161
133.11.82.214,1,40
163.33.94.146,2,210
202.198.52.140,1,40
150.75.102.192,1,40
163.33.106.147,1,40
150.75.218.188,1,40
163.33.107.153,1,40
202.198.23.41,1,40
133.11.66.107,1,40
133.149.219.216,1,40
163.33.145.124,1,44
203.77.117.41,1,44
163.33.128.124,1,40
133.149.85.135,1,40
133.149.145.65,1,40
163.33.62.132,1,75
163.33.250.173,1,40
163.33.228.173,1,44
133.149.211.88,1,40
133.11.77.254,1,60
150.75.6.123,1,40
150.75.156.121,1,40
150.75.94.31,1,40
163.33.133.90,1,40
163.33.63.130,3,863
150.75.169.126,1,40
203.77.104.122,1,40
133.149.114.57,1,40
133.149.151.56,1,121
150.75.26.247,1,44
150.75.106.145,1,58
150.75.72.35,1,40
133.149.41.253,1,40
150.75.10.90,1,40
133.11.81.180,1,40
150.75.13.253,1,40
133.149.90.136,1,40
163.33.91.53,1,40
133.149.49.14,1,40
163.33.93.229,2,349
163.33.112.173,1,40
133.11.109.23,1,40
163.33.150.150,1,40
133.149.220.162,1,40
163.33.177.238,1,40
133.11.70.43,1,40
150.75.233.80,1,60
133.149.34.87,1,40
163.33.244.250,1,40
150.75.122.7,1,40
150.75.14.99,1,44
133.11.70.112,1,121
163.33.4.207,1,44
133.11.84.165,1,40
202.198.50.65,1,40
133.11.65.22,1,60
203.77.64.193,1,40
202.198.23.74,1,40
163.33.245.127,1,52
133.149.41.227,1,44
133.11.78.69,1,40
163.33.1.86,1,40
203.77.78.44,1,44
150.75.65.233,1,40
150.75.38.96,1,40
163.33.235.14,2,113
133.149.217.218,1,40
203.77.119.181,1,60
133.11.88.156,1,40
203.77.12.98,1,44
133.149.212.122,1,44
163.33.215.29,1,40
133.149.85.89,1,44
133.149.233.63,1,44
133.11.64.245,1,40
133.149.186.192,1,40
163.33.160.182,1,40
163.33.63.172,2,497
133.149.19.196,1,40
150.75.136.244,1,40
163.33.239.7,1,40
133.11.102.163,1,40
202.15.129.46,1,40
133.149.54.111,1,40
133.149.74.54,1,121
133.11.115.94,1,40
150.75.173.37,1,40
202.198.59.130,1,40
133.149.221.86,1,40
133.11.78.209,1,40
133.149.87.136,1,40
163.33.205.235,1,40
203.77.81.171,1,40
163.33.188.149,4,2114
150.75.23.117,1,40
133.149.54.229,1,44
150.75.148.64,1,40
163.33.117.164,1,40
133.149.115.91,1,40
133.149.147.131,1,40
203.77.22.39,1,40
133.149.0.153,1,40
150.75.20.63,1,44
163.33.12.23,1,40
133.11.66.9,1,60
133.149.86.83,1,40
203.77.124.23,1,52
133.149.80.176,1,40
150.75.87.73,1,40
203.77.8.73,1,44
202.198.40.104,1,40
202.198.55.75,1,40
133.149.39.136,1,40
203.77.70.85,1,40
202.198.6.157,1,40
203.77.42.79,1,40
133.149.240.182,1,44
133.149.235.234,1,40
150.75.57.218,1,40
133.149.253.184,1,40
163.33.95.96,2,210
150.75.178.6,1,40
163.33.6.237,1,40
133.11.87.88,1,40
163.33.95.46,4,403
150.75.122.249,1,40
163.33.212.130,1,40
150.75.134.152,1,40
163.33.112.232,1,40
203.77.59.7,1,40
133.149.14.50,1,40
203.77.95.44,1,40
150.75.188.228,1,40
203.77.37.109,1,40
133.149.106.252,1,40
150.75.33.36,1,40
133.11.103.191,1,48
150.75.203.134,1,44
203.77.58.139,1,40
163.33.195.253,1,40
203.77.17.48,1,60
163.33.90.240,1,40
133.149.184.73,1,52
203.77.93.123,1,40
133.149.207.146,1,40
163.33.168.62,1,40
133.149.207.108,1,40
150.75.24.141,1,44
133.149.208.36,1,40
203.77.125.27,1,40
133.149.1.71,1,40
150.75.188.116,1,40
163.33.60.83,1,40
163.33.128.41,1,40
202.198.24.141,1,40
202.198.12.57,1,44
150.75.64.59,1,40
163.33.115.53,1,40
163.33.109.92,1,121
150.75.117.37,1,576
163.33.42.28,1,40
202.198.0.156,3,671
150.75.210.235,1,576
163.33.141.94,1,40
150.75.38.168,1,40
150.75.207.87,1,40
133.11.118.137,1,40
133.149.105.105,1,40
133.149.25.200,1,40
150.75.145.246,1,40
150.75.141.171,1,40
163.33.37.49,1,40
150.75.37.138,1,40
150.75.21.102,1,40
163.33.29.15,1,40
133.149.119.14,1,44
202.198.18.93,1,40
133.149.65.150,1,40
163.33.80.180,1,40
163.33.61.6,1,40
133.149.45.20,1,40
203.77.79.101,1,40
150.75.184.244,1,40
163.33.140.222,2,132
150.75.148.194,1,44
150.75.236.167,1,40
163.33.166.252,1,40
133.149.43.173,1,40
150.75.42.10,1,52
133.149.123.95,1,40
133.149.21.166,1,44
150.75.78.222,1,40
163.33.180.79,1,40
163.33.167.156,1,40
163.33.192.217,1,40
163.33.150.239,1,40
203.77.83.64,1,40
133.149.101.107,1,40
133.149.26.234,1,40
163.33.113.139,1,40
150.75.119.135,1,44
163.33.142.147,1,40
133.149.254.56,1,40
133.149.228.114,1,40
202.198.2.148,1,40
163.33.79.23,1,48
150.75.103.129,1,40
150.75.167.109,1,40
150.75.114.166,1,40
133.149.235.244,1,40
203.77.0.101,1,40
133.11.80.208,1,220
150.75.229.243,1,121
203.77.120.84,1,97
150.75.97.229,1,40
133.149.121.38,1,40
150.75.117.221,1,40
133.149.32.122,2,80
150.75.72.181,1,40
163.33.90.18,1,40
150.75.218.139,1,48
150.75.207.71,1,40
163.33.8.67,1,40
150.75.41.52,1,40
163.33.89.158,1,40
133.149.176.152,1,40
150.75.1.241,1,40
203.77.11.90,1,40
202.198.61.41,1,58
150.75.211.94,1,44
163.33.168.170,2,386
133.149.211.233,1,40
163.33.85.50,1,40
163.33.143.19,1,40
203.77.30.236,1,40
163.33.80.138,1,40
202.198.36.223,1,40
150.75.221.200,1,40
150.75.153.217,1,40
133.149.182.51,1,40
150.75.1.97,1,40
163.33.80.30,1,182
150.75.255.168,1,40
163.33.244.187,2,111
202.198.61.182,1,40
150.75.6.195,1,40
150.75.83.243,1,40
150.75.1.141,1,60
203.77.118.238,1,60
203.77.66.54,1,40
163.33.160.234,1,40
150.75.9.98,1,40
163.33.235.205,1,52
150.75.71.231,1,40
163.33.71.81,1,121
133.149.228.2,1,40
150.75.200.114,1,40
133.11.67.197,1,40
163.33.15.24,1,40
163.33.231.62,1,40
150.75.91.220,1,40
150.75.106.126,1,40
203.77.6.55,1,40
133.149.13.99,1,40
133.149.169.85,1,40
203.77.91.194,1,40
163.33.104.135,1,40
133.149.130.155,1,40
163.33.96.68,1,60
133.149.74.229,1,44
133.149.245.91,1,40
150.75.8.62,1,40
202.198.8.146,1,60
150.75.165.145,1,40
133.11.104.163,4,240
150.75.140.67,1,40
133.11.66.177,1,40
163.33.233.124,1,40
133.11.85.110,1,60
150.75.168.50,1,40
150.75.103.218,1,40
150.75.98.234,1,40
203.77.67.132,1,40
133.149.61.88,1,40
150.75.143.176,1,40
150.75.87.1,1,40
133.149.238.120,1,40
133.11.93.43,1,40
133.149.124.3,1,40
133.149.7.88,1,40
163.33.247.246,1,40
163.33.87.110,1,44
203.77.106.239,1,40
133.149.214.116,1,40
133.149.138.247,1,40
150.75.82.10,1,40
133.149.240.32,1,40
163.33.104.169,1,40
163.33.244.168,3,377
133.149.84.224,1,40
203.77.47.11,1,40
133.149.69.253,1,40
150.75.93.193,1,40
163.33.253.33,1,48
163.33.92.210,1,40
150.75.68.245,1,40
163.33.154.203,1,40
163.33.95.163,1,40
163.33.124.74,1,40
150.75.93.141,1,40
133.149.200.66,1,40
203.77.28.108,1,40
133.149.183.213,1,40
150.75.199.190,1,44
163.33.150.126,1,40
163.33.8.85,1,40
133.149.69.99,1,40
163.33.49.32,1,44
163.33.76.97,1,40
133.149.108.156,1,40
163.33.122.232,1,40
150.75.222.94,1,40
163.33.93.211,3,156
163.33.180.191,1,40
150.75.198.98,1,40
203.77.103.219,1,44
133.149.233.187,1,40
163.33.167.6,1,40
163.33.115.87,1,40
150.75.169.34,1,40
150.75.251.196,1,40
163.33.214.107,1,40
133.149.38.223,1,40
150.75.70.73,1,40
133.149.190.147,1,40
133.11.71.134,1,40
163.33.123.142,1,40
133.149.13.185,1,40
163.33.253.108,1,52
163.33.111.44,1,60
163.33.132.103,1,40
133.149.99.235,1,40
202.198.37.143,1,40
133.149.183.177,1,40
133.149.146.143,1,40
163.33.149.196,1,40
163.33.7.191,1,40
133.149.35.46,1,40
203.77.117.249,1,44
163.33.122.163,1,40
202.198.19.13,1,40
202.204.61.194,1,40
163.33.211.31,1,40
203.77.46.171,1,40
133.11.127.134,1,44
202.198.0.115,1,40
150.75.43.153,1,40
203.77.7.152,1,40
133.149.239.25,1,40
150.75.15.38,1,40
133.149.201.6,1,44
163.33.52.121,1,40
150.75.136.105,1,40
150.75.104.122,1,40
133.149.7.198,1,40
150.75.111.216,1,40
150.75.7.91,1,40
150.75.206.103,1,40
133.149.34.170,1,40
163.33.173.127,1,40
150.75.234.223,1,44
203.77.63.253,1,52
133.149.108.122,1,40
163.33.41.120,1,40
133.149.100.132,1,40
163.33.64.122,1,40
163.33.91.169,2,80
163.33.147.240,1,40
133.149.122.25,1,52
163.33.131.3,1,40
133.149.238.162,1,40
202.198.22.220,1,40
150.75.98.8,1,40
133.149.9.39,1,40
163.33.1.176,1,40
163.33.116.181,1,40
133.149.19.53,1,40
163.33.139.140,1,40
163.33.202.180,1,40
202.198.59.168,1,40
203.77.112.36,1,40
133.149.186.185,1,40
150.75.124.163,1,40
163.33.195.168,1,40
163.33.48.119,1,40
150.75.25.80,1,40
163.33.160.123,1,40
150.75.92.205,1,40
150.75.43.16,1,40
133.149.17.24,1,40
133.149.138.0,1,57
133.149.214.184,1,40
133.149.70.0,1,40
133.149.17.6,2,92
133.11.117.3,2,80
163.33.118.188,1,40
163.33.53.236,1,40
202.198.21.25,1,40
203.77.109.34,1,44
163.33.112.166,1,40
133.149.82.205,1,52
163.33.8.116,1,40
150.75.10.228,1,40
163.33.112.85,1,40
133.11.95.201,1,48
150.75.66.194,1,40
133.149.195.105,1,40
150.75.37.30,1,40
202.198.42.90,1,44
202.198.63.153,1,40
202.198.26.85,1,40
163.33.107.16,1,40
133.149.10.250,1,40
150.75.170.46,1,44
150.75.50.173,1,40
163.33.237.46,1,40
133.149.196.145,1,40
150.75.77.68,5,200
203.77.84.147,1,40
133.149.222.228,1,40
203.77.0.207,1,52
163.33.127.159,1,40
150.75.138.5,1,40
150.75.52.238,1,44
203.77.52.185,1,40
163.33.216.31,1,40
150.75.87.0,1,40
163.33.88.114,1,40
133.149.231.141,1,52
133.149.1.197,1,40
163.33.248.148,2,477
133.11.75.28,1,40
150.75.109.68,1,40
133.149.43.89,1,40
203.77.62.50,1,40
133.11.89.140,1,40
163.33.107.139,1,40
163.33.79.217,1,40
133.149.208.12,1,40
163.33.19.143,1,40
163.33.93.150,1,40
133.149.214.45,1,44
133.149.63.76,1,40
163.33.31.236,1,40
133.149.217.206,1,40
163.33.127.195,1,40
150.75.99.146,1,40
163.33.81.242,1,40
163.33.128.113,1,40
150.75.163.143,1,40
133.11.77.39,1,40
150.75.129.247,1,44
163.33.62.187,1,40
150.75.19.140,1,40
203.77.49.22,1,40
163.33.137.254,1,40
163.33.221.198,1,40
163.33.25.156,1,40
163.33.211.135,1,40
203.77.103.99,1,40
163.33.114.169,1,40
133.149.174.12,1,40
163.33.94.212,1,40
163.33.246.240,1,40
202.204.63.38,1,40
163.33.188.95,1,40
163.33.250.254,1,40
133.11.115.140,1,40
202.198.9.58,1,40
163.33.189.160,1,40
163.33.166.139,1,40
163.33.19.173,1,160
163.33.88.81,1,40
163.33.39.60,1,40
163.33.146.33,1,40
202.198.54.152,1,40
163.33.95.89,4,514
163.33.195.172,1,40
163.33.255.27,1,71
203.77.12.66,1,40
202.198.29.142,1,40
163.33.166.236,1,40
150.75.32.91,1,40
203.77.101.236,1,40
163.33.114.124,1,40
202.198.50.216,1,40
163.33.83.137,1,40
150.75.43.3,1,40
163.33.236.220,1,44
150.75.110.216,1,40
163.33.200.173,1,40
163.33.64.98,1,40
163.33.202.116,1,40
150.75.132.191,1,40
133.149.99.57,1,40
163.33.180.62,1,40
163.33.169.109,1,40
163.33.39.239,1,40
163.33.132.249,1,40
150.75.91.212,1,40
150.75.134.216,1,40
133.149.33.78,1,40
133.149.184.131,1,40
163.33.11.129,1,40
133.11.123.67,1,60
150.75.56.125,1,40
133.11.98.12,1,40
202.198.58.7,1,40
133.149.92.146,1,40
163.33.151.78,1,40
163.33.107.129,1,40
163.33.71.88,1,40
163.33.41.7,1,40
163.33.79.181,1,40
203.77.34.25,1,44
163.33.169.8,1,40
163.33.138.25,1,40
163.33.227.246,1,40
150.75.47.127,1,40
163.33.239.217,1,190
133.149.95.20,1,40
163.33.133.223,1,40
150.75.129.25,1,576
202.198.44.101,1,52
163.33.211.15,1,40
163.33.110.239,1,40
163.33.203.212,1,40
133.149.46.32,1,44
163.33.159.106,1,40
163.33.3.191,1,40
163.33.202.205,2,80
133.149.3.66,1,40
163.33.35.177,1,40
163.33.24.145,1,40
133.149.167.113,1,40
133.149.8.246,1,40
163.33.106.138,1,56
203.77.39.56,1,44
150.75.111.106,1,44
163.33.140.84,1,40
150.75.144.56,1,40
203.77.11.132,1,40
133.149.149.215,1,40
133.149.56.160,1,40
163.33.240.87,1,40
163.33.209.215,1,40
150.75.178.147,1,40
150.75.75.201,2,88
163.33.216.173,1,40
133.11.69.16,1,60
163.33.65.231,1,40
203.77.102.159,1,40
203.77.103.185,1,40
133.149.172.19,1,52
163.33.88.2,1,40
150.75.42.161,1,40
163.33.237.225,1,40
163.33.80.92,1,40
150.75.231.128,1,40
163.33.181.47,1,40
163.33.45.17,1,40
163.33.145.253,1,40
150.75.174.170,1,52
203.77.86.166,1,40
133.11.121.37,1,40
163.33.83.100,2,80
133.149.106.141,1,40
133.149.33.236,1,40
163.33.109.90,1,40
163.33.94.234,1,83
202.198.33.252,1,40
163.33.174.224,1,40
133.149.136.10,1,40
163.33.173.28,1,40
163.33.78.167,1,40
150.75.205.171,1,40
202.198.37.149,1,44
202.198.37.150,1,44
163.33.147.132,1,40
163.33.198.98,1,40
150.75.44.193,2,80
203.77.113.98,1,40
163.33.140.162,1,40
202.198.11.56,1,40
163.33.224.56,1,40
150.75.199.166,1,40
163.33.62.134,1,172
133.11.73.194,1,40
163.33.238.115,1,40
150.75.133.124,1,40
150.75.153.164,1,40
203.77.96.186,1,40
163.33.28.152,1,40
133.149.103.52,1,40
163.33.3.180,1,40
133.149.153.208,1,40
163.33.124.4,1,40
150.75.121.106,1,40
202.198.43.134,1,44
133.149.57.10,1,40
163.33.73.80,1,40
203.77.96.236,1,40
150.75.184.142,1,40
150.75.32.125,1,40
133.149.252.226,1,40
163.33.33.134,1,40
133.149.3.162,1,40
133.149.28.28,1,40
163.33.20.149,1,40
163.33.67.88,1,40
163.33.20.224,1,40
203.77.103.236,1,44
150.75.52.132,1,44
150.75.110.189,1,40
133.149.47.78,1,44
163.33.168.194,1,40
133.149.243.195,1,40
133.149.46.105,1,44
150.75.136.60,1,40
133.149.214.127,1,40
133.149.186.245,1,40
202.198.14.18,1,40
163.33.18.64,1,40
150.75.87.117,1,40
150.75.163.205,1,40
133.149.218.6,1,40
163.33.238.145,1,40
163.33.128.173,1,48
203.77.18.25,1,40
150.75.126.168,1,40
203.77.5.87,1,40
163.33.203.231,2,80
163.33.94.64,2,80
163.33.92.135,1,40
133.149.74.14,1,40
202.198.36.52,1,40
133.149.178.112,1,40
133.149.132.70,1,40
150.75.69.192,1,44
133.11.120.31,1,32
202.198.50.223,1,40
150.75.241.196,1,40
150.75.55.23,1,576
150.75.100.202,1,40
203.77.103.184,1,44
150.75.28.126,1,40
133.149.157.21,1,40
133.149.51.46,1,40
133.149.113.186,1,40
150.75.86.145,1,40
133.149.6.21,1,40
150.75.121.12,1,40
163.33.244.221,1,40
163.33.60.3,1,40
163.33.66.207,1,40
163.33.11.214,1,40
150.75.102.191,1,40
133.149.220.240,1,40
163.33.59.54,1,40
133.149.48.7,1,40
150.75.164.177,1,40
133.149.68.219,1,40
163.33.109.174,1,40
202.198.37.175,1,44
163.33.207.119,1,40
133.149.157.57,1,40
163.33.50.229,1,40
133.149.247.24,1,40
150.75.80.227,1,40
133.149.78.170,1,40
163.33.246.43,1,40
150.75.97.15,1,40
203.77.43.25,1,40
163.33.164.224,1,40
163.33.80.224,1,40
163.33.181.243,1,40
203.77.89.57,1,44
163.33.239.211,1,40
133.11.88.83,1,60
150.75.60.23,1,40
163.33.166.234,1,40
133.149.238.55,1,40
163.33.171.172,1,40
150.75.148.176,1,40
133.149.12.9,1,40
163.33.142.75,1,40
163.33.102.199,1,40
163.33.135.231,1,44
133.11.73.218,1,40
133.11.78.86,1,40
163.33.78.72,1,40
163.33.226.30,1,44
133.149.90.48,1,40
133.149.96.210,1,40
163.33.94.100,1,40
133.149.232.134,1,44
133.149.27.209,1,40
163.33.150.226,1,40
163.33.126.21,1,40
133.149.157.157,1,40
150.75.145.39,1,40
163.33.182.175,1,40
163.33.191.236,1,64
150.75.241.140,1,40
163.33.118.96,1,40
133.149.244.18,1,40
150.75.62.238,1,40
133.149.103.114,1,44
133.149.36.74,1,40
133.149.22.156,1,40
163.33.38.65,1,40
163.33.50.164,1,40
163.33.144.51,1,40
150.75.131.65,1,40
163.33.29.78,1,40
150.75.218.30,1,40
163.33.183.92,1,40
150.75.96.112,1,40
150.75.60.255,1,40
163.33.71.54,1,40
163.33.52.12,1,40
163.33.10.60,1,40
150.75.174.34,1,40
150.75.103.206,1,40
133.11.115.223,1,40
133.149.163.41,1,40
163.33.23.218,1,40
163.33.58.247,1,40
163.33.51.176,1,60
163.33.123.116,1,40
163.33.136.178,1,40
163.33.138.23,1,40
203.77.102.209,1,40
150.75.77.161,1,40
150.75.10.3,1,40
150.75.49.216,1,40
163.33.146.184,1,40
163.33.233.44,1,40
163.33.146.188,1,44
163.33.210.87,1,40
202.198.33.84,1,60
163.33.181.198,1,40
150.75.61.113,1,40
163.33.82.207,1,40
150.75.240.128,1,40
150.75.228.65,1,60
163.33.119.38,1,40
163.33.103.115,1,40
133.11.95.46,1,40
133.149.103.112,1,40
150.75.3.217,1,40
163.33.105.132,1,40
150.75.70.27,1,40
203.77.30.25,1,40
133.149.143.123,1,40
163.33.214.231,1,40
203.77.42.44,1,40
163.33.149.2,1,40
150.75.160.150,1,44
163.33.238.204,1,40
163.33.18.41,1,40
133.149.225.2,1,40
133.11.97.119,1,48
133.149.83.21,1,40
150.75.103.156,1,40
133.149.179.221,1,40
163.33.129.134,1,40
163.33.56.13,1,40
163.33.114.253,1,40
150.75.97.171,1,44
202.198.2.116,1,40
163.33.80.245,1,40
163.33.217.20,1,40
150.75.145.25,1,40
163.33.134.176,1,40
133.149.168.239,1,40
163.33.55.12,1,40
150.75.174.174,1,40
203.77.21.151,1,40
163.33.252.225,1,40
133.149.79.9,1,44
203.77.29.154,1,40
163.33.194.210,1,40
203.77.2.209,1,44
163.33.179.128,1,40
163.33.69.194,1,40
203.77.51.194,1,40
203.77.13.177,1,40
133.149.163.68,1,40
163.33.158.241,1,40
202.204.57.192,1,40
133.149.160.62,1,40
150.75.223.14,1,40
133.149.174.143,1,40
203.77.53.19,1,40
203.77.78.183,1,40
203.77.126.207,1,60
150.75.68.133,1,40
163.33.134.31,1,40
163.33.203.2,443,640812
163.33.14.210,1,40
133.149.153.205,1,44
133.149.114.25,1,40
163.33.66.61,1,40
133.149.161.36,1,40
163.33.220.223,1,40
163.33.36.59,1,40
163.33.168.212,1,40
150.75.230.204,1,40
163.33.18.36,1,40
163.33.68.199,1,68
163.33.240.174,1,40
202.204.56.241,1,40
203.77.96.221,1,40
133.11.111.99,1,40
163.33.128.91,1,40
150.75.85.2,1,40
163.33.175.180,1,40
163.33.85.239,1,40
163.33.109.150,1,40
150.75.21.7,1,40
150.75.7.82,1,40
163.33.3.38,1,40
133.149.139.220,1,60
163.33.6.229,1,40
163.33.71.180,1,40
163.33.39.78,1,40
133.149.43.137,1,44
163.33.123.146,1,44
133.149.156.218,1,40
133.149.94.223,1,40
133.149.230.134,1,40
163.33.196.73,1,52
202.198.48.96,1,40
163.33.93.92,1,40
163.33.29.154,1,40
163.33.240.182,1,40
203.77.109.17,1,40
163.33.159.133,1,40
163.33.78.108,1,40
163.33.214.209,1,40
133.149.32.187,1,40
202.198.50.4,1,40
150.75.141.254,1,40
150.75.87.67,1,40
163.33.174.17,1,40
202.204.61.3,1,40
163.33.53.183,1,40
163.33.247.208,1,40
163.33.194.70,1,40
133.11.74.242,1,40
202.198.49.109,1,40
150.75.37.205,1,40
133.149.62.233,1,40
150.75.222.210,1,40
163.33.172.234,1,40
150.75.70.66,1,40
203.77.64.87,1,40
150.75.144.119,1,44
150.75.21.143,1,40
203.77.112.140,1,40
133.11.74.215,1,40
163.33.65.14,1,44
150.75.201.176,1,40
203.77.22.16,1,44
163.33.71.128,1,40
163.33.104.190,1,40
133.149.191.175,1,40
150.75.10.148,1,40
163.33.195.171,1,44
150.75.142.123,1,40
150.75.115.182,1,40
203.77.25.76,1,44
133.149.218.114,1,40
133.149.109.65,1,40
150.75.186.78,1,40
203.77.102.249,1,40
150.75.148.179,1,40
163.33.16.204,1,40
133.11.64.113,1,52
203.77.14.154,1,121
163.33.172.9,1,40
163.33.171.233,1,40
133.149.160.102,1,40
163.33.65.203,1,40
163.33.3.133,1,40
133.149.7.208,1,40
133.149.182.1,1,40
163.33.94.208,3,187
133.11.70.221,1,40
150.75.51.238,1,40
133.149.34.141,1,40
133.149.148.158,1,40
202.198.45.96,2,80
163.33.80.154,1,40
163.33.102.155,1,40
150.75.43.104,1,40
163.33.117.37,1,40
163.33.81.69,1,40
150.75.21.63,1,40
150.75.155.235,1,40
202.198.9.232,1,40
163.33.138.192,1,40
203.77.10.4,1,40
133.11.119.103,1,40
133.149.209.211,1,44
163.33.168.183,1,40
133.149.3.198,1,40
163.33.193.171,1,40
202.198.8.120,1,40
133.149.43.165,1,40
163.33.81.134,2,138
163.33.194.36,1,40
163.33.200.4,1,40
163.33.89.255,1,40
203.77.31.241,1,40
150.75.144.169,1,44
202.198.36.79,1,40
163.33.46.128,1,40
133.149.253.126,1,40
133.149.143.28,1,40
202.198.26.114,1,40
163.33.163.234,1,40
163.33.124.20,1,40
163.33.89.60,1,40
203.77.70.140,1,40
163.33.220.253,1,40
163.33.191.25,1,40
163.33.147.39,1,40
203.77.54.178,1,52
133.149.142.31,1,40
133.149.187.85,1,40
150.75.99.44,1,44
163.33.173.166,1,40
133.149.228.96,1,40
163.33.255.66,1,40
163.33.39.232,1,40
133.149.6.190,1,40
203.77.5.129,1,40
150.75.114.145,1,44
163.33.250.44,1,40
133.149.230.168,1,40
150.75.31.65,1,40
163.33.200.195,1,40
163.33.192.88,1,40
163.33.244.109,1,40
150.75.110.200,1,40
150.75.102.45,1,40
150.75.65.95,1,40
133.149.210.124,1,44
163.33.76.72,1,40
163.33.43.122,1,40
203.77.104.245,1,40
202.198.46.250,1,40
163.33.54.10,1,40
133.149.43.22,1,40
163.33.43.247,1,40
133.149.201.102,1,40
133.149.137.29,1,52
163.33.152.13,1,40
150.75.126.45,1,40
163.33.253.101,1,40
133.149.3.139,1,40
163.33.44.7,1,40
150.75.227.115,1,40
150.75.194.4,1,40
150.75.71.107,1,44
133.11.87.241,1,40
163.33.207.76,1,40
163.33.95.172,1,40
133.11.76.173,1,40
133.149.242.165,1,40
150.75.130.154,1,40
150.75.43.211,1,40
163.33.241.215,1,40
133.149.109.255,1,40
203.77.70.25,1,40
133.149.65.226,1,40
133.11.115.71,1,48
163.33.244.46,1,40
163.33.201.47,1,40
203.77.107.212,1,44
202.198.60.217,1,40
133.149.237.197,1,40
150.75.41.190,1,40
163.33.77.133,2,104
163.33.145.23,1,40
163.33.208.43,1,40
163.33.120.205,1,40
163.33.68.160,1,40
163.33.146.51,1,44
163.33.230.137,1,40
163.33.107.57,1,40
163.33.34.6,1,40
150.75.78.215,1,40
163.33.250.230,1,40
163.33.28.207,1,40
150.75.229.133,1,40
133.149.19.158,1,40
163.33.81.41,1,40
150.75.167.195,1,52
133.149.187.105,1,40
133.149.118.47,1,44
163.33.57.249,1,40
203.77.10.236,1,40
150.75.40.254,1,40
133.149.146.90,1,40
203.77.26.60,1,40
150.75.229.12,1,40
203.77.21.71,1,44
163.33.113.172,1,40
163.33.40.42,1,40
133.149.204.154,1,52
163.33.137.34,1,40
202.198.11.247,1,40
163.33.254.88,1,40
150.75.110.194,1,40
133.149.12.93,1,40
203.77.94.39,1,40
163.33.43.49,1,40
163.33.171.42,1,40
150.75.75.202,1,40
163.33.235.21,6,835
163.33.235.98,1,40
133.11.117.116,1,40
163.33.251.248,1,40
163.33.207.245,1,40
163.33.28.168,1,40
163.33.102.247,1,40
203.77.84.187,1,44
150.75.19.77,1,40
150.75.202.96,1,40
163.33.175.16,1,40
133.149.122.171,1,40
163.33.122.20,1,40
163.33.246.203,1,44
163.33.240.66,1,48
133.149.47.124,1,40
150.75.137.232,1,40
150.75.151.192,1,40
150.75.150.15,1,40
150.75.179.254,1,58
203.77.79.81,1,40
133.149.100.212,1,40
133.149.132.75,1,40
150.75.78.105,1,40
203.77.92.107,1,40
133.149.67.49,1,40
133.149.37.40,1,48
133.149.162.195,1,40
150.75.103.217,1,40
133.149.116.242,1,40
150.75.64.145,1,40
133.11.91.27,1,40
150.75.124.231,1,40
150.75.234.136,1,40
150.75.144.123,1,44
133.149.91.249,1,40
203.77.103.194,1,44
163.33.156.95,1,44
133.11.112.150,1,40
163.33.227.205,1,40
163.33.180.195,1,40
133.149.133.80,1,40
150.75.229.47,1,40
163.33.162.162,1,40
133.149.239.66,1,40
163.33.32.185,1,44
202.198.49.105,1,60
133.11.120.209,1,40
133.149.171.137,1,40
133.149.114.147,1,40
133.149.2.210,1,40
150.75.101.208,1,40
133.11.65.14,1,40
203.77.51.12,1,40
163.33.203.149,1,40
133.149.120.172,1,52
150.75.108.50,1,40
133.11.70.211,1,54
133.149.100.245,1,40
133.149.187.76,1,40
133.149.25.115,1,40
202.25.107.165,1,52
133.149.91.5,1,40
133.11.69.200,1,44
133.11.83.99,1,40
150.75.162.119,1,40
133.149.9.251,1,40
133.149.94.203,1,40
133.11.68.238,1,40
133.149.98.188,1,52
133.149.59.55,1,44
133.149.79.129,1,40
150.75.24.195,1,40
133.149.110.17,1,40
150.75.177.208,1,40
133.11.92.139,1,44
163.33.197.66,1,40
203.77.24.17,1,40
163.33.16.249,1,40
150.75.253.37,1,40
163.33.112.67,1,40
163.33.111.204,1,40
150.75.130.7,1,40
163.33.187.105,1,40
150.75.11.196,1,40
150.75.123.195,1,40
163.33.132.96,24,13730
163.33.38.21,1,40
163.33.140.95,1,40
133.149.137.37,1,40
203.77.41.127,1,40
163.33.143.16,1,40
163.33.183.100,1,40
163.33.251.20,1,40
133.149.14.22,1,40
163.33.131.252,1,40
163.33.229.196,1,40
163.33.112.170,1,40
163.33.224.77,1,40
133.149.9.140,1,44
163.33.28.60,1,40
163.33.198.37,1,40
163.33.226.194,1,44
150.75.202.182,1,576
150.75.103.91,1,40
163.33.106.236,1,40
163.33.127.92,1,40
202.198.4.89,1,40
150.75.176.213,1,40
150.75.169.201,1,40
150.75.111.118,1,40
163.33.50.182,1,40
133.11.112.250,1,40
163.33.138.61,1,40
163.33.114.254,1,60
202.198.7.247,1,40
163.33.245.217,1,40
133.149.20.62,1,40
203.77.45.57,1,40
163.33.45.255,1,40
133.11.121.60,1,40
163.33.244.32,1,40
202.198.61.57,1,44
163.33.140.51,1,40
150.75.219.193,1,40
163.33.250.194,1,40
163.33.74.236,1,40
133.149.66.231,1,40
203.77.97.174,1,40
163.33.129.120,1,40
163.33.33.38,1,40
150.75.214.153,1,40
163.33.78.145,1,40
150.75.12.153,1,40
203.77.66.58,1,40
203.77.4.158,2,80
150.75.212.251,1,40
133.149.76.240,1,40
163.33.253.147,1,40
163.33.55.59,1,40
150.75.30.160,1,40
133.11.121.226,1,40
163.33.137.114,1,40
203.77.120.238,1,28
150.75.52.147,1,44
163.33.225.201,1,40
150.75.42.9,1,40
150.75.197.92,1,60
163.33.169.166,1,40
163.33.133.159,1,44
203.77.101.228,1,40
150.75.214.142,1,40
202.198.61.74,1,40
202.198.44.98,1,40
163.33.74.8,1,40
133.149.133.87,1,40
163.33.4.160,1,40
163.33.128.254,1,40
163.33.200.88,1,40
133.11.100.205,1,40
133.149.224.65,1,40
163.33.125.38,1,40
133.149.213.47,1,40
163.33.179.120,1,40
163.33.160.40,1,40
150.75.37.62,1,40
133.11.75.254,1,44
203.77.39.194,1,40
133.11.102.255,1,40
150.75.13.139,1,40
203.77.31.252,1,40
163.33.17.99,1,40
163.33.163.252,1,40
163.33.141.86,1,40
150.75.195.41,1,40
163.33.101.77,1,40
133.11.72.255,1,40
133.149.46.217,1,40
202.198.21.9,1,44
133.149.3.41,1,40
203.77.121.102,1,52
163.33.169.91,1,127
133.11.93.127,1,40
163.33.172.55,1,40
163.33.13.85,1,40
150.75.201.226,1,40
150.75.125.92,1,40
163.33.114.72,1,40
163.33.94.243,1,40
163.33.9.146,1,40
133.149.14.13,1,40
133.149.237.80,1,40
163.33.231.179,1,40
163.33.141.27,1,40
163.33.141.255,1,83
133.11.81.8,1,40
133.149.55.149,1,52
163.33.166.231,1,40
150.75.90.56,1,40
203.77.101.132,1,40
163.33.124.212,1,40
150.75.218.22,1,40
163.33.118.228,1,40
133.11.100.202,1,40
133.149.205.9,1,40
150.75.90.195,1,40
163.33.187.34,1,40
163.33.47.138,1,40
133.149.32.152,1,40
203.77.20.147,1,40
133.11.121.229,1,40
133.149.36.243,1,40
150.75.158.154,1,40
163.33.97.21,1,40
202.198.5.183,1,40
150.75.43.220,1,44
133.149.228.209,1,40
163.33.100.242,1,121
133.149.14.185,1,40
133.149.253.43,1,576
150.75.215.18,1,40
133.149.8.7,1,40
202.204.58.221,1,40
150.75.145.102,1,40
133.149.61.49,1,40
133.149.155.161,1,40
163.33.198.129,1,40
150.75.195.43,1,40
163.33.171.154,1,40
203.77.14.145,1,40
150.75.150.38,1,40
150.75.183.79,1,40
163.33.226.15,1,40
163.33.10.226,1,40
163.33.222.53,1,40
133.11.82.76,1,48
133.149.1.43,1,40
163.33.172.236,1,40
202.198.61.141,1,40
133.11.103.238,1,40
150.75.72.43,1,40
133.149.146.245,1,40
202.198.1.184,1,40
203.77.13.228,1,44
163.33.222.50,1,40
203.77.51.104,1,40
133.149.28.164,1,40
202.198.47.230,1,40
133.11.67.205,1,40
133.149.242.49,1,44
163.33.25.174,1,40
150.75.247.128,1,40
133.11.109.51,1,40
163.33.85.51,1,40
203.77.119.21,1,40
163.33.6.135,1,40
163.33.246.224,1,40
150.75.233.235,1,40
133.149.235.235,1,40
163.33.189.65,1,40
202.198.18.246,1,40
150.75.249.198,1,40
202.198.10.16,2,80
163.33.175.195,1,40
202.204.61.131,1,40
150.75.162.16,1,40
133.149.25.131,1,44
163.33.246.54,1,40
163.33.217.77,1,40
150.75.11.233,1,40
163.33.162.113,1,40
163.33.51.54,1,40
150.75.245.117,1,52
133.149.159.239,1,44
203.77.82.34,1,40
150.75.189.119,1,40
203.77.119.69,1,40
203.77.1.68,1,44
163.33.214.219,1,44
150.75.80.21,1,40
202.25.107.146,1,40
163.33.118.60,1,40
163.33.184.85,1,40
163.33.77.203,1,40
163.33.101.200,1,40
163.33.166.171,1,76
163.33.27.230,1,40
163.33.229.85,1,40
163.33.24.157,1,40
203.77.115.233,1,40
150.75.47.167,1,44
163.33.191.211,10,2526
163.33.226.200,1,40
163.33.148.187,1,40
150.75.7.164,1,40
163.33.240.37,1,40
203.77.104.92,1,44
163.33.218.205,1,40
203.77.82.165,1,40
150.75.145.47,1,40
163.33.34.227,1,40
163.33.200.98,1,40
163.33.30.169,1,40
163.33.28.226,1,40
133.149.188.234,1,40
163.33.27.202,1,40
133.149.91.63,1,40
150.75.86.34,1,40
163.33.112.68,1,44
163.33.120.22,1,40
203.77.30.202,1,40
133.11.93.139,1,52
150.75.100.28,1,40
163.33.35.99,1,40
150.75.223.75,1,40
163.33.93.14,1,40
163.33.22.23,1,40
163.33.206.214,1,40
163.33.179.40,1,40
133.149.133.43,1,40
163.33.17.65,1,40
163.33.94.93,269,383594
150.75.205.233,1,40
150.75.201.66,1,40
163.33.199.152,3,615
133.149.9.222,1,40
203.77.59.242,1,44
150.75.122.171,1,44
163.33.240.15,1,40
163.33.213.41,1,40
163.33.4.22,1,40
203.77.125.98,1,60
150.75.177.9,1,40
150.75.33.93,1,40
150.75.52.217,1,40
163.33.116.43,1,40
163.33.17.17,1,40
163.33.118.242,1,40
163.33.249.211,1,40
133.149.81.131,1,40
203.77.2.55,1,40
163.33.143.187,1,52
150.75.73.150,1,40
150.75.12.132,1,40
133.149.224.172,1,40
163.33.218.88,1,40
133.149.14.194,1,40
133.149.22.86,1,40
133.149.10.25,1,40
163.33.169.240,1,40
163.33.159.17,1,40
150.75.65.241,1,58
133.149.151.6,1,40
150.75.209.166,1,40
133.149.121.2,1,40
163.33.47.178,1,40
133.11.100.212,1,44
163.33.10.75,1,40
203.77.123.109,1,729
133.149.180.11,1,40
150.75.38.101,1,40
163.33.217.143,1,40
163.33.191.249,1,64
133.149.223.180,1,44
163.33.136.100,1,40
133.11.118.240,1,40
150.75.27.26,1,40
150.75.158.123,1,40
133.149.61.74,1,40
133.149.81.50,1,40
163.33.30.57,1,40
133.149.48.177,1,40
133.149.148.131,1,40
163.33.191.84,1,52
133.149.209.4,1,40
150.75.224.122,1,40
203.77.104.213,1,44
163.33.253.88,1,40
202.198.36.192,1,40
150.75.214.50,1,52
203.77.118.136,1,60
163.33.75.58,1,40
163.33.199.44,1,40
150.75.31.22,1,576
203.77.90.247,1,40
150.75.38.78,1,40
150.75.45.79,1,40
150.75.25.90,1,40
133.149.136.189,1,40
202.198.57.125,1,40
163.33.161.81,1,40
163.33.132.14,1,40
150.75.14.89,1,48
163.33.217.157,1,40
133.149.18.21,1,40
163.33.12.234,1,40
163.33.15.123,1,40
203.77.2.33,1,40
163.33.23.247,1,40
163.33.62.175,1,107
150.75.120.201,1,40
150.75.110.183,1,40
163.33.164.38,1,40
150.75.148.255,1,44
150.75.118.12,1,40
133.149.56.205,1,40
203.77.38.65,1,40
203.77.76.119,1,40
163.33.255.75,1,40
163.33.168.166,1,40
133.11.74.92,1,40
163.33.127.9,1,40
163.33.89.19,1,40
133.149.154.18,1,40
163.33.27.233,1,40
133.149.48.198,1,40
133.149.92.51,1,44
163.33.121.95,1,40
150.75.231.85,1,40
133.149.86.221,1,40
133.11.98.252,1,40
163.33.199.210,1,40
150.75.113.79,1,40
133.149.235.14,1,44
163.33.223.116,1,40
163.33.193.252,1,40
202.198.42.127,1,28
163.33.175.176,1,40
133.149.177.225,1,40
163.33.65.143,1,40
163.33.65.150,1,40
163.33.147.166,1,40
133.149.86.162,1,40
202.198.20.229,1,40
202.204.61.146,1,40
150.75.160.122,1,40
163.33.139.141,1,40
133.11.71.57,1,40
150.75.138.151,1,40
150.75.235.164,1,40
150.75.3.171,1,40
163.33.1.156,1,44
163.33.97.132,1,40
202.204.62.224,4,555
203.77.17.121,1,40
163.33.238.92,1,40
150.75.72.125,1,44
133.149.128.15,1,40
163.33.26.237,1,40
163.33.76.157,1,40
202.198.63.76,1,40
163.33.163.42,1,40
150.75.152.180,1,40
163.33.142.72,1,40
150.75.157.142,1,40
202.198.25.154,1,40
150.75.248.142,1,40
150.75.54.185,1,40
203.77.64.81,1,40
133.11.69.51,1,40
203.77.102.243,1,40
163.33.63.118,1,40
202.198.9.156,1,40
202.198.8.112,1,40
133.149.203.241,1,40
133.149.137.169,1,44
150.75.202.25,1,44
163.33.133.125,1,40
150.75.27.208,1,44
150.75.231.28,1,40
163.33.199.104,1,40
133.149.135.9,1,40
163.33.111.19,1,40
163.33.225.183,1,40
203.77.2.125,1,44
150.75.223.56,1,48
163.33.65.253,1,40
163.33.219.207,1,40
202.198.26.50,1,40
133.149.17.210,1,40
150.75.26.189,1,40
202.198.55.93,1,40
163.33.40.54,1,40
150.75.148.89,1,40
133.11.75.246,1,52
133.149.1.210,1,40
133.149.64.175,1,40
163.33.18.115,1,40
163.33.220.65,1,40
150.75.213.205,1,40
133.149.216.164,1,40
163.33.63.151,1,40
163.33.145.6,1,40
133.149.162.249,1,40
163.33.63.144,1,40
150.75.30.189,1,40
133.149.82.130,1,40
163.33.119.161,1,40
150.75.229.236,1,40
150.75.10.69,1,40
163.33.115.85,1,40
163.33.125.126,1,40
150.75.217.201,1,40
163.33.141.192,1,443
133.149.79.94,1,40
133.149.163.252,1,40
150.75.162.68,1,40
163.33.9.145,1,40
163.33.62.168,1,135
150.75.124.144,1,60
163.33.3.204,1,40
150.75.78.90,1,40
163.33.186.17,1,40
133.149.46.232,1,40
150.75.27.11,1,40
163.33.74.171,1,40
150.75.90.12,1,40
150.75.145.132,1,40
133.149.47.203,1,40
163.33.194.127,1,40
133.149.80.64,1,44
163.33.211.22,1,44
163.33.227.5,1,40
133.149.21.239,1,40
150.75.237.163,1,40
163.33.157.35,1,40
150.75.44.82,1,76
163.33.65.243,1,40
203.77.109.22,1,44
133.149.235.7,1,44
163.33.95.70,1,40
203.77.70.154,1,40
150.75.165.178,1,40
150.75.187.83,1,40
202.198.56.221,1,40
150.75.100.224,1,40
150.75.40.117,1,40
133.149.228.213,1,40
150.75.205.109,1,40
150.75.131.127,1,40
203.77.64.100,1,52
163.33.29.25,1,40
163.33.71.208,1,40
163.33.189.228,1,40
163.33.177.28,1,40
150.75.241.157,1,40
133.149.239.146,1,40
163.33.214.2,1,40
133.149.207.54,1,40
203.77.68.225,1,40
163.33.82.31,1,40
163.33.5.183,1,40
133.149.216.40,1,40
203.77.10.202,1,40
163.33.56.69,1,40
163.33.102.190,1,40
133.11.79.111,1,40
133.11.78.216,1,40
133.149.190.164,1,40
163.33.100.29,1,40
133.11.92.132,1,44
163.33.75.15,1,40
163.33.213.48,1,40
133.149.224.87,1,40
150.75.31.91,1,121
202.198.21.211,1,40
150.75.138.147,1,40
150.75.57.30,1,40
133.149.129.184,1,40
150.75.199.48,1,40
133.11.111.69,1,40
133.149.41.204,1,52
163.33.134.125,1,40
163.33.39.208,1,40
150.75.249.165,1,220
163.33.114.239,1,40
203.77.68.154,1,40
163.33.132.108,1,40
133.149.6.210,1,40
150.75.58.84,1,52
133.149.5.113,1,40
163.33.80.49,1,40
163.33.208.137,1,40
150.75.62.34,1,40
133.149.110.11,1,40
150.75.46.122,1,40
163.33.176.195,1,40
163.33.244.11,1,40
163.33.214.4,1,40
163.33.86.96,1,40
163.33.11.231,1,40
163.33.44.113,1,40
133.149.160.162,1,40
163.33.76.136,1,40
133.149.247.199,1,40
163.33.220.91,1,40
163.33.145.53,1,40
163.33.189.176,1,40
203.77.91.78,1,40
150.75.64.34,1,40
163.33.38.81,1,48
150.75.132.198,1,40
163.33.31.247,1,40
150.75.149.253,1,40
133.149.191.77,1,40
203.77.94.198,1,40
203.77.98.96,1,40
133.149.140.224,1,40
163.33.132.18,1,40
133.149.183.10,1,40
150.75.161.17,1,40
163.33.191.87,1,40
163.33.128.214,1,40
163.33.184.112,1,40
163.33.127.151,1,40
163.33.202.98,1,40
163.33.75.29,1,40
133.11.102.214,1,40
163.33.237.62,1,40
163.33.123.20,1,40
163.33.101.124,1,40
163.33.106.249,1,40
133.11.87.71,1,40
163.33.114.150,1,40
163.33.205.143,1,40
163.33.237.43,1,40
150.75.10.5,1,40
163.33.68.44,1,40
133.11.100.198,1,40
163.33.76.23,1,40
150.75.192.249,1,40
150.75.50.86,1,52
150.75.242.128,1,40
150.75.243.31,1,40
203.77.85.39,1,40
203.77.95.16,1,52
133.149.32.144,1,40
163.33.220.6,1,40
203.77.103.191,1,40
163.33.207.73,1,40
150.75.149.223,1,40
133.149.93.116,1,40
163.33.224.220,1,40
163.33.241.228,1,40
163.33.146.84,1,40
202.25.107.251,2,104
163.33.145.57,1,40
150.75.146.48,1,40
163.33.163.32,1,40
163.33.182.40,1,40
150.75.139.63,1,40
133.149.95.138,1,40
163.33.188.136,1,40
133.149.59.19,1,40
133.149.23.58,1,40
163.33.157.165,1,40
133.149.77.255,1,40
203.77.69.36,1,40
163.33.197.50,1,40
163.33.86.22,1,40
150.75.144.128,1,40
163.33.255.155,1,40
163.33.247.8,1,40
163.33.43.206,1,40
202.198.23.112,1,40
133.149.208.64,1,40
133.149.224.53,1,40
163.33.194.28,1,40
163.33.123.19,1,40
163.33.84.103,1,76
133.149.88.164,1,40
163.33.84.120,1,60
150.75.175.72,1,40
133.149.18.247,1,40
163.33.5.92,1,40
150.75.39.89,1,40
150.75.81.248,1,44
203.77.85.253,1,40
133.149.25.79,1,40
163.33.119.208,1,40
150.75.151.115,1,40
150.75.152.93,1,44
203.77.34.81,1,40
133.11.67.150,1,40
133.149.11.3,1,40
163.33.233.106,1,52
150.75.28.210,1,40
150.75.190.227,1,40
163.33.89.110,1,40
202.198.43.122,1,40
150.75.70.202,1,40
133.149.19.59,1,40
202.198.27.22,1,40
150.75.253.240,2,104
133.11.96.233,1,40
150.75.59.3,1,40
203.77.119.89,1,40
150.75.144.252,1,40
150.75.128.55,1,42
133.149.222.167,1,44
203.77.96.162,1,40
150.75.141.219,1,40
163.33.165.101,1,40
133.149.51.82,1,40
133.149.240.5,1,40
163.33.231.83,1,40
150.75.66.206,1,121
150.75.46.70,1,40
163.33.231.72,1,40
202.198.43.81,1,40
202.204.62.245,1,40
163.33.9.63,1,40
203.77.45.184,1,40
133.149.0.33,1,44
133.149.166.115,1,40
150.75.254.247,1,44
163.33.129.73,1,40
202.198.16.191,1,40
163.33.188.197,1,40
203.77.40.232,1,40
163.33.186.185,1,40
150.75.19.128,1,40
133.149.183.9,1,40
150.75.154.17,1,40
163.33.134.12,1,40
203.77.8.251,1,40
163.33.204.36,1,40
202.198.44.220,1,40
163.33.14.83,1,40
163.33.126.137,1,40
150.75.181.179,1,40
203.77.108.28,1,52
202.198.28.112,1,40
163.33.41.55,1,44
150.75.26.166,1,40
163.33.90.13,1,40
133.11.86.69,1,40
203.77.11.142,1,40
163.33.90.89,1,40
133.149.208.110,1,40
203.77.14.20,1,40
133.149.23.205,1,40
203.77.87.116,1,40
150.75.106.247,1,40
163.33.91.14,1,40
163.33.97.119,1,40
150.75.76.12,1,40
150.75.181.197,1,40
133.149.94.219,1,40
150.75.41.159,1,40
133.11.100.93,1,40
163.33.180.88,1,44
133.149.254.185,1,576
150.75.132.216,1,40
163.33.45.192,1,40
150.75.145.131,1,40
163.33.203.40,1,40
163.33.97.49,1,40
163.33.206.209,1,40
163.33.63.41,1,40
163.33.116.253,1,40
150.75.19.232,1,40
163.33.74.112,1,40
203.77.57.210,1,40
163.33.194.188,2,80
133.149.124.190,1,40
150.75.151.56,1,40
150.75.61.14,1,40
163.33.145.225,1,40
150.75.139.232,1,40
203.77.87.61,1,40
150.75.225.40,1,40
163.33.95.146,1,294
163.33.197.245,1,40
202.198.16.247,1,40
163.33.87.105,1,40
133.11.123.118,1,40
163.33.60.42,1,40
150.75.10.231,1,40
133.149.234.106,1,40
150.75.214.230,1,40
150.75.110.171,1,40
150.75.77.187,1,44
163.33.184.207,1,40
150.75.228.15,1,40
163.33.243.214,1,40
203.77.39.146,1,40
163.33.16.65,1,40
163.33.128.150,2,80
133.11.115.195,1,40
163.33.221.104,1,40
150.75.138.185,1,40
163.33.2.62,1,40
133.149.117.52,1,40
133.149.88.15,1,40
150.75.190.1,1,40
133.149.222.170,1,44
133.149.13.186,1,40
163.33.179.85,1,40
203.77.71.149,1,44
133.149.69.153,1,40
133.149.91.24,1,79
150.75.134.11,1,40
202.198.16.236,1,40
150.75.11.208,1,40
163.33.90.156,1,40
163.33.98.141,1,44
163.33.96.211,1,40
163.33.6.142,1,40
133.149.4.181,1,40
163.33.47.122,1,40
133.149.30.52,1,40
163.33.161.124,1,40
163.33.165.109,1,40
133.149.98.14,1,40
163.33.169.116,1,40
163.33.68.194,1,40
133.149.73.174,1,40
163.33.99.89,1,44
203.77.11.14,1,44
203.77.52.140,1,52
203.77.85.164,1,40
133.149.84.43,1,40
150.75.208.41,1,40
163.33.219.101,1,40
150.75.17.99,1,40
163.33.30.247,1,40
133.149.78.71,1,40
133.149.51.213,1,40
133.11.77.239,1,60
133.149.138.76,1,40
163.33.27.106,1,40
163.33.226.228,1,40
163.33.83.34,1,40
203.77.20.81,1,40
163.33.206.189,1,40
203.77.4.236,1,40
133.149.95.246,1,40
202.204.56.168,1,40
163.33.15.27,1,40
133.149.214.172,1,40
133.149.15.60,1,121
133.149.145.225,1,40
203.77.30.54,1,40
203.77.47.177,1,40
133.149.92.218,1,44
133.149.214.247,1,40
133.11.113.236,1,121
203.77.16.156,1,40
133.149.177.71,1,44
202.198.57.215,1,40
203.77.101.70,1,40
202.198.25.75,1,40
133.149.146.23,1,40
150.75.43.122,1,40
203.77.81.65,1,40
163.33.6.200,1,40
150.75.148.74,1,44
163.33.51.4,1,40
150.75.134.80,1,40
163.33.190.62,1,40
133.149.223.249,1,40
202.204.58.62,1,40
133.11.91.226,1,40
133.149.99.243,1,40
203.77.121.135,1,60
163.33.135.109,1,40
163.33.38.177,1,40
133.149.215.87,1,40
203.77.4.157,1,40
163.33.172.237,1,40
163.33.254.172,1,40
150.75.224.46,1,576
163.33.69.182,1,40
133.149.62.222,1,40
133.149.68.70,1,40
163.33.230.133,1,40
133.149.60.75,1,40
150.75.14.234,1,576
163.33.0.157,1,40
133.149.140.37,1,40
163.33.236.166,1,190
202.204.56.82,1,44
163.33.35.133,1,40
163.33.137.49,1,40
163.33.254.73,1,40
163.33.222.8,1,40
202.25.107.210,1,30
133.149.122.74,1,40
150.75.185.184,1,44
163.33.236.102,1,297
150.75.85.51,1,40
163.33.212.86,1,40
163.33.120.111,1,40
163.33.189.106,1,40
163.33.138.82,1,40
163.33.44.253,1,40
163.33.174.228,1,40
163.33.199.46,1,40
163.33.42.98,1,40
163.33.10.243,1,40
133.11.85.139,1,40
133.149.95.218,1,40
133.11.123.105,1,40
150.75.168.78,1,40
163.33.159.222,1,40
133.149.114.130,1,40
133.149.119.36,1,40
150.75.212.117,1,40
203.77.71.139,1,40
150.75.52.65,1,44
150.75.97.200,1,40
133.149.48.1,1,40
133.149.149.72,1,52
133.11.107.124,1,40
133.11.79.58,1,40
163.33.166.184,1,40
150.75.153.123,1,40
133.149.217.225,1,40
203.77.122.65,1,40
133.149.149.170,1,40
133.149.8.240,1,40
150.75.151.154,1,32
133.149.4.79,1,44
203.77.116.237,1,44
163.33.105.128,1,40
150.75.239.140,1,40
163.33.32.173,1,40
133.11.83.100,1,40
150.75.255.43,1,40
133.149.38.25,1,44
163.33.176.186,1,40
202.198.39.77,1,40
150.75.9.124,1,76
163.33.17.111,1,40
163.33.41.159,1,40
163.33.201.243,1,40
133.149.40.250,1,40
163.33.251.180,1,40
163.33.32.50,1,40
163.33.16.97,1,40
133.149.77.181,1,40
203.77.118.129,1,40
150.75.43.59,1,40
163.33.54.215,1,40
163.33.187.26,1,40
150.75.180.215,1,576
163.33.199.103,1,40
163.33.188.2,1,40
202.198.2.70,1,40
203.77.127.212,1,40
163.33.98.52,1,40
150.75.170.12,1,40
150.75.136.246,1,40
133.149.244.42,1,60
163.33.233.254,1,40
150.75.173.84,1,40
163.33.233.156,1,40
163.33.192.107,1,40
163.33.204.43,1,40
203.77.42.106,1,40
163.33.10.78,1,40
163.33.138.185,1,40
163.33.210.177,1,40
163.33.46.48,1,40
163.33.221.145,1,40
133.149.210.78,1,40
163.33.12.45,1,40
133.149.222.212,1,40
133.149.103.28,1,40
133.11.126.254,1,40
163.33.103.235,1,40
150.75.18.56,1,40
163.33.79.227,1,44
202.198.43.51,1,40
163.33.88.106,1,40
202.204.56.154,2,100
133.149.228.42,1,40
163.33.254.27,1,71
163.33.144.1,1,40
133.149.94.112,1,40
163.33.217.41,1,52
163.33.102.216,1,40
133.11.97.185,1,40
133.149.29.136,1,40
203.77.109.218,1,40
202.198.7.33,1,40
163.33.224.129,1,52
163.33.99.75,1,40
150.75.123.186,1,40
133.11.68.10,1,40
133.149.119.176,1,40
133.149.101.127,1,40
163.33.146.8,1,44
163.33.141.149,2,3144
133.11.107.254,1,40
150.75.227.79,1,40
203.77.57.57,1,40
163.33.51.35,1,40
150.75.138.111,1,40
133.149.106.240,1,40
202.198.37.170,1,44
133.149.221.27,1,40
150.75.140.75,1,40
163.33.69.19,1,40
163.33.237.186,1,40
150.75.224.60,1,40
150.75.221.80,1,60
163.33.33.135,1,40
133.149.206.48,1,40
163.33.253.73,1,40
202.198.55.77,1,40
150.75.204.90,1,40
163.33.32.199,1,44
133.149.242.129,1,40
203.77.36.133,1,40
163.33.13.249,1,40
163.33.57.73,1,40
133.149.145.13,1,40
202.198.24.230,1,40
203.77.15.247,1,40
150.75.12.247,1,44
163.33.253.211,1,40
133.149.90.146,1,40
150.75.4.6,1,40
133.149.32.200,1,44
150.75.57.136,1,40
203.77.127.94,1,60
133.149.132.127,1,40
133.149.23.183,1,40
163.33.134.120,1,40
150.75.237.146,1,40
150.75.85.17,1,40
150.75.220.95,1,40
133.11.110.95,1,40
150.75.231.119,1,40
133.11.86.186,1,40
163.33.212.18,1,40
163.33.77.118,1,40
133.11.90.221,1,60
133.149.172.198,1,40
133.149.94.36,1,40
133.149.235.70,1,40
150.75.26.239,1,40
163.33.176.0,1,40
150.75.111.101,1,40
133.149.46.156,1,60
163.33.45.235,1,40
163.33.153.199,1,40
163.33.4.112,1,40
203.77.69.112,1,44
133.149.136.97,1,40
133.149.108.91,1,40
150.75.157.34,1,40
163.33.68.4,1,40
163.33.229.13,1,40
133.149.169.142,1,44
133.11.69.129,1,44
150.75.26.208,1,40
163.33.135.20,1,40
133.149.238.92,1,40
163.33.31.40,1,40
133.149.47.85,1,40
150.75.238.123,1,40
150.75.226.179,1,40
150.75.142.237,1,40
150.75.150.215,1,44
150.75.228.106,1,40
163.33.205.131,1,40
163.33.220.185,1,40
163.33.59.103,1,40
202.198.20.170,1,44
133.149.100.134,1,40
133.11.126.223,1,40
163.33.189.48,1,40
133.149.11.204,1,44
163.33.240.239,1,68
163.33.206.106,1,40
163.33.126.122,1,40
202.25.109.3,1,40
163.33.100.219,1,40
203.77.80.58,1,40
163.33.218.77,1,40
163.33.146.91,1,40
150.75.6.79,1,40
163.33.9.234,1,40
150.75.150.53,1,40
150.75.149.189,1,40
163.33.206.252,1,40
163.33.176.37,1,40
163.33.103.109,1,40
163.33.133.238,1,40
163.33.9.140,1,44
133.149.15.42,1,40
163.33.213.25,1,40
150.75.162.178,1,40
163.33.88.21,1,40
133.149.92.115,1,40
203.77.72.176,1,40
150.75.62.112,1,40
133.149.57.240,1,40
133.149.181.133,1,40
150.75.245.243,1,40
150.75.55.158,1,40
163.33.223.100,1,40
163.33.240.44,1,40
203.77.16.152,1,40
163.33.137.37,1,40
150.75.19.97,1,40
163.33.30.130,1,40
163.33.12.117,1,40
163.33.95.14,1,40
163.33.51.133,1,40
163.33.80.222,1,40
203.77.36.12,1,44
163.33.103.252,1,40
163.33.248.214,1,40
163.33.139.89,1,40
163.33.8.195,1,40
150.75.214.88,1,40
202.198.46.161,1,40
163.33.85.63,1,40
163.33.5.63,1,44
163.33.194.230,1,40
163.33.51.218,1,40
163.33.141.75,1,40
163.33.229.184,1,44
133.149.106.58,1,40
163.33.30.52,1,40
133.11.104.169,1,40
150.75.162.217,1,40
163.33.235.166,1,40
133.149.126.175,1,40
163.33.49.247,1,40
202.198.5.18,1,40
163.33.27.238,1,40
163.33.31.202,1,52
203.77.80.38,1,40
203.77.105.215,1,40
202.198.60.243,1,44
163.33.138.98,1,40
163.33.172.36,1,40
150.75.144.37,1,68
163.33.245.176,1,40
133.11.70.197,1,152
163.33.113.65,1,40
133.149.123.101,1,40
150.75.215.175,1,40
202.198.38.234,1,44
203.77.97.60,1,40
163.33.121.214,1,40
163.33.73.152,1,40
202.198.34.148,1,40
163.33.130.161,1,40
150.75.154.131,1,40
163.33.76.171,1,40
163.33.89.201,1,40
133.149.161.109,1,40
150.75.97.142,1,40
202.198.45.42,1,40
133.149.99.204,1,40
163.33.118.44,1,52
133.149.156.183,1,40
150.75.39.171,1,40
163.33.214.89,1,40
133.149.66.127,1,40
133.149.138.34,1,40
203.77.71.247,1,40
203.77.25.238,1,40
163.33.121.132,1,40
163.33.76.125,1,40
163.33.139.132,1,1355
133.149.59.214,1,40
202.198.14.29,1,40
163.33.121.48,1,40
202.25.109.140,1,40
150.75.94.224,1,40
163.33.201.136,1,40
163.33.244.52,1,40
133.149.170.180,1,44
163.33.6.43,1,40
150.75.226.4,1,40
150.75.57.127,1,40
202.204.58.194,1,40
150.75.249.164,1,40
163.33.63.66,1,40
150.75.216.112,1,40
133.149.234.139,1,44
150.75.80.62,1,40
150.75.175.216,1,40
163.33.172.11,1,40
163.33.196.167,1,40
133.149.222.26,1,40
150.75.137.149,1,40
133.149.170.172,1,44
163.33.56.200,1,40
133.149.144.236,1,40
163.33.225.66,1,40
203.77.88.170,1,40
150.75.170.10,1,40
163.33.109.147,1,40
133.11.119.116,1,40
202.198.26.8,1,40
133.149.25.213,1,40
163.33.228.239,1,40
163.33.139.14,1,40
163.33.220.216,1,40
133.149.206.18,1,44
163.33.8.237,1,40
133.149.89.170,1,40
150.75.229.149,1,40
133.149.7.174,1,40
163.33.14.193,1,40
163.33.55.213,1,40
133.149.231.113,1,40
150.75.227.129,1,40
163.33.6.117,1,40
133.149.250.115,1,40
133.149.244.39,1,40
163.33.18.244,1,40
150.75.79.240,1,40
150.75.100.110,1,40
133.149.159.76,1,40
150.75.55.157,1,40
163.33.89.205,1,40
133.149.36.189,1,40
163.33.110.219,1,40
203.77.72.3,1,40
150.75.163.174,1,40
133.149.215.247,1,40
150.75.0.60,1,52
150.75.209.162,1,40
150.75.159.195,1,40
163.33.180.98,1,40
202.198.18.159,1,44
163.33.225.10,1,40
202.198.5.14,1,40
202.198.45.74,1,40
133.149.108.146,1,40
163.33.13.80,1,40
133.11.71.210,1,40
163.33.153.82,1,40
133.149.96.212,1,40
203.77.85.57,1,40
203.77.127.30,1,60
163.33.191.4,1,40
133.11.119.185,1,44
163.33.154.177,1,40
133.11.106.141,1,40
163.33.29.203,1,40
163.33.144.150,1,40
163.33.165.49,1,40
163.33.173.154,1,40
163.33.134.5,1,40
133.149.227.143,1,40
163.33.95.63,1,40
163.33.208.220,1,40
163.33.21.109,1,52
150.75.178.25,1,40
150.75.157.252,1,40
163.33.198.16,1,40
133.149.25.56,1,40
133.149.133.31,1,40
202.198.7.111,1,40
133.149.76.128,1,40
150.75.111.213,1,40
163.33.145.14,1,44
163.33.154.186,1,40
150.75.25.88,1,40
150.75.12.38,1,40
163.33.29.247,1,44
150.75.157.84,1,40
133.149.30.107,1,40
163.33.42.212,1,40
163.33.162.8,1,40
163.33.97.136,1,40
133.11.83.150,1,40
133.149.10.90,1,40
163.33.163.64,1,40
133.149.244.34,1,40
163.33.132.43,1,40
133.149.215.63,1,40
133.149.62.230,1,44
150.75.127.220,1,40
203.77.95.141,1,40
163.33.197.119,1,40
150.75.177.36,1,40
163.33.149.127,1,40
150.75.102.46,1,40
203.77.34.220,1,40
133.11.84.38,1,40
150.75.217.173,1,40
203.77.57.114,1,44
133.11.81.183,1,48
133.149.110.56,1,40
133.149.254.160,1,40
133.149.86.55,1,40
150.75.147.50,1,40
150.75.216.23,1,40
163.33.252.227,1,40
163.33.93.75,2,104
150.75.126.95,1,40
133.149.196.129,1,40
133.149.16.190,1,40
133.149.3.27,1,40
133.149.250.143,1,40
133.149.224.99,1,40
203.77.58.162,1,40
150.75.117.224,1,52
202.198.45.50,1,40
133.149.95.244,1,40
150.75.4.87,1,40
150.75.220.205,1,40
133.149.28.224,1,40
163.33.168.29,1,40
163.33.99.180,1,40
202.198.8.4,1,40
150.75.27.33,1,40
203.77.3.68,1,40
163.33.250.156,1,40
133.11.82.17,1,40
163.33.82.133,1,40
150.75.40.138,1,40
133.149.248.55,1,40
133.149.210.88,1,44
163.33.186.123,1,40
133.149.133.222,1,40
133.149.69.203,1,40
163.33.244.73,1,52
163.33.86.119,1,40
163.33.18.49,1,40
163.33.249.247,1,40
202.198.32.255,1,40
203.77.123.235,1,40
203.77.123.225,1,40
163.33.252.46,1,52
163.33.56.115,1,40
133.149.219.151,1,40
150.75.106.54,1,40
150.75.104.10,1,40
150.75.195.172,1,40
203.77.124.2,1,52
202.198.46.16,1,40
163.33.87.112,1,40
150.75.104.139,1,40
133.149.21.215,1,40
163.33.115.92,1,40
163.33.87.67,1,40
150.75.219.3,1,40
133.149.138.65,1,40
163.33.150.244,1,40
163.33.37.105,1,40
133.149.167.217,1,44
163.33.205.216,1,40
133.149.220.255,1,40
202.25.107.202,1,52
202.204.62.176,1,92
163.33.100.83,1,40
150.75.26.25,1,44
133.149.236.215,1,40
133.149.233.155,1,40
202.198.46.88,1,40
133.149.130.4,1,40
203.77.98.113,1,60
163.33.79.9,1,40
133.149.173.141,1,40
163.33.109.183,1,40
133.149.240.161,1,44
203.77.116.11,1,40
150.75.170.45,1,40
202.198.15.202,1,40
203.77.15.185,1,40
150.75.195.167,1,40
163.33.42.42,1,40
150.75.203.224,1,40
163.33.182.188,1,40
163.33.59.213,1,40
133.149.134.145,1,40
150.75.158.57,1,40
150.75.94.72,1,40
133.149.253.190,1,40
163.33.119.242,1,40
163.33.183.46,1,40
163.33.113.155,1,40
150.75.206.0,1,40
163.33.60.116,1,40
163.33.20.179,1,40
133.11.104.211,1,40
203.77.104.55,1,40
203.77.112.177,1,40
163.33.39.162,1,40
163.33.35.187,1,40
133.149.96.96,1,40
163.33.147.75,1,40
150.75.41.133,1,40
163.33.149.240,1,40
163.33.54.134,1,40
150.75.137.3,1,44
163.33.157.15,1,40
163.33.162.211,1,60
163.33.61.232,1,40
163.33.252.108,6,240
150.75.241.120,1,40
163.33.168.42,1,40
150.75.190.243,1,40
163.33.47.224,1,40
203.77.64.206,1,40
150.75.56.227,1,40
163.33.220.214,1,40
163.33.6.13,1,40
163.33.192.49,1,40
163.33.93.35,1,40
163.33.128.138,1,40
133.149.234.74,1,40
150.75.78.155,1,40
150.75.78.68,1,40
150.75.113.138,1,40
163.33.68.127,1,40
150.75.78.137,1,40
202.198.3.197,1,40
163.33.227.124,1,40
150.75.117.14,1,40
133.149.86.236,1,40
150.75.16.248,1,40
203.77.86.140,1,40
163.33.236.148,1,40
163.33.191.40,1,40
163.33.137.41,1,40
203.77.82.52,1,44
150.75.131.168,1,40
133.149.233.184,1,40
163.33.91.139,1,40
163.33.13.81,1,40
163.33.126.36,1,40
133.149.158.210,1,40
163.33.177.167,1,40
203.77.50.92,1,40
163.33.197.49,1,40
163.33.104.37,1,40
133.149.210.39,1,40
163.33.177.255,1,40
163.33.147.110,1,40
163.33.41.33,1,40
163.33.20.171,1,40
202.204.62.183,1,40
163.33.164.94,1,40
133.149.37.55,1,40
150.75.146.204,1,40
163.33.44.241,1,40
133.149.196.1,1,40
163.33.225.165,1,40
163.33.98.179,1,40
163.33.170.212,1,40
163.33.194.159,1,40
150.75.0.101,1,44
133.11.127.47,1,40
133.149.175.24,1,40
133.11.110.191,1,40
163.33.48.165,1,40
163.33.20.120,1,40
163.33.85.55,1,52
202.198.19.247,1,40
133.149.67.164,1,40
163.33.109.197,1,40
133.149.89.20,1,40
163.33.134.86,1,40
133.149.67.80,1,44
133.149.120.248,1,40
133.149.242.12,1,40
133.149.229.240,1,40
203.77.100.56,1,40
150.75.38.5,1,52
150.75.145.24,1,40
150.75.70.92,1,40
163.33.40.148,1,40
163.33.81.116,1,40
150.75.35.45,1,40
150.75.111.104,1,40
163.33.22.232,1,40
202.198.41.48,1,40
163.33.183.119,1,40
150.75.149.52,1,40
163.33.52.51,1,40
133.149.191.187,1,40
163.33.196.71,1,44
163.33.11.209,1,40
150.75.121.28,1,40
163.33.117.168,1,40
202.198.35.2,1,40
150.75.202.2,1,40
202.198.34.153,1,40
133.149.254.162,1,40
150.75.150.65,1,40
163.33.132.39,3,180
202.198.35.48,1,40
163.33.75.50,1,40
133.149.138.145,1,121
163.33.48.212,1,40
163.33.228.25,1,40
163.33.206.224,1,40
203.77.27.90,1,40
203.77.124.78,1,40
163.33.63.54,1,40
163.33.235.219,1,40
150.75.244.247,1,40
150.75.203.215,1,40
202.198.24.70,1,40
133.149.35.178,1,40
133.149.83.19,1,40
150.75.194.245,1,40
133.149.2.242,1,40
133.149.85.91,1,40
203.77.89.24,1,40
203.77.98.14,1,40
150.75.153.94,1,40
163.33.229.37,1,40
202.198.10.181,1,40
163.33.164.255,1,40
163.33.221.70,1,40
163.33.167.76,1,40
150.75.133.49,1,40
202.198.21.66,1,40
163.33.50.33,1,40
163.33.155.36,1,40
133.149.254.142,1,60
163.33.199.141,1,40
163.33.111.103,1,40
150.75.111.135,1,40
150.75.214.134,1,40
163.33.115.124,1,40
133.149.203.11,1,40
133.149.151.240,1,40
163.33.168.11,1,40
163.33.204.44,1,40
202.198.18.20,1,40
202.198.10.161,1,40
163.33.76.120,1,40
133.11.75.177,1,40
133.149.44.51,1,40
163.33.167.140,1,40
163.33.158.40,1,40
133.149.21.162,1,40
133.11.110.160,1,40
133.149.134.165,1,48
150.75.58.26,1,40
133.149.64.203,1,40
163.33.157.88,1,40
133.149.65.74,1,40
150.75.79.96,1,40
202.15.129.124,1,40
202.198.53.90,1,40
163.33.135.125,1,40
133.149.246.111,1,60
163.33.241.182,1,40
163.33.31.119,1,40
163.33.33.180,1,40
163.33.117.115,1,40
150.75.77.207,1,44
163.33.57.184,1,40
163.33.241.166,1,40
163.33.167.205,1,40
150.75.33.244,1,40
150.75.147.77,1,40
163.33.53.103,1,40
163.33.70.30,1,40
150.75.244.170,1,40
163.33.158.71,1,40
150.75.70.94,1,40
163.33.183.134,1,40
163.33.165.103,1,44
150.75.92.141,1,40
150.75.13.250,1,40
163.33.191.56,1,40
163.33.229.23,1,40
163.33.253.100,1,44
163.33.120.221,1,40
150.75.166.23,1,40
133.11.78.20,1,44
163.33.157.14,1,40
163.33.37.101,1,40
133.149.148.126,1,44
163.33.139.168,1,40
150.75.215.61,1,40
203.77.113.255,1,76
133.11.95.222,1,40
150.75.89.227,1,40
163.33.127.80,1,40
163.33.255.202,1,40
163.33.87.206,1,40
133.149.248.12,1,40
133.149.214.65,1,40
163.33.159.73,1,48
163.33.229.61,1,40
163.33.122.182,1,40
163.33.110.99,1,40
150.75.53.19,1,29
150.75.203.128,1,40
163.33.106.137,1,56
202.198.18.124,1,40
150.75.232.245,1,44
163.33.229.73,1,58
133.149.223.135,1,40
133.149.57.136,1,40
163.33.155.31,1,40
163.33.173.219,1,40
133.11.114.89,1,40
163.33.138.253,1,52
163.33.152.240,1,40
163.33.113.201,1,40
163.33.181.188,1,40
163.33.141.51,1,52
133.11.65.58,1,40
133.149.84.211,1,40
150.75.110.227,1,40
163.33.244.231,1,40
150.75.121.1,1,40
133.11.110.101,1,44
202.198.51.217,1,40
133.149.39.62,1,40
202.198.48.190,1,40
150.75.59.20,1,44
