,dip_ct,dip_pkt_size_ct
71.126.222.64,167980,9911504
202.204.60.112,426,425582
133.149.164.212,1,40
163.33.191.215,1010,1463861
163.33.234.94,21035,31553852
203.77.116.218,545,28624
203.77.107.167,5298,182180
202.198.44.179,190,71216
133.149.127.131,1,40
163.33.93.208,23,7387
163.33.114.254,1,44
163.33.233.223,163,98931
133.11.70.151,39,4319
133.149.174.107,1,40
203.77.126.180,1984,774822
133.149.19.136,1,40
150.75.236.53,2,80
163.33.93.206,12,1352
163.33.80.4,21,3379
133.149.98.171,1,40
150.75.211.213,1,40
163.33.251.125,4,686
163.33.69.85,1,44
202.204.60.245,3000,3777948
133.11.124.67,1,40
163.33.141.136,5,2313
133.11.70.149,96,9946
203.77.120.153,4,214
203.77.89.37,1,40
133.11.70.132,102,10319
163.33.140.98,6,444
150.75.252.80,1,40
163.33.235.38,103,116120
163.33.12.71,1,44
163.33.54.182,1,40
150.75.1.198,1,40
163.33.202.209,1,40
203.77.122.57,61,4783
133.11.70.138,63,6414
133.149.250.239,1,40
150.75.63.99,60,3412
150.75.84.53,1,40
163.33.131.82,59,2832
202.204.62.182,1027,1518650
150.75.96.46,1,40
163.33.162.247,1,40
163.33.0.181,1,69
163.33.92.53,3,156
203.77.10.114,1,40
203.77.15.146,1,40
163.33.131.174,1,69
203.77.43.245,1,40
150.75.198.49,1,40
202.204.58.83,1,40
163.33.70.114,1,40
163.33.19.183,13,2417
163.33.99.49,14,5235
163.33.175.141,38,42461
163.33.86.190,1,56
203.77.118.202,156,11856
133.149.248.163,1,44
203.77.120.158,656,914186
202.198.44.222,57,3192
163.33.95.116,2,96
133.149.248.234,1,40
163.33.120.180,1,69
133.11.70.137,84,8649
163.33.177.128,2,84
202.198.0.165,1,40
163.33.180.254,1,69
150.75.166.88,1,40
150.75.71.241,1,40
150.75.62.247,1,40
163.33.141.72,35,2362
133.11.70.160,2,80
133.149.175.243,1,40
163.33.233.56,1,40
163.33.68.91,1,40
163.33.228.161,93,73855
203.77.116.213,751,383029
133.149.40.57,3,120
202.204.56.183,15,2020
150.75.123.30,1,40
133.149.178.237,1,44
150.75.62.11,90,4900
163.33.29.151,3,331
163.33.149.211,1,44
202.204.58.228,1,40
163.33.74.80,1,40
133.11.119.99,1,40
163.33.113.182,1,69
150.75.62.28,66,3960
133.11.69.148,71,4144
202.204.56.143,164,5904
133.149.202.129,1,52
150.75.131.62,1,40
163.33.141.231,1,69
202.198.62.247,1,40
163.33.175.201,1,40
150.75.177.95,1,40
202.25.109.121,193,205272
133.149.47.155,66,3168
203.77.120.217,1,40
163.33.208.158,1,69
203.77.11.222,1,40
150.75.221.218,1,40
133.149.211.214,1,40
163.33.111.210,1,40
133.11.70.154,100,10610
150.75.109.254,1,60
163.33.6.151,1,40
203.77.113.246,132,60688
163.33.185.250,1,40
133.149.234.43,1,40
202.204.56.129,2,190
133.11.69.194,63,3502
163.33.34.203,1,40
133.149.236.22,1,40
163.33.101.194,1,40
163.33.9.158,1,69
203.77.30.27,1,57
163.33.89.54,1,69
203.77.110.77,1,40
163.33.22.166,1,69
150.75.23.108,1,40
133.149.104.116,1,40
163.33.229.174,1,44
133.149.115.255,1,40
150.75.53.189,1,44
202.204.62.34,12,1049
133.149.119.243,1,40
163.33.16.157,1,44
133.149.205.29,2,80
133.11.70.150,88,9098
163.33.122.214,1,40
163.33.191.200,4,627
163.33.24.250,1,44
133.149.94.57,1,44
133.149.15.180,1,40
133.11.70.129,35,3710
163.33.191.232,1,52
150.75.199.248,1,40
133.149.99.24,1,48
133.11.70.195,63,3594
150.75.93.48,1,40
133.11.103.73,1,40
202.198.27.36,1,40
133.149.182.255,1,40
163.33.93.178,209,284469
150.75.24.58,1,44
163.33.190.143,1,69
163.33.193.218,1,40
150.75.182.31,1,40
203.77.46.44,1,40
133.149.220.183,1,40
163.33.157.23,1,69
133.149.70.79,1,40
203.77.84.24,1,40
133.149.98.175,1,44
150.75.78.144,1,60
150.75.218.242,1,40
203.77.49.81,1,40
163.33.196.205,1,40
150.75.186.209,1,40
150.75.63.125,60,3772
133.149.26.150,1,44
133.149.23.97,1,40
163.33.9.5,8,480
150.75.49.63,1,40
150.75.222.150,1,40
203.77.87.198,2,120
150.75.182.232,1,40
150.75.9.152,1,40
163.33.253.246,1,69
163.33.116.245,1,44
133.149.73.73,1,40
133.11.70.144,67,6543
133.149.242.71,1,40
203.77.115.51,21,1720
163.33.82.33,1,69
150.75.16.231,2,80
150.75.127.50,1,40
202.198.38.172,1,32
150.75.23.18,1,44
163.33.104.22,36,2644
133.149.218.19,1,40
163.33.201.173,2,80
163.33.180.45,1,40
163.33.141.224,21,1132
133.11.70.141,36,3411
203.77.120.249,51,9565
203.77.76.229,1,40
163.33.238.45,32,3656
163.33.55.134,1,69
150.75.70.110,1,40
163.33.93.234,14,1344
163.33.57.0,1,52
163.33.29.183,13,1248
133.11.70.128,62,6366
203.77.126.146,15,1648
163.33.195.186,17,1690
133.149.171.54,1,40
150.75.142.30,2,80
150.75.24.127,1,48
133.149.164.213,1,40
203.77.112.100,2,80
163.33.193.34,1,40
203.77.125.209,1,40
163.33.251.174,11,572
150.75.85.119,1,40
133.149.175.117,1,40
163.33.168.144,1,40
163.33.157.106,1,40
202.204.60.2,31,30763
133.11.70.159,140,14540
203.77.79.236,1,40
133.149.71.200,1,40
133.149.70.39,1,40
163.33.252.105,13,1248
163.33.166.85,14,1344
133.149.59.148,1,40
133.149.156.56,1,40
150.75.176.66,1,40
163.33.45.166,1,52
150.75.198.41,1,40
163.33.92.16,13,1248
163.33.4.44,14,1344
163.33.186.189,14,1344
163.33.157.178,13,1248
133.149.56.228,1,44
203.77.113.192,23,1691
150.75.137.164,1,40
133.11.121.96,1,44
203.77.125.33,2287,3423652
163.33.170.246,1,40
163.33.134.150,1,40
163.33.92.59,67,83231
150.75.124.179,1,40
163.33.203.33,20,1617
203.77.59.201,1,44
163.33.63.130,9,1315
133.149.44.207,1,40
163.33.141.152,592,816963
133.149.132.66,1,40
150.75.88.133,1,48
203.77.113.247,283,411349
202.198.42.146,1,40
163.33.140.194,2,359
150.75.199.255,1,40
150.75.10.227,1,40
163.33.95.103,1,40
163.33.139.132,1,1356
203.77.82.51,1,44
150.75.42.151,1,44
133.11.86.43,1,44
150.75.50.114,1,40
133.11.70.153,92,8985
150.75.165.112,2,104
202.198.52.28,67,3216
150.75.125.60,6,316
203.77.37.162,1,40
163.33.187.22,1,40
133.11.111.153,1,48
150.75.181.94,1,44
163.33.114.86,1,44
163.33.46.41,1,44
133.149.57.93,1,40
203.77.76.128,1,40
133.11.70.156,56,5614
150.75.64.249,1,40
150.75.136.167,1,40
133.149.0.194,1,40
150.75.72.11,1,40
163.33.168.34,1,40
133.11.70.152,44,4641
133.149.89.162,1,40
163.33.244.96,1,40
133.149.153.44,1,40
133.11.70.135,23,2370
203.77.44.238,1,40
150.75.253.102,1,40
150.75.109.255,1,40
133.11.77.213,1,40
133.149.230.67,1,40
163.33.183.209,1,69
163.33.13.51,1,69
202.198.51.74,1,40
163.33.165.244,1,69
163.33.22.227,1,40
150.75.198.5,1,40
203.77.95.85,1,40
133.11.116.197,1,44
163.33.26.204,1,40
133.149.90.100,1,40
150.75.253.71,1,40
133.11.99.14,1,40
150.75.183.32,1,40
133.11.107.199,1,40
150.75.252.241,1,40
150.75.138.165,1,40
150.75.183.2,1,40
202.198.5.113,3,120
163.33.18.46,1,48
150.75.160.60,1,40
203.77.20.56,1,44
202.198.6.102,1,40
150.75.207.162,1,40
163.33.109.153,1,69
150.75.3.160,1,40
150.75.231.94,1,44
150.75.158.201,1,48
133.149.32.80,1,52
133.149.57.145,1,40
150.75.217.243,1,40
133.11.70.215,8,1020
150.75.252.182,1,40
150.75.148.84,1,40
150.75.92.185,1,44
133.149.242.136,1,40
133.11.70.147,15,1566
133.11.70.157,99,10117
163.33.250.128,1,69
163.33.244.0,1,40
203.77.72.244,63,3024
203.77.121.216,8,2387
150.75.155.81,1,40
163.33.228.235,1,40
163.33.56.29,1,69
150.75.79.81,1,40
163.33.217.13,5,240
150.75.163.153,2,80
163.33.80.62,1,40
133.149.155.22,1,40
133.149.140.237,1,40
133.149.172.78,1,40
133.149.255.214,1,40
163.33.205.153,1,40
202.204.58.105,10,1776
203.77.127.92,1,40
133.149.223.70,1,60
202.198.44.138,119,22025
150.75.163.155,1,40
163.33.135.74,1,40
133.11.70.158,99,10578
150.75.79.25,1,40
150.75.27.13,1,40
133.149.109.181,1,40
163.33.240.145,2,109
133.149.47.163,1,40
203.77.126.80,10,817
163.33.74.168,1,40
163.33.250.130,1,69
150.75.155.181,1,40
133.149.149.124,1,40
163.33.12.182,5,552
163.33.203.139,1,69
163.33.109.174,1,40
133.11.98.150,1,40
150.75.121.237,1,40
163.33.207.23,1,69
202.204.63.243,4,428
203.77.122.165,2,116
163.33.37.203,1,69
150.75.177.65,1,40
163.33.230.223,1,69
133.11.89.40,1,40
150.75.199.168,2,84
133.149.172.27,1,44
163.33.63.129,7,1913
203.77.112.186,1,40
150.75.127.214,1,40
163.33.184.86,1,40
203.77.104.156,1,40
163.33.107.205,1519,2274568
150.75.78.255,1,40
163.33.204.71,3,120
133.11.84.178,1,60
133.149.95.64,1,40
163.33.187.59,1,40
150.75.60.1,1,44
133.11.70.136,71,7597
163.33.198.41,11,6770
133.11.100.111,1,40
150.75.6.150,1,40
163.33.229.210,1,69
163.33.85.144,1,69
203.77.50.40,1,40
150.75.199.223,1,40
163.33.173.70,1,40
133.11.70.130,96,9626
150.75.136.29,1,40
203.77.45.222,1,40
133.149.9.225,1,40
150.75.110.135,1,40
150.75.19.242,1,40
203.77.64.238,1,40
150.75.38.156,1,40
163.33.10.238,1,40
163.33.80.236,1,40
163.33.132.44,2,155
133.11.86.120,1,40
150.75.71.153,1,40
150.75.130.128,1,40
203.77.64.193,1,40
150.75.240.33,2,80
163.33.138.13,1,40
202.204.62.170,1,44
202.198.1.114,1,40
133.149.71.217,1,40
133.11.71.240,1,40
163.33.217.155,1,40
150.75.226.36,1,40
133.149.172.254,6,288
133.149.161.112,1,40
150.75.196.183,1,40
163.33.111.145,1,69
163.33.187.132,1,69
150.75.216.217,1,40
133.149.55.156,1,40
150.75.23.233,1,32
133.11.122.184,1,40
150.75.110.214,1,40
133.149.255.71,11,1320
133.149.166.173,1,40
203.77.61.66,1,40
163.33.250.204,1,40
133.149.48.178,1,44
163.33.56.217,1,69
150.75.79.14,1,40
163.33.179.3,1,69
163.33.126.126,1,40
133.149.148.206,1,40
202.198.14.148,1,44
133.149.109.216,1,40
163.33.62.172,9,1412
163.33.91.210,1,69
163.33.92.236,50,23920
163.33.63.131,10,1556
163.33.94.228,11,786
163.33.126.24,1,40
150.75.68.100,1,40
150.75.199.215,1,40
150.75.70.87,1,40
133.149.107.28,1,40
133.11.70.134,68,7052
163.33.44.208,1,40
163.33.63.168,12,1954
150.75.164.156,1,40
163.33.156.218,1,40
163.33.150.135,1,40
203.77.47.83,1,44
133.149.92.86,1,40
203.77.127.30,4,220
150.75.56.121,1,40
163.33.122.33,1,40
150.75.92.0,1,40
150.75.224.233,1,40
133.11.95.167,1,40
163.33.36.68,20,1297
163.33.44.232,2,80
163.33.24.247,1,69
203.77.78.60,1,40
163.33.219.82,1,69
150.75.176.9,1,40
150.75.48.216,1,40
163.33.84.69,3,207
163.33.56.163,1,69
150.75.214.173,1,44
150.75.228.17,1,40
163.33.75.10,1,44
163.33.116.84,59,66372
163.33.198.54,1,40
163.33.121.226,1,69
163.33.62.181,1,44
150.75.113.137,1,40
163.33.210.43,1,40
133.149.41.14,1,40
163.33.116.57,1,69
150.75.183.255,1,40
133.149.203.138,1,40
163.33.245.48,1,52
133.149.13.78,1,40
133.149.188.247,1,40
133.149.69.144,1,40
203.77.49.184,1,40
133.11.70.133,65,3556
150.75.3.84,1,40
150.75.79.129,1,40
163.33.182.202,1,69
133.149.65.112,2,80
150.75.70.14,1,40
150.75.47.86,1,40
133.149.220.35,1,40
150.75.118.105,1,40
163.33.14.19,1,40
133.149.26.138,1,52
163.33.132.39,52,26602
163.33.47.212,1,40
163.33.156.16,1,40
133.149.56.25,1,40
150.75.56.109,1,40
163.33.26.162,1,69
203.77.69.145,1,40
163.33.203.230,1,69
203.77.122.221,9,1159
150.75.209.252,1,40
163.33.254.94,1,40
133.149.208.225,1,40
150.75.52.189,1,44
150.75.176.137,1,40
203.77.113.163,1,99
163.33.54.38,1,69
203.77.124.70,6,504
203.77.39.113,1,40
163.33.95.135,54,15278
163.33.150.56,1,40
163.33.223.82,1,40
150.75.241.63,1,40
163.33.188.129,1,40
163.33.92.111,1,113
133.11.83.151,1,40
163.33.201.247,4,537
133.11.74.235,1,60
133.149.54.66,1,40
150.75.199.182,1,40
163.33.121.62,1,69
133.11.96.103,1,40
163.33.126.36,1,40
163.33.191.217,1,40
203.77.15.198,1,44
150.75.79.57,1,40
150.75.79.178,1,40
163.33.116.50,5,859
133.149.234.11,1,44
163.33.88.54,1,69
133.149.118.45,1,40
163.33.244.117,1,40
163.33.76.21,1,40
163.33.152.36,1,40
163.33.232.138,12,1488
163.33.62.133,6,1080
150.75.39.123,1,40
203.77.17.114,1,40
150.75.65.36,1,40
133.11.110.239,1,44
163.33.63.128,11,1667
163.33.101.240,1,40
202.198.14.236,1,40
203.77.115.33,52,2304
163.33.63.169,20,2176
163.33.95.220,10,520
150.75.0.178,1,40
163.33.155.240,1,44
150.75.186.101,1,40
150.75.93.53,1,40
203.77.15.21,1,40
163.33.46.69,1,40
133.149.138.129,1,40
163.33.87.137,1,69
150.75.17.204,1,40
133.149.180.113,1,40
163.33.93.42,153,218178
163.33.99.97,1,40
133.11.70.140,41,3692
203.77.126.214,1,40
203.77.81.211,1,40
133.149.210.16,2,80
163.33.234.231,2,96
133.149.63.105,6,288
163.33.127.102,1,40
133.149.21.157,2,80
203.77.100.248,1,40
133.149.166.121,1,40
163.33.115.205,1,40
150.75.154.234,1,40
163.33.44.28,1,40
163.33.236.209,1,40
163.33.204.8,1,69
202.198.46.18,1,40
163.33.101.251,1,40
150.75.185.153,1,52
150.75.217.90,1,40
203.77.104.61,2,80
163.33.147.92,1,40
163.33.22.134,1,40
163.33.80.103,1,40
133.149.112.167,1,121
150.75.57.70,1,40
133.11.70.206,1,60
163.33.193.151,1,40
163.33.186.62,1,40
150.75.212.245,1,40
163.33.176.165,1,40
202.198.7.126,9,727
203.77.78.230,1,40
133.11.107.253,1,40
133.149.234.194,2,80
202.198.6.89,1,44
163.33.233.127,1,52
203.77.75.247,1,40
150.75.14.160,1,40
150.75.140.249,1,40
150.75.153.136,1,40
133.11.70.142,63,6453
150.75.44.167,1,40
150.75.105.196,1,44
133.149.177.207,1,40
133.149.81.234,1,852
150.75.147.169,1,40
133.149.105.214,1,40
133.149.157.202,3,178
203.77.126.147,1,52
133.149.228.38,1,40
203.77.97.115,1,40
163.33.244.129,2,109
150.75.41.117,1,40
150.75.215.177,2,84
203.77.125.65,1,136
150.75.119.50,1,44
133.11.86.17,1,40
150.75.64.8,1,40
163.33.194.99,1,40
150.75.210.251,1,40
150.75.26.77,1,40
150.75.88.207,1,44
163.33.150.67,1,44
150.75.122.161,1,392
163.33.17.97,1,40
163.33.231.76,1,52
150.75.41.249,1,40
203.77.108.192,1,40
150.75.139.190,1,40
163.33.206.202,1,40
163.33.92.109,7,605
133.149.119.149,1,52
163.33.216.87,1,40
163.33.164.146,1,40
163.33.63.175,10,1575
150.75.231.66,1,40
163.33.44.199,1,40
150.75.200.167,2,92
150.75.160.71,1,40
133.149.123.184,1,40
133.11.70.155,155,15789
133.149.210.77,1,44
150.75.156.5,1,40
150.75.247.1,1,40
163.33.17.94,2,101
150.75.196.229,1,40
163.33.230.0,1,40
163.33.112.240,1,40
133.11.96.116,1,40
150.75.107.76,1,40
150.75.152.53,1,40
163.33.62.77,2,109
150.75.104.180,1,44
163.33.147.210,1,40
150.75.7.211,1,40
150.75.201.79,1,40
203.77.42.153,1,44
150.75.195.241,1,40
163.33.27.192,1,40
133.149.197.83,1,40
133.149.228.235,1,40
133.149.252.38,1,40
133.11.123.186,1,40
163.33.123.105,1,69
133.149.255.123,1,40
133.149.15.162,1,40
133.11.115.101,1,40
163.33.138.84,1,52
163.33.144.63,1,40
163.33.203.101,1,69
133.11.70.139,121,12498
150.75.144.162,1,40
150.75.93.229,1,40
150.75.170.111,1,40
163.33.165.239,1,40
203.77.127.250,1,40
150.75.213.22,1,40
163.33.218.195,1,40
163.33.60.11,1,69
163.33.33.152,1,69
203.77.84.205,1,40
163.33.78.52,1,40
163.33.4.143,1,40
163.33.193.132,1,40
150.75.88.96,1,40
163.33.0.108,1,40
163.33.92.186,2,96
133.149.183.95,1,40
163.33.20.177,1,40
133.149.205.57,1,40
163.33.252.173,1,44
150.75.11.105,1,40
163.33.117.170,1,69
133.149.141.132,1,40
203.77.123.0,2,80
133.149.14.223,1,40
150.75.54.136,1,40
133.149.94.75,2,80
133.149.33.119,1,40
163.33.33.208,6,240
150.75.105.135,1,40
163.33.118.96,1,40
133.11.100.179,1,44
202.198.44.201,1,40
133.11.89.56,1,40
133.149.143.134,1,40
163.33.247.130,1,44
163.33.58.7,1,40
133.149.202.232,1,40
163.33.94.200,1,96
203.77.84.13,1,40
150.75.131.56,1,40
202.198.21.121,1,40
150.75.231.214,1,40
163.33.150.155,1,40
163.33.240.118,1,40
133.149.144.18,1,40
203.77.56.249,1,40
150.75.167.98,1,44
133.149.1.99,1,40
163.33.62.175,4,579
150.75.209.209,1,40
163.33.63.172,11,1962
163.33.67.156,1,48
202.198.13.182,1,40
133.149.179.245,1,40
202.204.60.85,58,13888
150.75.3.219,1,40
163.33.183.219,1,40
150.75.137.92,1,40
163.33.62.134,7,1895
163.33.27.239,1,44
133.149.147.144,1,44
150.75.141.209,1,40
163.33.76.28,1,52
203.77.97.172,1,40
202.15.129.175,1,40
163.33.180.51,1,69
150.75.115.128,1,40
163.33.129.152,1,69
133.11.70.148,87,9164
163.33.152.222,1,69
203.77.98.142,1,40
163.33.86.246,1,44
150.75.56.228,1,40
163.33.62.141,1,40
133.149.183.175,1,44
163.33.84.53,2,417
150.75.10.56,1,40
150.75.124.198,1,44
202.15.129.75,1,40
203.77.65.174,1,40
133.11.70.131,63,6667
150.75.84.22,1,40
133.149.42.125,1,40
150.75.73.195,1,40
203.77.80.156,1,40
203.77.110.181,1,40
133.11.113.208,1,44
150.75.195.27,1,40
203.77.121.100,1,60
163.33.6.168,1,69
203.166.184.154,14,1342
150.75.29.41,1,40
163.33.245.162,1,44
163.33.154.110,1,44
133.149.29.72,1,40
133.11.70.109,1,40
133.11.115.208,1,44
133.11.70.146,40,3973
203.77.118.106,1,52
150.75.87.243,1,40
133.149.120.154,1,40
150.75.147.192,1,48
163.33.215.34,1,69
133.11.99.136,1,40
203.77.108.40,1,40
163.33.169.155,1,40
133.11.70.143,88,9184
133.11.121.50,1,121
150.75.39.67,1,40
150.75.23.202,1,394
133.149.116.125,1,40
150.75.2.57,1,40
203.77.122.84,2,96
202.198.48.144,1,40
150.75.185.99,1,40
150.75.68.151,1,40
150.75.145.192,1,40
133.149.0.35,1,40
133.11.110.54,1,40
163.33.139.18,1,40
163.33.8.92,1,40
203.77.33.102,1,40
163.33.249.121,1,40
133.149.236.26,1,40
163.33.244.187,44,6693
150.75.192.3,1,40
133.149.238.114,1,40
150.75.125.226,1,40
150.75.177.85,2,80
150.75.150.176,1,40
133.11.77.87,1,40
150.75.238.167,1,40
203.77.83.67,2,80
133.11.97.127,1,40
202.198.50.85,1,40
163.33.230.12,1,40
202.198.55.155,1,40
133.11.114.97,1,40
163.33.217.128,1,40
133.149.33.158,1,40
163.33.62.132,8,1976
133.11.87.10,1,40
133.149.65.183,1,40
150.75.50.1,1,44
163.33.62.174,10,1783
163.33.182.150,1,40
133.149.195.97,3,120
163.33.62.109,1,40
133.149.99.13,1,40
203.77.92.52,1,40
163.33.174.19,928,1389388
133.149.161.166,1,44
203.77.84.249,1,40
133.149.193.49,1,40
163.33.133.53,1,71
163.33.232.79,73,82513
203.77.85.38,1,40
203.77.82.178,1,40
150.75.145.23,1,40
133.149.106.199,1,40
163.33.36.56,1,40
133.149.224.107,1,44
150.75.133.209,1,40
150.75.35.128,1,44
133.149.28.52,1,40
163.33.152.44,1,40
133.149.154.239,1,40
150.75.90.137,1,40
203.77.113.193,7,526
203.77.103.109,1,40
203.77.96.107,1,48
133.11.75.150,1,40
150.75.136.54,1,40
133.149.79.215,1,40
163.33.93.103,1,69
202.198.59.26,1,40
150.75.209.182,1,40
150.75.230.8,1,40
133.149.92.147,1,44
163.33.184.13,1,40
203.77.29.102,1,52
202.198.36.9,1,40
163.33.37.119,1,44
163.33.124.234,1,44
150.75.78.116,1,40
133.149.156.17,1,40
202.198.54.213,1,40
163.33.255.218,1,69
150.75.211.131,1,40
150.75.203.145,1,40
163.33.146.135,2,84
150.75.187.49,1,40
150.75.230.155,1,40
202.198.36.32,1,40
150.75.241.37,1,40
163.33.220.220,1,40
203.77.77.121,1,44
163.33.173.97,1,40
150.75.27.50,1,40
150.75.39.181,1,40
133.149.60.159,1,40
150.75.23.170,1,40
202.198.56.77,1,40
163.33.139.178,1,40
202.198.54.185,1,40
163.33.146.72,1,44
163.33.129.59,1,69
133.149.167.239,1,40
163.33.235.198,1,40
163.33.70.215,1,69
163.33.141.105,11,9508
203.77.84.167,1,40
163.33.202.174,1,40
150.75.186.247,1,40
202.198.62.176,1,40
163.33.37.64,1,40
133.149.201.83,2,80
163.33.137.41,1,40
203.77.75.0,1,40
150.75.70.80,1,40
163.33.200.23,1,44
133.149.84.163,1,40
202.198.33.75,1,40
150.75.85.98,1,40
150.75.12.103,1,40
133.11.125.93,1,40
163.33.182.115,1,40
203.77.118.49,1,40
163.33.62.169,7,1646
150.75.126.96,1,40
203.77.127.55,18,1672
133.11.94.135,1,40
203.77.91.41,1,40
150.75.157.222,1,40
163.33.21.251,1,40
150.75.180.207,2,80
163.33.15.10,1,40
133.149.49.89,2,80
150.75.8.101,1,40
163.33.46.186,1,40
163.33.129.158,1,40
163.33.181.49,1,40
163.33.63.173,5,781
133.149.13.104,8,912
163.33.57.129,1,69
163.33.28.84,1,40
133.11.70.231,1,44
202.198.14.149,1,40
202.204.59.91,1,40
133.149.79.108,1,40
150.75.103.242,1,40
163.33.244.36,1564,2265681
163.33.94.13,3,184
202.198.13.179,1,40
203.77.50.82,1,40
163.33.38.108,1,69
150.75.151.162,1,40
163.33.201.199,7,336
163.33.79.32,1,40
163.33.57.151,1,69
150.75.251.98,1,40
133.11.122.245,1,40
133.149.26.234,1,52
133.11.70.145,39,3945
150.75.40.197,1,40
163.33.239.106,1,69
163.33.186.48,1,40
202.198.11.105,1,40
163.33.180.124,3,217
133.11.110.168,1,40
203.77.18.205,1,40
133.11.81.36,1,40
163.33.107.102,13,5817
150.75.164.186,1,40
163.33.18.183,1,69
202.198.33.198,1,40
163.33.206.10,1,60
133.11.101.10,1,40
133.149.217.227,1,40
133.11.118.252,2,80
163.33.27.165,1,40
133.149.50.174,2,80
163.33.78.7,1,69
150.75.85.76,1,40
133.149.76.208,1,40
163.33.18.18,1,40
133.149.10.101,1,40
163.33.20.109,1,40
133.149.34.63,1,40
203.77.77.131,1,44
203.77.91.73,1,40
203.77.106.236,5,296
133.149.218.149,1,40
203.77.69.130,1,40
133.149.194.254,1,40
133.149.74.223,1,40
202.198.13.136,1,40
150.75.120.241,1,44
163.33.81.235,1,40
163.33.94.254,6,473
163.33.109.60,1,69
163.33.21.144,1,40
150.75.119.15,1,40
163.33.158.220,1,69
163.33.252.46,4,674
163.33.47.75,1,40
203.77.118.218,4,344
163.33.146.172,5,1020
203.77.110.78,1,40
150.75.113.191,1,40
133.149.142.155,1,40
133.149.186.40,1,40
150.75.205.39,1,40
133.11.110.76,1,40
163.33.106.1,1,69
133.149.151.39,1,40
133.149.202.54,1,40
203.77.115.34,3,252
133.149.63.219,1,44
163.33.23.66,1,44
163.33.248.98,1,69
133.11.78.157,1,40
203.77.48.0,1,40
163.33.62.168,9,1200
150.75.137.1,1,40
133.149.109.219,1,40
150.75.215.77,1,40
150.75.215.66,1,40
202.198.7.124,1,40
150.75.160.78,1,40
163.33.26.123,1,44
163.33.141.141,1,115
150.75.137.204,1,40
163.33.193.158,1,40
163.33.247.144,1,76
202.198.11.64,1,40
203.77.98.106,1,40
203.77.122.55,1,40
133.11.85.113,3,128
163.33.15.109,1,40
163.33.115.56,1,69
133.149.165.166,1,40
163.33.224.91,1,40
133.149.134.99,1,121
163.33.143.140,1,69
203.77.1.163,1,40
163.33.158.7,1,60
133.149.76.176,1,40
202.198.15.151,1,40
133.149.25.15,1,44
203.77.24.38,1,44
203.77.56.66,1,40
163.33.72.30,1,69
150.75.146.201,1,44
163.33.119.137,1,40
150.75.254.148,1,40
202.198.41.197,1,53
133.149.185.199,1,40
133.149.26.119,1,44
150.75.169.38,1,40
133.11.78.105,1,40
150.75.235.32,1,40
163.33.172.182,1,69
133.149.209.206,1,44
163.33.228.87,4,196
150.75.234.185,1,40
203.77.93.155,1,220
163.33.230.167,1,69
163.33.197.196,1,69
133.11.117.153,1,40
163.33.81.53,1,44
133.149.160.184,1,40
163.33.56.234,1,44
133.149.221.49,1,40
163.33.42.180,1,69
163.33.166.248,1,40
203.77.104.238,1,40
133.11.99.127,1,40
203.77.85.172,1,40
150.75.49.83,1,40
203.77.35.138,1,40
150.75.17.134,1,40
133.11.107.229,1,40
150.75.107.130,1,40
163.33.142.67,1,69
163.33.239.201,1,40
163.33.217.77,2,80
203.77.1.68,1,44
203.77.40.48,1,40
150.75.108.20,1,40
150.75.55.63,1,40
133.149.58.246,1,40
150.75.67.172,1,40
133.149.55.66,1,40
163.33.154.207,1,44
163.33.119.239,1,69
133.149.109.150,1,40
163.33.110.216,1,69
150.75.32.64,1,40
202.198.18.11,1,40
163.33.23.17,1,69
133.149.29.227,1,40
150.75.114.89,1,44
163.33.255.223,1,40
150.75.151.189,1,40
203.77.100.35,1,40
163.33.45.81,1,40
133.149.43.230,1,40
133.11.121.32,1,40
163.33.104.19,1,69
203.77.40.115,1,40
203.77.117.67,3,252
163.33.215.174,2,84
203.77.42.24,1,40
133.149.55.14,1,40
163.33.157.236,1,40
150.75.237.49,1,52
163.33.251.224,1,52
163.33.40.214,1,69
133.149.10.89,1,40
133.149.16.159,1,40
133.149.140.91,1,44
163.33.41.142,1,40
150.75.43.143,1,40
133.149.91.96,1,40
150.75.166.31,1,40
133.149.31.80,1,40
150.75.87.66,1,40
163.33.140.141,1,69
133.149.191.169,1,48
163.33.58.82,1,40
203.77.121.101,1,60
203.77.96.102,1,40
202.198.58.72,1,40
163.33.62.135,5,914
163.33.94.226,77,84575
133.149.145.245,1,60
133.11.83.64,2,88
203.77.125.77,1,40
203.77.57.221,1,44
163.33.189.76,2,109
133.149.100.176,1,40
203.77.121.134,5,4055
203.77.38.162,7,280
150.75.175.132,1,40
163.33.41.152,1,40
150.75.219.114,1,40
203.77.116.238,1,40
163.33.59.170,10,5677
133.11.72.150,1,40
163.33.79.244,1,69
163.33.195.189,1,69
133.149.46.138,1,40
163.33.142.211,1,69
203.77.56.68,1,40
150.75.242.254,1,40
133.149.101.170,1,40
163.33.96.252,1,69
150.75.109.208,1,40
150.75.94.81,1,40
133.11.118.3,1,40
150.75.82.252,1,40
163.33.246.41,1,60
163.33.244.85,1,40
133.11.109.125,1,40
163.33.110.149,1,40
133.149.35.25,6,288
163.33.182.137,5,260
133.149.239.202,1,40
133.149.238.104,1,40
133.11.97.197,1,48
133.149.154.173,4,160
150.75.153.162,1,40
150.75.50.248,1,40
150.75.133.202,1,40
203.77.69.108,1,40
133.11.76.130,1,40
163.33.160.135,1,69
133.149.81.56,1,40
203.77.7.96,1,48
150.75.175.140,1,40
133.11.70.192,7,973
202.198.1.109,1,40
150.75.203.65,1,60
202.198.52.175,1,40
133.149.80.154,1,44
150.75.16.204,1,44
150.75.239.186,1,40
163.33.57.225,2,109
133.149.165.196,2,80
163.33.95.22,3,425
133.11.98.251,1,40
203.77.103.131,1,40
150.75.175.63,1,40
163.33.156.24,2,88
150.75.206.133,1,40
163.33.94.112,97,110645
202.198.15.26,4,160
163.33.160.254,1,69
150.75.1.42,1,40
150.75.153.174,1,40
163.33.198.199,1,40
133.11.77.160,1,40
150.75.185.138,1,40
150.75.12.186,1,40
133.149.23.55,1,40
133.149.197.144,1,40
163.33.53.135,1,40
150.75.21.149,1,40
133.11.121.18,1,40
133.149.238.105,1,40
202.198.24.68,1,48
163.33.238.99,1,40
133.149.99.172,1,40
203.77.6.128,1,40
133.11.70.214,51,62704
150.75.203.138,1,40
163.33.180.48,1,40
202.198.18.61,1,40
150.75.191.91,1,40
133.149.138.2,1,44
163.33.241.238,1,44
150.75.251.114,1,40
163.33.84.176,1,40
203.77.14.174,1,40
163.33.191.103,13,1599
133.149.23.168,1,40
202.204.62.186,43,7521
150.75.120.234,1,40
202.198.5.130,1,40
163.33.199.29,1,40
133.11.76.22,1,60
203.77.111.93,1,40
163.33.191.226,2,413
202.198.40.174,1,60
203.77.119.5,14,2294
133.149.164.223,1,40
163.33.154.185,1,69
203.77.11.235,1,44
203.77.118.110,4,214
150.75.208.119,1,40
203.77.108.197,1,40
133.11.112.53,1,40
150.75.126.173,1,40
163.33.131.30,1,40
150.75.220.16,1,40
202.198.57.128,1,44
150.75.108.210,1,40
133.11.125.45,1,40
202.198.36.175,1,40
150.75.136.166,1,40
150.75.106.116,1,40
150.75.204.56,1,44
163.33.8.203,1,40
203.77.7.77,1,40
150.75.153.176,1,40
203.77.122.30,1,40
163.33.200.117,1,40
202.198.15.54,1,44
150.75.153.247,1,40
202.198.8.2,1,40
163.33.99.35,1,69
150.75.178.74,1,40
133.149.181.51,1,40
163.33.92.187,1,69
163.33.126.158,1,40
163.33.107.204,2,135
133.149.89.168,1,40
133.149.41.9,1,40
133.149.191.46,1,40
150.75.97.231,1,40
203.77.16.249,1,52
203.77.124.114,1,44
163.33.202.20,1,44
133.149.239.26,1,40
163.33.126.204,1,40
133.149.138.10,1,40
133.149.227.200,1,40
133.149.151.79,1,40
203.77.12.124,1,44
163.33.157.133,1,40
163.33.155.111,1,40
163.33.207.4,1,40
150.75.12.56,1,48
163.33.10.24,1,69
203.77.9.252,1,40
163.33.38.140,1,69
163.33.248.254,2,98
133.149.67.206,1,40
133.11.107.52,1,40
150.75.129.225,1,40
150.75.202.49,1,40
163.33.167.58,1,40
202.198.7.112,1,44
150.75.116.99,1,44
163.33.167.40,1,40
163.33.208.230,1,40
150.75.136.227,1,40
163.33.178.203,1,40
150.75.71.170,1,40
150.75.180.28,1,40
150.75.0.71,1,40
150.75.151.25,1,40
203.77.67.106,1,44
150.75.158.173,1,40
150.75.219.10,1,40
163.33.241.240,1,69
133.149.226.163,1,44
163.33.141.185,1,52
163.33.41.35,1,40
133.11.115.21,1,40
203.77.112.55,2,80
163.33.74.3,2,109
203.77.103.161,1,48
150.75.203.232,1,40
203.77.33.10,1,40
133.11.77.111,1,40
203.77.88.85,1,40
133.149.183.202,1,40
163.33.181.87,1,40
150.75.124.239,1,40
133.149.57.106,1,44
163.33.4.168,1,40
163.33.54.210,1,40
150.75.129.54,1,40
150.75.166.35,1,40
163.33.61.30,1,40
163.33.253.242,1,69
133.149.195.88,1,40
150.75.75.113,1,60
150.75.248.47,1,40
163.33.126.51,1,40
150.75.10.45,1,40
150.75.146.123,1,40
133.149.181.26,1,40
133.149.147.179,1,40
150.75.206.56,1,40
163.33.35.237,1,40
133.149.85.123,1,40
163.33.215.251,1,40
163.33.216.22,1,40
150.75.221.242,1,40
133.149.211.251,2,84
163.33.62.173,9,2189
202.198.10.111,1,40
163.33.223.234,1,40
203.77.52.159,1,40
163.33.115.25,1,40
150.75.23.22,1,40
150.75.128.89,1,40
203.77.97.73,1,32
133.149.0.6,1,44
150.75.35.176,1,40
150.75.204.212,1,44
203.77.97.166,1,40
150.75.71.64,1,40
163.33.197.205,1,69
150.75.248.42,1,40
150.75.171.126,1,40
150.75.70.106,1,40
133.149.212.34,1,52
203.77.120.28,3,144
163.33.56.63,1,69
150.75.179.121,1,40
133.149.22.176,1,40
150.75.158.240,1,40
150.75.62.253,1,40
202.198.10.164,1,40
133.149.215.205,1,40
133.149.108.102,1,40
202.198.53.160,1,40
133.149.213.140,1,52
163.33.70.192,1,40
203.77.118.163,3,332
150.75.95.145,1,40
150.75.68.133,1,40
150.75.152.167,1,40
163.33.63.8,1,69
150.75.199.201,1,40
150.75.64.27,1,40
150.75.216.79,1,40
163.33.26.163,1,40
133.11.102.70,1,40
150.75.10.234,1,40
202.204.62.156,1,40
150.75.28.164,1,40
163.33.58.5,1,69
133.149.26.65,1,40
203.77.101.73,1,40
163.33.194.8,1,44
150.75.235.204,1,40
133.149.244.19,1,44
150.75.197.242,1,40
133.149.116.148,1,40
150.75.158.107,1,40
163.33.166.159,1,40
163.33.232.148,1,69
150.75.192.21,1,40
150.75.100.213,1,40
163.33.233.207,1,69
202.198.24.116,1,40
163.33.169.205,1,40
150.75.36.250,1,40
150.75.36.163,1,40
150.75.22.145,1,44
163.33.75.133,1,69
133.149.40.229,1,40
150.75.217.214,1,40
203.77.10.181,1,40
150.75.99.62,1,60
163.33.115.41,1,69
150.75.38.134,1,40
163.33.95.44,1,52
203.77.91.187,1,40
150.75.115.108,1,40
150.75.229.131,1,40
133.149.16.207,1,40
163.33.95.214,3,171
203.77.119.184,1,40
203.77.13.5,1,48
150.75.107.221,1,40
163.33.102.195,1,40
163.33.70.157,1,40
150.75.93.253,1,40
133.149.16.15,1,40
163.33.205.242,1,69
203.77.59.124,1,44
150.75.81.59,1,40
163.33.18.129,1,69
150.75.158.122,1,40
133.11.121.9,1,40
163.33.191.99,1,69
150.75.93.103,1,40
150.75.97.107,1,40
150.75.165.204,1,40
133.149.120.121,1,40
133.149.44.98,1,40
133.149.74.122,1,40
202.198.39.59,1,40
150.75.102.122,1,40
163.33.10.38,1,40
163.33.235.189,2,109
203.77.96.136,1,52
163.33.140.253,2,126
203.77.112.179,2,131
203.77.55.242,1,40
202.204.57.47,1,40
202.198.58.3,1,48
133.11.97.82,1,40
133.149.44.109,1,40
133.11.126.134,1,40
163.33.37.195,1,40
150.75.127.96,1,40
163.33.50.13,1,40
150.75.12.236,1,40
203.77.121.102,1,60
133.149.10.139,1,44
163.33.198.44,1,69
163.33.185.8,1,40
202.198.26.118,1,40
163.33.244.231,1,68
203.77.38.219,1,40
163.33.120.56,1,40
150.75.217.251,2,80
202.25.107.168,1,52
150.75.104.244,1,40
163.33.204.117,1,40
163.33.98.3,2,80
150.75.71.102,1,40
203.77.74.207,1,44
163.33.114.22,2,80
133.149.181.31,1,52
133.11.81.86,1,40
150.75.32.27,1,40
133.149.129.116,1,40
163.33.95.141,22,20982
133.149.122.189,1,40
163.33.65.46,9,1446
163.33.204.236,1,40
133.11.79.177,1,44
203.77.127.49,6,476
133.149.207.28,1,40
202.198.27.61,1,40
163.33.37.217,1,40
163.33.255.180,1,40
163.33.241.101,1,69
163.33.65.77,1,44
163.33.31.18,1,40
163.33.15.41,1,40
163.33.72.26,1,69
150.75.177.71,1,40
203.77.119.11,1,40
133.149.16.194,1,40
150.75.248.199,1,40
163.33.11.23,1,40
202.198.9.52,1,40
150.75.201.240,1,40
150.75.62.249,1,40
133.149.121.21,1,60
203.77.118.188,8,937
203.77.9.140,1,40
133.149.220.137,1,52
150.75.72.75,1,40
203.77.93.54,1,40
150.75.202.249,1,40
133.11.119.233,1,40
133.149.229.74,1,40
163.33.249.228,1,44
202.198.14.31,2,80
150.75.243.221,1,40
163.33.251.82,95,66153
163.33.176.108,1,40
163.33.253.9,1,40
150.75.157.42,1,60
163.33.168.166,1,52
150.75.169.248,1,40
203.77.98.27,1,40
163.33.49.237,1,40
133.149.1.15,1,40
133.11.72.28,1,40
163.33.252.63,1,40
203.77.34.248,1,40
203.77.109.41,1,40
163.33.6.52,1,44
133.11.110.59,1,40
163.33.36.255,5,640
203.77.74.206,1,44
202.198.54.121,1,40
150.75.182.142,1,40
163.33.235.249,1,40
150.75.126.0,1,40
163.33.249.159,1,40
133.149.196.83,1,40
203.77.118.75,1,40
133.11.103.58,1,48
133.149.243.159,1,40
133.149.117.49,1,40
150.75.248.80,2,80
163.33.218.246,1,40
133.149.149.21,1,40
133.149.188.168,1,40
133.149.45.44,1,40
163.33.181.206,1,69
163.33.174.175,1,40
203.77.96.172,1,40
133.149.33.13,1,40
203.77.114.153,1,40
163.33.117.231,1,69
202.204.60.12,36,3451
163.33.80.141,6,312
133.149.241.96,1,44
133.149.184.114,1,40
150.75.124.188,5,276
202.198.18.177,1,40
163.33.140.160,8,6332
163.33.95.128,1,40
163.33.177.155,1,58
133.149.36.126,1,40
150.75.8.232,1,44
133.11.76.217,1,40
163.33.45.33,1,40
203.77.118.105,1,40
163.33.199.40,1,69
163.33.166.97,1,40
163.33.113.219,1,40
133.149.203.210,1,40
203.77.87.24,1,44
150.75.44.117,1,52
202.198.55.216,1,40
133.149.7.95,1,44
133.149.209.5,1,40
202.198.39.13,1,44
150.75.88.91,1,40
163.33.32.201,1,40
163.33.71.157,1,69
163.33.122.12,1,64
163.33.199.18,1,40
163.33.249.252,1,40
150.75.213.132,1,40
150.75.250.237,1,40
163.33.174.16,2,110
150.75.51.54,1,72
163.33.106.45,1,69
133.149.116.123,1,40
163.33.150.15,1,69
163.33.47.45,1,40
150.75.89.159,1,40
203.77.34.127,1,40
133.149.250.12,1,40
133.149.47.184,1,40
163.33.166.47,1,40
163.33.111.205,4,347
133.149.45.36,1,40
163.33.116.0,1,40
163.33.171.124,1,40
150.75.66.52,1,40
150.75.202.229,1,40
163.33.81.221,1,69
133.149.140.89,1,48
133.11.81.253,1,40
163.33.225.83,1,44
203.77.121.103,1,60
133.149.234.150,2,80
150.75.228.33,2,80
150.75.86.73,1,52
163.33.94.82,93,128280
163.33.171.87,1,40
133.149.28.131,1,40
133.149.65.58,1,52
133.11.115.250,1,40
163.33.215.47,1,40
203.77.106.178,1,40
133.149.7.52,1,40
202.198.59.106,2,84
133.149.254.203,1,40
133.149.45.120,1,40
163.33.158.37,1,40
133.149.171.41,1,40
163.33.236.61,1,52
150.75.95.154,1,40
163.33.228.105,1,111
150.75.177.36,1,40
203.77.117.111,1,40
150.75.217.183,1,52
163.33.26.157,1,60
150.75.10.220,1,40
203.77.7.76,1,40
133.149.18.192,1,40
203.77.43.200,1,40
163.33.135.204,1,40
163.33.41.65,1,40
133.11.98.246,1,40
203.77.88.162,1,40
163.33.83.64,1,44
150.75.193.148,1,40
163.33.211.124,1,69
150.75.135.220,1,40
202.198.16.46,1,69
203.77.52.87,1,40
163.33.237.189,1,40
150.75.135.50,1,40
133.149.19.186,1,40
133.149.150.118,1,40
133.149.220.60,1,40
163.33.250.190,10,1650
203.77.17.144,1,40
133.149.121.181,1,40
163.33.202.132,1,40
150.75.232.160,1,40
150.75.147.95,1,40
163.33.61.69,1,69
133.149.75.249,1,40
133.149.57.188,1,40
150.75.78.166,1,40
150.75.77.71,1,40
133.149.152.156,1,40
202.198.55.4,1,60
133.149.136.238,1,52
203.77.49.64,1,40
163.33.209.129,5112,7222338
202.198.0.156,78,86301
163.33.39.160,1,44
133.149.97.191,1,40
133.149.30.14,1,40
163.33.151.141,1,40
202.198.1.206,1,40
163.33.92.194,3,219
163.33.2.71,1,69
133.149.117.157,1,44
163.33.74.105,1,40
133.149.150.166,1,40
150.75.206.44,1,40
203.77.114.199,1,40
203.77.112.218,1,40
150.75.38.167,1,40
150.75.79.156,1,40
133.149.150.149,1,40
163.33.105.142,1,69
163.33.169.146,1,69
150.75.102.240,1,40
163.33.140.222,8,1017
163.33.88.161,1,69
163.33.3.159,1,52
150.75.219.123,1,44
150.75.181.67,1,44
150.75.233.128,1,40
202.198.16.211,1,40
133.149.38.122,1,44
133.11.88.64,1,40
133.149.248.53,1,40
150.75.142.90,2,80
202.198.62.249,1,40
150.75.138.2,2,80
163.33.149.179,1,40
133.149.86.99,1,40
150.75.253.184,1,40
202.198.62.166,1,40
150.75.64.68,1,40
133.149.150.30,1,40
203.77.121.104,1,60
150.75.146.57,1,44
133.149.246.188,1,40
133.149.101.142,1,40
133.11.75.201,1,40
133.149.177.247,1,44
203.77.44.145,1,40
163.33.96.161,1,40
203.77.80.11,1,40
163.33.169.203,1,69
150.75.41.69,1,44
133.149.136.188,1,40
150.75.16.19,1,60
202.198.5.75,1,40
150.75.10.154,1,40
203.77.95.143,1,44
163.33.103.34,1,40
133.149.37.120,1,40
203.77.48.200,1,40
133.11.91.78,1,40
163.33.95.69,1,69
133.149.110.170,1,394
150.75.253.250,1,40
150.75.246.244,1,44
163.33.170.132,1,40
150.75.134.81,1,40
163.33.218.145,1,40
203.77.81.217,1,40
150.75.126.191,1,40
163.33.18.246,1,69
203.77.17.19,1,60
163.33.230.23,1,40
133.149.205.61,1,40
163.33.233.239,1,69
150.75.239.100,1,40
150.75.71.192,1,40
133.149.253.56,9,3915
203.77.54.177,1,40
150.75.226.63,1,40
202.198.56.78,1,48
163.33.129.249,1,40
150.75.235.146,1,40
150.75.64.196,1,40
203.77.124.182,6,416
150.75.110.187,1,40
150.75.225.111,1,60
150.75.75.225,1,40
150.75.218.65,1,40
202.198.29.184,1,44
150.75.190.161,1,40
150.75.87.5,1,40
150.75.158.9,1,40
163.33.14.128,2,84
202.198.15.48,1,44
163.33.207.7,1,69
133.149.215.116,1,40
163.33.223.239,1,69
133.11.70.95,1,44
203.77.39.90,1,40
163.33.198.73,1,40
163.33.236.205,1,40
133.149.100.81,2,80
150.75.79.149,1,40
163.33.33.33,1,69
133.11.94.250,1,40
202.198.56.71,1,40
133.149.77.73,1,40
150.75.135.83,1,40
202.198.47.212,1,40
203.77.89.1,1,40
202.198.14.7,1,44
163.33.107.16,1,40
203.77.45.245,1,40
203.77.44.243,1,40
150.75.73.233,1,40
163.33.66.131,1,40
150.75.209.49,1,40
133.149.122.55,1,40
133.149.93.162,1,40
150.75.0.132,1,40
150.75.255.36,1,40
203.77.12.144,1,40
133.149.71.72,1,40
163.33.165.54,1,69
163.33.57.24,4,2165
203.77.124.20,2,272
150.75.159.156,1,40
150.75.255.223,1,40
150.75.77.105,1,40
203.77.42.53,1,40
133.11.80.217,1,40
133.149.12.183,1,40
133.11.107.160,4,192
203.77.44.132,1,40
163.33.25.145,2,80
163.33.198.35,1,40
133.149.241.242,1,40
150.75.22.45,2,80
133.149.79.95,1,40
202.198.53.253,1,40
202.198.28.49,1,40
163.33.79.19,1,69
163.33.254.17,1,69
150.75.174.201,1,40
133.149.113.142,1,40
163.33.188.5,1,60
150.75.39.128,1,40
163.33.93.104,3,282
203.77.93.91,2,80
163.33.129.80,1,40
150.75.90.52,1,40
133.149.67.224,1,40
203.77.111.153,1,44
202.204.59.43,1,40
163.33.93.135,6,311
150.75.60.217,1,40
133.149.88.65,1,40
150.75.233.11,1,40
163.33.193.231,1,40
163.33.155.50,2,80
133.149.58.212,1,40
203.77.112.202,2,80
150.75.15.199,1,40
133.149.30.100,1,40
203.77.123.100,1,40
203.77.121.78,1,104
150.75.10.120,1,40
203.77.45.217,1,40
150.75.34.247,1,40
163.33.175.179,1,40
203.77.18.222,1,40
163.33.249.167,2,120
163.33.179.193,1,40
150.75.102.192,1,40
163.33.84.206,1,44
133.149.204.105,1,40
150.75.221.221,1,40
202.198.37.25,1,40
163.33.92.87,1,152
203.77.117.80,2,80
133.149.245.155,1,44
150.75.149.206,1,40
163.33.240.207,1,40
133.11.112.246,1,40
133.11.127.69,1,40
163.33.133.73,1,40
163.33.191.164,1,69
133.149.125.116,1,40
133.11.76.167,1,40
133.149.221.160,1,40
163.33.67.37,1,40
150.75.134.227,1,40
202.198.16.31,1,40
150.75.164.205,1,40
163.33.162.236,1,40
163.33.226.219,1,69
163.33.85.204,1,40
202.198.13.112,1,48
163.33.63.174,10,2557
163.33.23.49,1,44
202.198.26.91,1,44
163.33.60.254,1,69
133.149.200.92,1,40
133.149.141.61,1,40
150.75.183.1,1,40
133.149.67.53,1,40
133.149.137.39,1,60
133.149.221.244,1,40
163.33.29.9,1,40
133.11.65.236,1,52
203.77.124.168,6,504
203.77.60.223,1,44
133.149.23.199,1,40
163.33.49.160,1,69
150.75.62.160,1,40
150.75.231.118,1,44
133.149.84.132,1,40
203.77.12.253,1,48
203.77.118.14,2,80
133.149.25.213,1,40
163.33.199.200,1,69
163.33.168.91,1,69
150.75.34.65,1,40
163.33.244.162,2,187
202.198.32.164,1,40
163.33.67.148,1,40
163.33.251.130,9,1313
133.149.148.85,1,40
203.77.116.27,1,40
163.33.117.85,1,44
133.149.255.217,2,80
163.33.140.15,3,429
163.33.156.10,1,40
163.33.236.131,3,285
133.149.217.4,1,40
150.75.217.118,1,40
133.11.80.114,2,80
203.77.120.223,1,96
133.149.46.70,1,40
163.33.95.66,4,270
150.75.13.132,1,40
163.33.178.135,1,69
133.149.122.24,1,40
133.11.74.33,1,40
133.11.112.169,1,40
163.33.215.29,1,69
163.33.62.24,1,44
163.33.17.73,1,40
133.149.216.240,1,44
163.33.240.36,1,69
150.75.218.44,1,40
150.75.189.104,1,40
133.11.110.241,1,40
203.77.121.105,1,60
150.75.22.55,1,40
150.75.110.178,1,40
150.75.213.130,1,40
202.198.26.134,2,84
150.75.78.78,1,40
150.75.220.50,1,48
163.33.244.228,1,40
163.33.216.106,1587,2174963
203.77.51.163,1,40
150.75.116.158,1,40
133.11.110.21,1,44
150.75.204.83,1,44
150.75.75.114,1,40
150.75.191.101,1,44
163.33.36.253,2,80
163.33.251.60,33,6288
163.33.38.85,1,69
150.75.225.40,1,40
133.149.37.198,1,40
163.33.217.28,1,40
163.33.250.214,2,109
163.33.82.97,1,40
150.75.64.1,1,40
163.33.51.248,1,69
163.33.50.121,1,69
163.33.183.40,1,40
133.149.205.156,1,40
133.149.255.129,1,40
133.149.44.148,1,40
163.33.201.34,1,44
163.33.242.92,1,40
163.33.17.65,1,40
133.11.123.225,1,40
133.149.116.18,1,40
133.149.152.41,1,44
163.33.127.21,1,44
150.75.46.135,1,40
163.33.113.149,1,69
163.33.107.60,1,69
163.33.168.164,17,5719
163.33.75.155,1,40
150.75.7.198,1,40
163.33.12.29,1,40
203.77.101.221,1,40
163.33.135.86,1,69
202.198.4.30,1,40
150.75.176.160,1,40
133.149.88.62,1,40
202.198.40.35,1,40
150.75.85.34,1,40
150.75.152.127,1,40
163.33.144.226,1,69
163.33.37.66,1,44
133.149.92.238,1,40
202.198.35.220,1,40
133.149.169.184,1,40
163.33.180.194,1,40
133.11.70.70,1,40
163.33.217.179,1,40
163.33.93.4,6,826
203.77.65.219,2,84
163.33.121.95,1,40
150.75.110.95,1,40
133.11.72.138,1,40
150.75.2.249,1,40
133.149.226.30,1,40
202.198.24.162,1,40
150.75.116.57,1,40
133.149.66.157,1,40
150.75.236.1,1,40
203.77.95.70,1,44
163.33.182.128,1,40
202.198.48.221,1,40
163.33.145.176,1,52
163.33.232.133,1,50
163.33.139.4,1,40
163.33.247.143,1,40
133.11.127.200,1,40
163.33.253.13,1,44
150.75.180.153,1,52
163.33.34.201,1,40
133.149.61.33,1,40
133.11.110.229,1,40
163.33.201.51,1298,1947296
163.33.161.230,1,40
203.77.63.127,1,48
163.33.183.193,1,44
203.77.9.148,1,40
150.75.195.57,1,40
150.75.229.206,2,80
163.33.192.173,2,80
202.198.58.210,1,40
163.33.91.80,1,40
163.33.218.141,1,40
150.75.95.229,1,44
133.149.98.29,1,40
163.33.146.94,1,40
150.75.203.66,1,40
150.75.77.197,1,40
150.75.186.39,1,40
163.33.169.122,1,69
150.75.75.124,1,44
133.11.114.186,1,40
150.75.44.40,1,40
133.149.150.22,1,40
150.75.140.72,2,80
163.33.251.128,9,8630
133.149.66.227,1,40
163.33.198.239,1,69
133.149.121.208,1,40
150.75.62.48,1,40
133.149.214.188,1,40
163.33.70.140,1,44
133.149.54.254,2,80
150.75.236.107,1,40
163.33.123.20,1,69
150.75.236.12,1,40
133.149.125.168,1,40
133.11.127.4,1,40
133.149.25.152,1,40
150.75.49.69,1,40
202.198.62.123,1,40
150.75.177.166,1,40
202.25.109.15,1,44
150.75.101.149,1,40
150.75.86.53,1,40
203.77.88.148,1,40
150.75.184.38,1,40
150.75.140.53,1,40
133.11.118.47,1,40
133.149.246.187,1,44
133.11.96.128,1,58
133.149.184.60,1,40
163.33.245.36,1,40
203.77.4.166,1,40
203.77.0.129,1,40
133.11.70.198,4,460
150.75.72.19,1,40
163.33.181.63,1,40
150.75.64.160,1,40
163.33.181.191,1,40
203.77.11.105,1,40
163.33.118.155,1,69
163.33.116.239,1,40
163.33.177.129,1,40
203.77.58.226,1,40
163.33.21.46,1,69
150.75.177.174,2,92
202.198.41.37,1,40
133.149.62.253,1,40
163.33.101.2,1,69
163.33.94.155,1,40
150.75.172.136,1,40
133.149.101.0,1,40
203.77.61.240,1,40
150.75.24.170,1,40
133.149.241.132,1,40
150.75.91.221,1,40
133.149.63.140,1,40
150.75.44.26,1,40
163.33.246.143,1,40
133.149.34.218,1,40
150.75.237.182,1,40
150.75.236.142,1,40
163.33.29.248,1,69
163.33.231.124,1,92
202.198.32.166,1,40
150.75.177.44,1,40
133.11.126.127,1,40
133.11.107.244,1,40
203.77.95.127,1,44
203.77.0.224,1,40
163.33.143.19,7,928
163.33.100.222,1,40
163.33.192.33,1,40
150.75.184.5,1,40
133.149.71.46,1,40
163.33.244.233,1,52
133.149.173.214,1,40
150.75.239.187,1,44
133.149.0.42,1,40
150.75.239.46,1,40
133.11.117.158,1,33
203.77.81.70,1,40
133.11.110.93,1,40
133.149.94.199,1,40
202.198.44.251,1,40
133.11.95.165,1,40
163.33.131.197,1,40
150.75.0.176,1,40
163.33.86.191,1,56
133.149.129.199,1,40
133.149.80.10,1,40
202.204.57.222,1,40
133.149.170.9,1,40
203.77.54.126,1,40
163.33.51.69,1,40
163.33.164.232,1,40
150.75.150.201,1,44
163.33.89.32,1,40
133.149.123.164,1,40
163.33.92.97,1,40
202.198.19.17,1,40
203.77.54.13,1,40
163.33.12.109,2,109
133.149.114.154,1,40
203.77.3.133,1,40
133.149.31.37,1,40
203.77.65.244,1,40
133.149.98.1,1,40
150.75.255.64,1,40
133.149.100.115,1,40
133.149.48.145,1,40
163.33.100.35,1,40
150.75.124.171,1,40
133.149.141.82,1,44
133.11.116.18,1,40
133.149.152.26,1,40
133.149.76.80,1,40
133.149.170.42,1,40
202.198.47.15,1,40
133.11.92.125,1,44
133.149.9.62,1,40
133.11.98.247,1,40
163.33.96.59,1,40
163.33.29.35,1,40
133.149.185.241,1,40
203.77.96.146,1,40
163.33.242.73,1,40
203.77.69.164,1,44
163.33.3.19,1,40
133.149.36.205,1,44
163.33.59.213,1,69
163.33.57.13,3,207
163.33.209.184,1,40
203.77.37.248,1,40
163.33.85.94,1,40
203.77.79.191,1,40
163.33.50.239,1,69
203.77.125.127,1,40
133.149.223.135,1,40
203.77.70.57,1,52
150.75.177.237,1,40
163.33.188.177,1,69
203.77.59.215,1,52
202.198.36.172,1,40
133.11.70.199,2,272
163.33.71.122,10,3569
163.33.180.75,1,40
133.149.40.118,1,44
163.33.63.72,1,69
150.75.58.55,1,40
133.149.90.122,1,40
163.33.22.165,1,40
133.149.49.78,1,40
163.33.211.19,2,381
202.198.2.139,1,40
163.33.66.127,1,40
150.75.12.239,1,40
150.75.193.215,1,40
133.11.91.240,1,40
150.75.150.129,1,40
133.11.84.253,1,40
150.75.203.212,1,40
163.33.253.202,1,40
163.33.246.156,3,914
133.149.229.160,1,40
133.149.28.163,1,40
202.198.38.220,1,40
150.75.33.193,1,44
133.149.121.169,1,40
133.149.222.240,4,312
203.77.63.82,1,134
163.33.203.208,1,40
163.33.242.49,1,44
133.149.168.210,1,40
163.33.34.211,1,40
133.11.121.44,1,44
150.75.126.62,1,40
133.149.43.156,1,40
150.75.177.230,1,40
133.149.207.214,1,40
163.33.68.73,1,69
133.149.70.7,2,80
133.11.86.22,1,40
133.149.156.147,1,40
133.149.56.241,1,40
202.198.18.74,1,40
163.33.161.185,1,40
203.77.122.222,2,80
163.33.127.204,1,40
150.75.97.247,1,40
150.75.11.170,1,48
163.33.241.104,1,40
163.33.122.180,4,192
203.77.44.18,1,40
163.33.201.70,2,109
133.149.183.189,1,40
150.75.227.239,1,40
133.149.131.131,1,40
163.33.133.81,1,40
202.198.38.121,1,40
163.33.236.111,1,40
133.149.188.167,1,40
133.149.248.66,1,44
163.33.92.117,6,922
163.33.6.201,1,69
133.149.51.60,1,40
150.75.242.202,1,40
133.11.89.238,1,40
163.33.141.241,1,40
133.149.37.55,1,40
203.77.38.14,1,40
203.77.19.214,1,60
133.11.71.173,1,40
150.75.140.173,1,40
203.77.87.230,1,40
202.204.60.198,1,40
163.33.66.225,1,40
150.75.181.44,1,40
150.75.97.140,1,40
203.77.113.174,1,40
150.75.104.146,1,40
203.77.57.111,1,40
150.75.116.91,1,40
133.149.172.201,1,44
163.33.93.43,1,140
163.33.135.245,1,40
203.77.37.12,1,40
133.149.197.113,1,40
163.33.133.162,2,88
133.11.69.219,2,80
163.33.131.208,1,40
133.149.220.32,1,40
163.33.191.243,1,103
133.149.71.18,1,40
163.33.34.145,1,40
203.77.122.213,3,1076
150.75.104.98,1,40
163.33.136.232,1,84
203.77.38.63,1,40
133.149.171.186,1,40
133.149.134.150,1,40
163.33.165.69,1,40
163.33.159.110,1,69
202.204.58.213,1,44
150.75.26.131,1,44
133.149.2.63,1,40
150.75.181.252,1,40
150.75.33.167,1,44
202.198.26.222,1,40
150.75.97.79,2,80
133.149.65.127,1,48
133.11.81.147,1,40
163.33.55.185,1,44
150.75.63.136,1,48
163.33.128.46,1,69
203.77.95.8,1,40
150.75.121.177,1,40
150.75.130.41,1,44
203.77.40.3,1,40
150.75.180.240,1,40
133.149.76.46,1,40
150.75.239.166,1,40
133.149.23.239,1,40
150.75.140.169,1,40
163.33.211.155,1,40
150.75.165.29,1,40
133.11.73.92,1,40
163.33.165.77,1,40
150.75.233.207,1,40
150.75.53.155,1,40
150.75.218.23,1,40
133.11.88.136,1,40
150.75.75.62,1,40
133.11.98.46,1,40
202.198.20.250,1,40
163.33.208.65,1,40
203.77.67.139,1,44
150.75.92.183,1,40
133.149.199.156,1,60
133.149.238.170,1,40
163.33.19.129,1,40
133.149.126.159,1,40
163.33.49.59,1,40
133.149.14.22,1,40
163.33.165.88,1,40
163.33.53.138,1,40
150.75.110.93,1,40
150.75.156.245,1,40
163.33.189.153,2,109
163.33.168.176,4,426
133.149.177.230,1,44
150.75.183.101,1,40
150.75.189.164,1,40
133.149.192.245,1,40
202.198.36.216,1,40
163.33.204.126,1,69
133.11.124.192,1,40
150.75.159.244,1,40
150.75.222.56,1,40
163.33.117.136,1,40
163.33.56.157,1,40
163.33.224.186,1,69
150.75.16.194,1,40
150.75.52.109,1,40
202.198.52.187,1,48
163.33.68.176,1,40
163.33.71.143,1,44
163.33.107.31,1,40
133.149.191.240,1,40
163.33.148.114,1,40
163.33.94.36,1,69
203.77.34.199,1,40
163.33.217.91,1,40
133.11.123.156,1,44
150.75.195.116,1,44
203.77.118.48,1,40
163.33.228.126,1,69
133.149.112.139,1,40
133.149.144.46,1,44
150.75.57.97,1,40
133.149.234.27,1,40
150.75.40.114,1,40
133.149.225.103,1,40
163.33.140.23,1,40
150.75.173.49,1,40
203.77.63.104,1,40
163.33.227.23,1,69
133.149.211.173,1,40
163.33.179.60,1,40
163.33.73.102,1,69
163.33.153.225,1,44
163.33.80.255,1,69
150.75.112.104,1,40
163.33.213.100,1,69
150.75.187.101,1,40
203.77.44.121,1,40
163.33.168.153,2,129
133.11.109.151,1,40
150.75.99.38,1,40
150.75.142.94,1,40
150.75.2.176,1,40
150.75.183.21,1,40
150.75.186.131,1,40
133.149.49.204,1,40
133.149.28.67,1,44
133.149.227.183,1,40
150.75.92.69,1,44
150.75.153.155,1,40
133.149.81.207,1,40
133.149.66.130,1,44
133.149.168.92,1,40
203.77.105.20,1,44
163.33.78.103,1,40
150.75.11.183,1,40
163.33.36.250,1,52
150.75.249.17,1,40
202.198.35.167,1,40
150.75.39.38,1,40
150.75.28.104,1,40
163.33.25.55,1,69
203.77.67.76,1,40
163.33.95.73,2,127
203.77.101.136,1,40
150.75.69.105,1,60
150.75.140.141,1,40
133.149.156.119,1,44
163.33.217.39,1,40
133.149.169.58,1,40
150.75.224.229,1,40
150.75.150.84,1,40
150.75.1.231,2,80
163.33.94.137,1,52
133.149.49.97,1,40
202.198.41.132,1,40
150.75.228.98,1,40
163.33.124.158,1,44
150.75.99.229,1,48
133.149.97.124,1,40
133.11.117.0,1,40
133.149.135.113,1,40
203.77.107.68,1,44
163.33.27.17,1,69
163.33.137.25,1,69
133.149.3.58,1,40
163.33.165.153,1,69
163.33.180.92,1,69
163.33.138.145,2,80
150.75.193.117,1,40
163.33.222.22,1,69
133.149.138.98,1,60
163.33.12.171,19,12679
150.75.31.232,1,40
203.77.13.167,1,40
133.149.141.211,1,40
150.75.107.87,1,40
150.75.17.225,1,52
163.33.95.155,1,40
133.149.105.127,1,40
133.149.106.246,1,40
150.75.98.1,1,40
150.75.152.151,1,40
203.77.54.181,1,40
150.75.1.149,2,80
163.33.140.133,5,886
163.33.223.194,2,80
163.33.130.37,1,69
150.75.25.180,1,40
150.75.223.199,1,40
133.149.31.49,1,40
202.198.11.77,1,40
133.149.236.58,1,40
203.77.92.175,1,44
163.33.209.158,4,682
133.149.216.118,1,40
202.204.59.225,1,40
150.75.187.223,1,40
150.75.240.226,1,40
203.77.25.173,1,40
133.149.236.95,1,40
163.33.121.185,1,40
163.33.78.120,1,40
150.75.184.166,1,40
163.33.167.186,1,40
163.33.188.169,1,40
163.33.131.95,1,69
163.33.220.78,1,44
133.149.37.73,1,40
163.33.121.50,1,40
133.149.111.206,1,40
150.75.69.234,1,40
202.198.63.28,1,40
150.75.7.2,1,40
163.33.235.215,4,508
203.77.55.149,1,40
163.33.252.196,1,69
163.33.106.232,1,40
150.75.81.68,1,44
203.77.105.124,1,40
203.77.106.138,1,40
133.149.37.138,1,40
163.33.94.44,1,137
203.77.78.119,1,40
163.33.89.76,1,69
150.75.100.91,1,40
150.75.221.141,1,52
202.198.55.89,1,44
150.75.11.80,1,40
133.149.125.101,1,52
133.149.200.185,1,40
133.149.113.204,1,60
150.75.92.138,1,40
202.198.63.35,1,40
202.198.12.21,1,44
163.33.244.73,1,246
150.75.147.102,1,40
133.149.128.226,1,40
163.33.93.86,2,190
203.77.8.154,1,40
203.77.112.150,1,40
163.33.233.93,2,123
163.33.210.6,1,40
150.75.85.158,2,80
133.149.115.80,1,40
203.77.42.133,2,84
133.149.246.102,1,40
163.33.90.84,1,40
150.75.193.172,1,40
163.33.26.29,1,69
133.149.168.71,1,40
202.198.35.94,1,40
163.33.76.4,1,44
203.77.60.247,1,40
133.11.83.90,1,44
133.149.28.222,1,44
150.75.199.60,1,40
133.149.196.211,1,40
203.77.4.160,1,40
150.75.8.134,1,40
133.11.99.141,1,40
133.149.130.129,1,40
150.75.183.53,1,40
150.75.166.247,1,40
203.77.3.144,1,40
133.11.73.186,1,40
202.198.54.218,1,40
150.75.97.198,1,40
133.11.75.195,1,40
163.33.114.28,1,44
150.75.148.251,1,40
163.33.2.195,3,252
203.77.106.155,1,40
133.149.100.40,1,40
163.33.87.193,1,69
203.77.39.203,1,52
163.33.175.82,1,69
163.33.218.8,1,44
133.149.174.252,1,40
163.33.103.191,1,40
133.149.61.186,1,40
150.75.40.107,1,40
163.33.184.205,1,40
150.75.99.41,1,40
163.33.26.168,1,40
202.204.62.175,1,40
202.198.27.79,1,40
202.198.63.12,1,44
133.149.253.153,1,48
150.75.73.57,1,40
150.75.43.39,1,40
133.149.253.113,2,80
133.149.172.76,1,40
150.75.230.6,1,40
133.149.249.35,1,44
150.75.18.151,1,40
150.75.252.133,1,40
202.198.43.242,1,44
150.75.174.92,1,40
150.75.18.199,1,40
163.33.192.155,1,69
203.77.18.188,1,40
163.33.102.242,1,40
133.149.200.107,1,40
163.33.160.55,1,40
133.149.252.225,1,40
163.33.239.225,1,69
133.149.139.47,1,44
203.77.1.14,1,40
133.149.144.99,1,40
163.33.19.14,1,69
133.149.162.154,1,40
133.11.96.8,1,40
203.77.104.226,1,40
133.149.189.224,1,40
133.149.192.151,1,40
133.149.161.147,1,40
150.75.43.57,1,40
150.75.43.30,1,40
150.75.80.254,1,60
150.75.99.143,1,40
133.11.103.98,1,40
150.75.43.86,1,40
163.33.198.22,1,40
150.75.3.118,1,40
150.75.237.186,1,40
133.149.122.49,1,40
150.75.199.120,1,40
163.33.173.37,1,69
150.75.148.54,1,40
203.77.5.197,1,40
150.75.72.233,1,40
202.198.50.77,1,40
150.75.73.62,1,44
163.33.149.50,1,40
150.75.220.35,1,40
163.33.203.96,1,69
202.198.54.95,1,40
150.75.135.22,1,40
133.149.125.70,1,40
150.75.92.2,1,40
150.75.125.37,3,160
203.77.30.189,2,80
163.33.14.180,1,52
150.75.140.153,1,40
163.33.82.249,2,109
133.149.173.57,1,40
133.149.22.139,1,40
202.198.45.117,1,40
150.75.124.141,1,40
163.33.96.234,1,40
203.77.126.138,1,44
133.149.162.235,1,40
133.11.73.172,1,40
133.11.96.95,1,40
150.75.245.137,1,40
133.11.92.98,1,44
133.149.10.149,1,40
202.198.32.91,1,40
133.149.26.26,1,44
150.75.242.194,1,40
203.77.76.10,1,40
150.75.103.177,1,40
150.75.89.115,1,40
133.149.135.196,2,100
163.33.59.56,1,40
163.33.125.172,1,69
150.75.234.85,1,40
133.11.121.202,1,40
133.149.110.33,1,40
150.75.223.60,1,40
150.75.11.205,1,40
203.77.39.0,2,80
133.149.114.69,1,44
133.149.80.36,1,40
163.33.142.180,1,44
163.33.105.188,1,48
133.149.52.44,1,40
133.149.191.170,1,40
163.33.234.7,1,40
150.75.175.31,1,40
163.33.122.82,1,69
202.198.19.29,1,40
163.33.231.68,1,40
133.149.227.235,1,40
163.33.146.122,1,40
163.33.97.79,1,40
133.149.108.170,1,40
203.77.39.149,1,40
203.77.18.81,1,40
133.149.43.114,1,40
163.33.48.61,2,98
202.204.62.234,1,52
202.198.53.74,1,44
203.77.117.69,1,40
203.77.65.121,1,40
150.75.223.56,1,40
150.75.235.174,1,40
202.198.20.47,1,40
133.149.51.210,1,40
203.77.57.211,1,40
163.33.214.186,1,40
133.149.251.67,1,40
163.33.34.167,1,40
163.33.119.88,1,69
203.77.5.253,1,40
202.198.49.12,1,40
150.75.230.181,1,40
133.149.126.68,1,40
150.75.216.10,1,40
163.33.105.143,1,69
133.149.12.38,1,60
163.33.45.156,1,40
163.33.78.234,1,69
163.33.141.145,122,164807
203.77.121.70,2,196
163.33.21.209,1,69
203.77.24.184,1,40
133.149.149.203,1,40
203.77.101.52,1,40
150.75.80.45,1,40
203.77.123.49,6,326
163.33.21.17,1,40
203.77.19.17,1,40
163.33.255.10,1,69
150.75.224.197,1,40
203.77.101.108,1,40
203.77.62.190,1,40
163.33.131.171,1,44
163.33.6.176,1,69
133.11.117.205,1,40
163.33.102.22,1,40
203.77.95.116,2,80
202.198.63.24,1,40
163.33.81.104,1,52
202.198.45.66,1,40
133.149.164.135,1,40
150.75.132.37,1,44
150.75.60.96,1,40
133.11.72.195,1,40
203.77.120.196,4,396
133.149.26.83,1,40
203.77.42.145,1,40
163.33.191.84,2,104
150.75.238.196,1,40
163.33.51.55,1,40
163.33.243.170,1,69
203.77.119.180,10,1537
133.11.108.82,1,40
133.11.103.149,1,40
133.149.97.223,1,40
163.33.11.13,1,69
133.149.77.174,1,40
133.149.34.96,1,40
203.77.125.148,1,40
150.75.196.59,1,40
150.75.242.167,1,40
163.33.211.242,1,44
163.33.241.201,1,69
163.33.42.77,1,44
163.33.130.193,1,40
163.33.92.150,2,167
163.33.71.45,1,69
203.77.105.81,1,40
133.11.112.249,1,40
133.149.60.254,2,84
150.75.206.47,1,40
133.149.68.227,1,121
203.77.127.32,11,908
150.75.29.189,1,40
202.198.1.138,1,44
133.11.70.197,4,428
150.75.209.147,1,40
150.75.231.5,1,40
203.77.76.97,1,44
150.75.30.213,1,40
150.75.1.50,1,40
150.75.116.243,1,40
202.198.53.148,1,40
203.77.2.30,1,40
163.33.49.53,1,69
163.33.70.235,1,40
163.33.110.196,1,40
163.33.144.91,1,40
163.33.50.4,1,60
163.33.218.233,1,40
163.33.71.172,1,40
203.77.85.93,1,40
163.33.183.232,1,69
150.75.199.7,1,40
163.33.28.157,1,40
150.75.115.98,1,40
163.33.124.85,1,44
163.33.27.150,1,40
133.11.118.92,1,40
150.75.34.158,1,40
203.77.112.79,1,40
150.75.85.191,1,60
133.149.252.86,1,40
163.33.92.216,1,52
163.33.165.105,1,40
163.33.183.97,1,40
163.33.126.40,1,40
203.77.85.109,1,40
150.75.199.254,1,40
163.33.161.58,1,40
203.77.31.127,1,40
202.198.18.75,1,40
203.77.118.74,1,40
133.149.151.226,1,40
150.75.122.122,1,44
202.25.107.154,1,40
150.75.25.221,1,40
163.33.217.161,1,40
150.75.242.58,1,40
133.149.47.127,1,40
133.149.105.39,1,40
150.75.148.250,1,40
163.33.246.69,1,40
150.75.14.217,1,44
203.77.73.251,1,40
150.75.113.151,1,40
133.149.69.47,4,160
163.33.162.185,1,40
133.11.96.67,1,52
150.75.87.239,1,40
163.33.121.42,1,40
163.33.249.229,1,40
133.149.32.210,1,40
133.149.66.215,1,40
150.75.175.236,1,40
163.33.139.84,1,76
133.149.99.119,1,40
150.75.186.32,1,40
163.33.171.6,1,40
150.75.116.123,1,40
163.33.2.113,1,40
133.149.15.10,1,40
133.149.144.126,1,40
133.149.62.228,1,44
163.33.222.176,1,40
163.33.62.218,1,40
203.77.95.99,1,40
163.33.102.15,1,69
133.149.231.213,1,40
150.75.33.89,1,40
203.77.25.24,1,40
133.149.95.79,1,40
133.11.115.54,1,40
202.198.8.237,1,40
150.75.166.4,1,44
133.149.61.40,1,40
150.75.79.169,1,40
133.11.117.162,1,40
150.75.3.58,1,40
150.75.74.227,1,40
203.77.58.83,1,44
150.75.82.114,1,40
133.149.119.170,1,40
150.75.192.235,1,40
203.77.67.180,1,40
163.33.191.208,2,90
150.75.231.111,1,40
202.204.56.100,1,40
150.75.142.104,1,40
202.198.21.200,1,40
150.75.123.69,1,40
163.33.185.176,1,69
202.204.56.154,13,1920
203.77.0.150,1,40
133.149.181.42,2,80
163.33.23.8,1,40
163.33.201.144,1,69
150.75.16.103,1,40
163.33.26.76,1,69
133.149.132.63,1,40
150.75.163.232,1,40
163.33.211.81,1,69
202.25.107.252,1,40
163.33.153.184,1,69
163.33.94.163,1,52
133.11.85.159,1,44
150.75.136.165,1,40
150.75.28.212,1,40
203.77.99.216,1,40
163.33.134.115,1,40
133.149.192.59,1,40
163.33.71.59,1,40
203.77.97.107,1,40
163.33.33.19,2,84
133.149.53.0,1,40
163.33.122.43,1,69
203.77.125.179,1,40
133.149.94.234,1,60
133.149.135.7,1,40
150.75.12.81,1,40
133.11.90.15,1,40
150.75.220.139,1,40
150.75.229.124,1,44
133.11.114.6,1,40
203.77.116.164,1,40
150.75.49.231,1,40
163.33.106.28,1,40
163.33.240.120,1,40
203.77.74.202,1,40
163.33.4.236,1,40
163.33.240.62,1,69
163.33.252.123,3,351
163.33.69.188,1,69
163.33.101.150,1,69
203.77.115.178,1,44
133.149.154.118,2,84
150.75.136.101,1,40
133.149.201.144,1,40
163.33.43.6,1,40
133.11.87.160,1,40
133.149.80.102,1,40
163.33.254.219,1,69
163.33.201.166,1,40
133.149.148.211,1,40
150.75.25.17,1,40
163.33.144.206,1,40
203.77.60.216,1,40
133.11.96.33,1,40
150.75.12.3,1,40
203.77.46.244,1,44
133.149.144.154,1,40
150.75.136.11,1,40
163.33.140.53,1,40
202.198.6.179,1,40
163.33.185.18,1,48
133.11.82.213,2,92
203.77.4.35,7,336
163.33.211.29,1,40
163.33.195.48,1,40
202.198.59.223,1,40
150.75.27.196,1,40
150.75.64.129,1,40
150.75.202.149,1,40
150.75.50.111,1,40
150.75.252.129,1,40
133.149.255.244,1,40
150.75.36.36,1,40
163.33.208.239,1,52
163.33.234.138,1,40
203.77.22.107,1,60
203.77.99.72,1,40
133.149.218.236,1,40
150.75.85.244,1,40
150.75.127.47,1,40
133.149.112.36,1,40
133.149.201.192,1,40
163.33.97.82,1,40
163.33.87.126,1,69
163.33.93.72,2,208
133.149.184.47,1,40
133.149.132.75,1,40
163.33.164.82,1,40
202.198.5.244,1,44
150.75.40.150,1,60
150.75.227.92,1,40
133.149.84.87,1,40
163.33.6.236,1,44
163.33.147.60,1,40
203.77.13.184,1,44
163.33.46.236,1,40
133.149.156.169,2,80
163.33.90.238,1,40
133.11.94.239,1,48
163.33.227.54,1,69
203.77.0.117,1,44
133.149.5.85,1,40
203.77.71.45,1,40
150.75.249.117,1,40
133.149.90.161,1,44
133.149.226.182,1,40
163.33.118.7,1,40
163.33.93.60,7,1085
163.33.148.22,1,40
163.33.71.47,1,69
133.11.70.17,1,40
163.33.95.52,38,54092
163.33.230.58,1,60
150.75.82.106,1,40
202.198.59.186,1,40
133.149.217.255,1,40
150.75.240.106,1,40
133.11.115.186,1,40
163.33.31.122,1,40
163.33.162.241,1,40
163.33.134.85,1,69
150.75.12.105,1,44
133.149.37.123,1,40
203.77.42.190,1,40
163.33.113.154,1,69
163.33.191.238,10,4510
163.33.201.92,1,40
203.77.71.34,1,40
133.11.106.58,1,40
163.33.84.205,3,214
150.75.160.46,1,44
133.11.77.234,1,44
133.149.152.56,1,40
163.33.145.81,1,40
203.77.27.158,1,44
163.33.61.133,1,69
133.149.116.245,1,40
150.75.229.149,1,40
202.198.47.0,1,40
203.77.81.0,1,40
133.149.52.228,1,40
163.33.4.201,2,80
163.33.129.71,1,40
133.149.142.76,1,40
163.33.90.32,1,40
150.75.90.103,1,40
133.149.148.132,1,40
163.33.46.227,1,40
203.77.112.88,1,40
133.149.240.175,1,60
133.149.40.134,1,40
163.33.194.73,1,69
163.33.150.41,1,40
150.75.242.195,1,44
202.198.34.144,1,40
150.75.218.175,1,40
203.77.61.225,1,40
133.149.92.136,1,44
133.149.128.139,1,40
150.75.118.65,1,40
163.33.222.21,1,69
133.149.249.120,1,40
150.75.249.188,1,40
150.75.183.148,1,40
133.149.20.229,1,40
203.77.14.60,1,40
202.198.44.112,3,241
163.33.139.162,1,44
163.33.225.158,2,109
150.75.91.194,1,40
150.75.157.124,1,40
163.33.29.136,1,40
150.75.84.116,1,40
163.33.108.250,1,40
163.33.169.123,1,40
150.75.84.159,1,40
150.75.176.103,3,120
150.75.239.164,1,40
203.77.78.100,1,40
202.204.62.5,6,366
163.33.192.44,1,40
203.77.2.210,1,40
163.33.12.100,1,164
150.75.102.29,1,40
133.11.123.50,1,40
133.149.73.83,1,40
150.75.228.91,1,40
163.33.192.88,1,40
203.77.51.69,1,40
150.75.241.40,1,40
163.33.112.89,1,44
202.198.42.220,1,40
150.75.12.147,1,40
133.149.182.188,1,40
163.33.91.211,1,69
163.33.61.211,2,80
202.198.3.76,1,40
133.149.132.68,1,40
203.77.32.88,1,40
133.149.111.137,1,60
133.149.98.173,1,40
150.75.123.211,1,40
163.33.31.63,1,40
133.11.112.166,1,40
163.33.104.125,1,40
133.149.142.152,1,40
202.198.29.243,1,40
133.11.73.134,1,40
150.75.111.78,1,40
203.77.109.161,1,40
150.75.186.228,1,40
163.33.35.139,1,69
163.33.115.8,1,40
133.149.152.99,1,40
150.75.35.42,1,40
163.33.153.198,1,69
203.77.108.92,1,40
203.77.38.186,1,40
202.198.2.120,1,40
150.75.108.157,1,40
203.77.108.45,1,40
133.149.11.159,1,40
203.77.65.166,1,40
133.11.105.128,1,40
133.149.182.30,1,40
133.149.107.15,1,40
133.149.63.170,1,40
163.33.150.114,1,52
163.33.94.66,1,68
133.149.197.45,1,40
150.75.113.133,1,40
202.198.16.20,1,40
150.75.158.20,1,40
133.149.44.53,1,40
150.75.83.73,1,40
133.149.36.99,1,40
163.33.75.158,1,40
133.149.246.224,1,40
203.77.42.78,1,44
150.75.140.136,1,40
133.149.200.72,1,40
203.77.113.42,1,40
133.149.116.113,1,40
133.149.41.147,1,40
150.75.117.2,1,40
163.33.142.158,1,40
202.198.58.194,1,40
203.77.61.61,1,40
133.149.92.116,1,40
163.33.241.91,1,48
133.149.36.218,4,160
202.198.34.152,1,44
133.149.140.184,1,40
150.75.238.124,2,80
133.149.18.223,1,40
133.149.142.70,1,44
150.75.44.75,1,40
203.77.122.138,1,40
163.33.36.119,1,69
163.33.105.247,1,69
150.75.142.3,1,40
150.75.112.27,1,40
150.75.75.149,1,40
133.149.41.210,1,48
163.33.251.83,1,52
203.77.43.103,1,40
202.198.28.199,1,40
133.149.36.55,1,40
202.198.16.221,1,72
150.75.70.35,1,40
150.75.133.235,1,40
133.149.255.153,1,40
133.149.159.11,1,40
150.75.24.125,1,40
203.77.7.127,1,40
133.149.49.69,1,40
133.11.116.191,1,40
163.33.132.227,1,40
203.77.15.244,1,40
150.75.82.36,1,40
163.33.245.199,1,40
133.11.77.134,1,40
133.149.251.61,1,40
150.75.83.183,1,40
133.149.162.147,1,40
202.198.3.227,1,40
133.149.24.51,1,40
133.149.238.254,1,40
150.75.32.147,1,40
150.75.162.129,1,40
133.149.31.124,1,40
203.77.29.24,1,44
133.149.174.250,1,40
133.149.67.45,1,40
163.33.184.221,1,40
133.149.246.69,1,40
163.33.12.218,1,40
203.77.121.106,1,60
163.33.138.75,2,167
163.33.107.90,1,40
203.77.83.13,1,40
163.33.244.250,1,40
163.33.19.173,1,160
163.33.110.173,1,40
133.149.95.133,1,40
202.198.26.19,1,40
163.33.32.74,1,40
163.33.89.6,1,121
133.11.77.165,1,40
133.149.70.246,1,58
203.77.78.98,1,40
203.77.122.228,2,152
133.149.51.2,2,80
150.75.221.189,1,40
150.75.151.74,1,40
163.33.212.60,1,40
203.77.118.130,1,40
133.149.91.118,1,40
163.33.127.215,1,44
150.75.107.149,1,40
203.77.105.178,1,40
163.33.39.177,1,40
163.33.93.14,1,40
163.33.76.212,1,69
202.198.16.158,1,40
150.75.67.102,1,40
163.33.162.22,1,40
163.33.65.145,1,40
163.33.113.230,1,69
133.149.54.15,1,40
133.149.51.101,1,40
150.75.61.67,1,44
150.75.148.83,1,40
133.149.63.162,1,40
163.33.175.12,1,168
150.75.82.136,1,40
163.33.65.188,1,40
133.11.83.253,1,60
133.149.128.237,1,40
133.149.205.122,1,40
150.75.82.177,1,40
203.77.45.142,1,40
133.149.235.12,1,40
163.33.227.81,1,40
150.75.222.5,1,44
163.33.63.216,1,40
163.33.91.239,1,40
163.33.154.91,1,40
203.77.122.63,1,40
150.75.130.138,1,44
163.33.34.7,1,40
150.75.232.175,1,44
163.33.182.198,1,40
133.149.184.195,1,40
203.77.93.242,1,40
150.75.87.244,1,40
163.33.72.179,1,69
150.75.9.79,1,40
150.75.246.71,1,40
202.198.51.113,2,88
133.149.252.91,1,40
163.33.95.255,3,4856
150.75.171.250,1,40
150.75.61.59,1,40
163.33.232.113,1,40
163.33.238.68,1,69
150.75.202.193,1,40
150.75.114.42,1,40
163.33.120.14,1,44
163.33.139.201,1,69
203.77.24.130,1,40
133.149.132.205,1,40
150.75.181.146,1,40
163.33.142.207,1,40
202.198.13.170,1,40
133.11.66.194,1,40
133.149.47.190,1,40
133.149.125.86,1,40
203.77.56.5,1,52
203.77.90.69,1,40
163.33.170.226,1,69
202.204.61.139,1,40
133.149.46.18,1,40
150.75.157.234,1,40
203.77.127.205,1,44
203.77.107.166,7,431
163.33.185.174,1,52
133.149.177.18,1,40
163.33.60.146,1,40
163.33.69.24,1,40
163.33.93.124,1,48
133.149.255.119,1,40
150.75.103.94,1,44
163.33.80.7,1,69
133.11.126.24,1,40
150.75.91.104,1,40
150.75.21.54,1,40
202.198.33.183,1,40
163.33.214.222,1,40
203.77.121.107,1,60
133.149.41.206,1,40
150.75.157.194,1,40
202.198.35.28,1,40
163.33.168.33,1,44
203.77.21.228,1,40
150.75.117.163,1,40
150.75.242.103,1,40
150.75.213.32,1,40
163.33.96.255,1,40
150.75.163.95,1,40
163.33.207.104,1,44
163.33.7.53,1,44
202.198.24.166,1,40
163.33.190.55,1,69
163.33.3.137,1,40
163.33.97.17,1,69
203.77.113.164,1,76
133.149.125.43,1,40
150.75.156.63,1,40
203.77.93.127,1,40
133.149.203.45,1,40
133.149.5.18,1,40
203.77.34.205,1,44
163.33.136.220,2,285
133.149.255.159,2,80
133.149.108.62,1,40
163.33.56.228,1,69
133.149.252.249,1,40
202.198.47.99,1,40
163.33.178.231,1,40
133.149.223.172,1,40
133.149.26.233,1,40
203.77.114.201,1,40
202.198.43.176,1,44
163.33.96.95,1,40
202.198.50.103,1,40
203.77.105.241,1,40
133.149.93.37,1,40
163.33.80.19,23,34754
133.149.58.53,1,40
203.77.18.44,1,44
150.75.155.147,1,40
150.75.249.20,2,80
163.33.82.175,1,69
163.33.158.142,1,69
163.33.207.222,1,69
150.75.151.125,1,40
203.77.105.210,1,40
150.75.211.223,1,40
133.149.251.162,1,40
163.33.199.118,1,40
203.77.91.188,1,44
133.149.221.127,1,40
163.33.79.18,1,69
202.204.57.42,1,40
163.33.11.121,1,69
163.33.247.136,1,69
133.149.176.82,1,40
133.149.44.238,1,40
133.149.200.60,1,40
133.149.236.148,1,40
163.33.30.240,1,40
163.33.49.13,1,44
133.149.25.19,1,40
133.11.115.239,1,40
133.149.96.61,1,44
163.33.222.47,1,40
150.75.8.57,1,40
150.75.240.116,2,80
150.75.151.11,1,40
203.77.121.69,8,956
202.198.62.85,1,40
163.33.34.218,1,40
163.33.60.111,1,40
163.33.122.108,1,40
150.75.135.65,1,44
133.149.163.22,1,40
133.149.223.178,1,40
133.149.63.110,1,40
163.33.164.115,1,44
133.149.145.136,1,40
133.149.16.50,1,40
150.75.123.187,1,40
133.149.198.114,1,40
150.75.158.230,1,40
163.33.152.180,1,40
150.75.248.102,1,40
163.33.234.228,1,40
163.33.147.54,1,40
150.75.44.38,1,40
150.75.36.29,1,40
203.77.39.155,1,60
203.77.30.126,1,40
133.149.223.160,1,40
163.33.251.176,1,69
202.198.53.56,1,40
150.75.158.76,1,40
150.75.158.197,1,40
150.75.161.51,1,40
203.77.2.108,1,40
150.75.57.232,1,44
133.149.205.161,1,40
133.11.75.210,1,40
203.77.39.152,1,40
150.75.189.133,1,40
163.33.131.190,1,40
150.75.91.106,1,40
203.77.124.76,1,40
133.11.90.6,1,40
150.75.119.239,1,40
133.11.97.235,1,40
202.198.52.125,1,40
133.149.162.47,1,40
133.11.71.19,1,40
133.149.143.221,1,40
203.77.106.181,1,40
133.149.238.22,1,40
150.75.179.92,1,40
133.149.166.139,1,40
150.75.179.122,1,40
150.75.153.69,1,40
150.75.212.218,1,40
163.33.39.43,1,40
150.75.36.208,1,40
133.149.212.184,1,40
163.33.58.11,1,40
163.33.96.151,1,40
150.75.126.43,1,40
163.33.117.29,1,69
163.33.210.156,1,40
163.33.55.198,1,40
133.149.6.231,1,40
203.77.127.245,1,44
133.149.96.214,1,40
150.75.226.56,1,52
133.149.225.64,1,40
202.198.34.160,1,40
133.11.102.183,1,40
163.33.92.85,746,1024389
202.198.2.100,2,116
133.11.66.132,1,40
203.77.105.149,2,80
133.149.123.175,1,40
133.149.184.36,1,44
150.75.92.211,1,44
202.198.49.248,1,48
203.77.0.34,1,40
163.33.4.135,1,44
133.149.72.48,1,44
133.149.106.97,1,44
202.204.59.85,1,44
133.149.126.35,1,40
150.75.92.167,1,40
202.198.8.42,1,40
203.77.2.17,1,40
203.77.13.152,1,40
202.198.27.192,1,40
150.75.125.31,1,44
163.33.6.62,1,69
150.75.100.141,1,40
203.77.95.37,1,40
163.33.8.63,1,40
150.75.22.97,1,40
163.33.113.67,1,40
203.77.112.15,2,80
133.149.81.200,1,40
163.33.138.113,1,40
133.149.183.140,1,40
133.149.92.44,1,44
163.33.203.3,2,353
202.198.62.79,1,40
163.33.56.110,1,69
133.11.118.230,1,52
133.149.115.188,1,40
133.149.132.94,1,40
150.75.65.159,1,40
150.75.31.192,1,40
133.149.210.78,1,40
150.75.195.179,1,40
133.11.102.131,1,40
133.149.67.81,1,40
203.77.16.99,1,40
150.75.88.165,1,40
163.33.115.6,1,40
150.75.222.24,1,40
163.33.176.72,1,40
163.33.113.239,2,80
163.33.33.14,1,40
133.149.133.129,1,40
163.33.234.162,2,113
163.33.176.43,1,69
163.33.125.73,1,69
133.149.187.140,1,40
133.149.219.65,1,44
203.77.119.183,1,40
133.149.18.79,1,40
133.11.76.194,1,44
133.149.170.19,1,40
150.75.78.150,1,40
133.149.143.123,1,40
203.77.22.18,1,40
163.33.174.25,2,80
133.11.94.83,1,40
163.33.181.149,1,40
150.75.227.89,2,88
133.149.121.243,1,40
203.77.56.54,1,40
133.149.255.86,2,256
163.33.240.107,1,40
202.198.6.211,1,44
202.198.49.90,1,40
133.149.92.91,1,40
163.33.9.162,1,40
133.149.96.222,1,40
133.149.143.14,1,40
150.75.225.164,1,40
150.75.34.204,1,40
202.198.6.170,1,44
133.149.207.250,1,40
150.75.17.92,1,40
133.11.116.32,1,40
203.77.80.174,1,40
133.149.55.168,1,40
133.149.39.150,1,40
202.198.4.32,1,44
163.33.186.152,2,80
133.149.216.70,1,44
163.33.116.198,1,40
163.33.141.20,163,230524
133.149.35.21,1,40
133.149.123.120,1,40
133.149.42.191,1,40
163.33.61.90,1,40
150.75.7.169,1,40
150.75.35.166,1,40
150.75.92.78,1,40
150.75.34.145,1,40
133.149.96.246,1,40
150.75.121.0,1,40
133.149.116.0,1,44
133.149.41.69,1,40
203.77.9.80,1,40
163.33.52.29,1,40
150.75.23.94,1,44
133.149.61.24,1,72
150.75.14.183,1,60
203.77.87.244,1,40
163.33.10.236,1,69
203.77.59.249,1,40
133.149.104.150,1,40
150.75.18.194,1,40
163.33.56.137,1,52
150.75.135.96,1,40
133.149.71.66,1,40
133.11.94.39,1,44
203.77.121.108,1,60
163.33.87.88,1,40
163.33.239.234,1,40
163.33.94.62,2,167
150.75.144.211,1,40
133.149.147.239,2,96
163.33.2.52,1,40
150.75.14.97,1,40
163.33.93.235,6,3738
203.77.41.1,1,40
133.149.38.199,1,40
203.77.71.159,1,40
202.198.2.216,1,40
133.149.60.8,1,40
150.75.209.237,1,40
133.149.199.77,1,40
150.75.135.117,1,40
163.33.78.43,1,69
150.75.254.141,1,40
163.33.120.92,1,60
163.33.71.28,1,40
163.33.238.212,2,108
163.33.241.145,1,40
133.11.80.51,1,40
203.77.53.137,1,40
133.149.233.163,1,40
150.75.255.164,1,40
163.33.174.191,1,69
150.75.212.236,2,80
150.75.46.115,1,40
163.33.183.158,1,69
163.33.38.217,1,52
163.33.188.239,1,69
163.33.203.46,2,80
163.33.107.171,1,40
150.75.197.163,1,40
163.33.118.167,1,69
150.75.179.25,1,44
203.77.121.109,1,60
163.33.252.132,1,69
163.33.231.253,1,40
163.33.81.161,1,40
150.75.225.123,1,40
133.149.193.69,1,40
163.33.93.191,1,40
150.75.220.200,1,40
163.33.125.145,1,48
163.33.62.25,1,69
133.11.75.160,1,48
133.149.35.145,1,40
202.198.15.249,1,40
203.77.21.11,1,40
163.33.95.88,2,167
133.149.11.187,1,40
133.149.101.182,1,40
133.149.127.149,1,60
163.33.253.245,1,40
133.149.68.88,1,40
163.33.24.41,1,40
133.149.88.120,1,40
133.149.72.53,1,40
133.149.49.82,1,40
133.149.41.126,1,40
163.33.25.77,1,69
133.11.84.127,1,48
163.33.243.12,1,40
150.75.221.42,1,40
163.33.9.219,1,69
133.149.214.239,5,390
133.149.56.121,1,40
133.149.38.158,1,40
163.33.166.33,1,297
202.198.26.227,1,40
163.33.234.187,1,40
163.33.227.97,1,40
203.77.71.27,1,40
133.149.51.217,1,48
202.198.59.8,1,40
163.33.161.49,1,69
133.149.29.151,1,40
163.33.122.143,1,44
163.33.226.75,1,69
133.149.84.79,1,40
163.33.74.184,1,69
163.33.250.230,1,69
163.33.32.248,1,69
163.33.64.153,1,40
150.75.178.161,1,40
203.77.121.111,1,60
163.33.95.79,1,40
163.33.153.1,1,69
150.75.192.81,1,40
203.77.62.225,1,40
150.75.62.124,1,40
163.33.252.97,1,52
133.149.178.203,1,40
150.75.35.40,1,40
203.77.18.125,1,40
150.75.120.201,1,40
150.75.82.110,1,40
203.77.64.142,1,40
150.75.53.186,1,40
150.75.144.155,1,40
163.33.48.184,1,40
133.149.188.238,1,32
133.149.46.207,1,40
202.198.40.190,1,40
163.33.221.42,1,40
133.149.1.96,1,40
203.77.57.150,1,40
133.11.81.133,1,40
133.149.244.147,1,40
163.33.92.149,1,40
133.149.100.245,1,40
163.33.66.91,1,40
133.149.50.233,1,40
133.11.72.208,1,44
133.11.75.39,1,40
203.77.90.34,1,40
133.149.223.48,1,44
150.75.167.105,1,40
163.33.29.179,1,40
150.75.159.243,1,40
133.149.239.40,1,40
150.75.21.191,1,40
163.33.221.52,1,40
163.33.20.70,1,40
133.149.223.52,1,40
133.149.11.190,1,40
150.75.206.40,1,40
163.33.26.3,1,40
163.33.36.36,1,40
163.33.128.23,1,69
203.77.105.252,1,40
133.149.152.22,1,40
163.33.93.202,1,50
203.77.27.103,1,40
163.33.86.132,1,69
133.11.90.221,1,40
150.75.253.78,1,40
163.33.147.73,1,69
163.33.142.208,1,40
163.33.68.253,1,69
150.75.77.15,1,44
150.75.207.37,1,40
133.11.83.249,1,40
133.11.82.206,1,48
203.77.3.51,1,40
150.75.85.40,1,40
133.149.96.227,1,40
203.77.6.232,1,40
202.198.56.128,1,60
163.33.234.161,1,40
163.33.44.239,1,40
163.33.207.245,1,40
202.198.21.33,1,44
133.149.121.144,1,40
163.33.224.53,1,40
203.77.96.139,2,80
203.77.98.121,1,40
203.77.32.50,1,40
163.33.43.86,1,69
163.33.22.55,1,69
133.149.193.247,1,40
203.77.39.233,1,60
150.75.178.231,1,40
202.198.62.150,1,40
133.149.50.161,1,40
163.33.150.97,1,40
163.33.70.127,1,40
150.75.106.62,1,40
163.33.241.20,1,40
133.149.92.194,1,40
150.75.12.41,1,40
150.75.181.43,1,58
133.149.229.9,2,84
163.33.114.73,1,69
163.33.38.224,1,44
133.149.141.150,1,40
133.11.116.27,1,40
133.149.148.97,1,40
203.77.88.16,1,40
133.149.206.206,1,40
133.149.137.202,1,40
133.149.148.168,1,40
150.75.97.62,1,44
150.75.184.74,1,40
203.77.90.11,1,40
163.33.82.217,1,69
203.77.121.110,2,165
163.33.235.163,1,40
163.33.140.184,1,40
163.33.104.157,1,69
150.75.183.168,1,40
133.11.68.152,1,40
133.11.76.86,1,40
133.11.100.229,1,40
163.33.73.15,1,40
203.77.88.2,1,40
133.149.244.225,1,40
163.33.114.59,1,40
150.75.248.129,1,40
203.77.23.242,1,44
163.33.92.26,2,120
133.11.110.101,1,40
150.75.66.254,1,44
163.33.227.236,1,40
150.75.241.99,1,40
202.198.62.91,1,40
150.75.49.180,2,80
163.33.192.248,1,40
163.33.44.238,1,32
203.77.2.70,1,44
133.149.46.212,1,40
150.75.91.18,1,44
150.75.230.144,1,40
133.149.241.0,2,80
163.33.94.64,1,40
150.75.4.33,1,40
150.75.45.180,1,60
203.77.35.10,1,44
163.33.73.1,2,117
150.75.154.177,1,45
133.11.116.177,1,40
133.149.70.194,1,40
163.33.175.161,1,40
133.149.84.159,1,40
202.198.21.61,1,40
150.75.59.72,1,40
150.75.180.5,1,40
133.149.253.222,2,80
150.75.232.47,2,80
163.33.230.229,1,40
202.198.25.33,1,40
150.75.58.247,1,40
203.77.95.210,1,40
163.33.95.129,2,157
133.149.40.26,1,44
163.33.241.34,1,69
163.33.153.29,1,40
133.149.94.219,1,40
133.149.240.167,1,40
163.33.236.135,1,69
163.33.203.32,1,60
203.77.120.201,1,96
203.77.74.15,1,40
203.77.22.90,1,40
163.33.22.218,1,40
163.33.70.101,1,40
163.33.107.17,1,44
150.75.133.2,1,40
133.149.148.169,1,40
163.33.80.218,1,69
163.33.145.165,1,40
163.33.155.92,1,40
133.149.233.19,1,60
150.75.121.172,1,40
133.149.45.250,1,40
163.33.139.88,1,44
150.75.201.154,1,40
133.149.206.158,1,40
150.75.124.162,3,176
133.149.88.83,1,40
163.33.93.167,1,69
133.149.151.156,1,40
163.33.192.150,1,40
150.75.105.239,1,44
203.77.5.247,1,40
203.77.56.41,1,40
150.75.46.255,1,40
150.75.194.109,1,40
163.33.159.36,1,69
150.75.94.204,1,40
163.33.20.175,1,40
203.77.58.195,1,40
163.33.214.141,1,69
163.33.44.85,1,69
163.33.192.16,1,40
150.75.27.180,1,40
150.75.211.208,1,40
133.149.230.28,1,40
133.11.83.163,1,48
163.33.126.233,1,40
163.33.195.122,1,40
133.149.143.237,1,40
133.149.179.6,1,40
133.149.12.103,1,40
163.33.13.65,1,44
163.33.87.117,1,40
133.149.96.185,1,40
150.75.165.181,2,80
163.33.18.16,1,44
133.149.157.166,1,40
163.33.104.104,1,40
150.75.247.77,1,40
133.149.138.66,1,40
163.33.109.77,2,88
150.75.174.46,1,40
133.149.7.161,1,40
163.33.94.151,2,166
150.75.168.124,1,40
163.33.243.57,1,40
202.198.16.167,1,44
163.33.29.113,1,44
133.149.0.198,1,40
163.33.187.154,1,69
150.75.124.37,1,40
202.198.16.122,1,40
150.75.115.242,1,44
203.77.80.134,1,40
203.77.126.26,1,40
163.33.198.53,1,40
163.33.72.149,1,40
133.11.86.105,1,40
163.33.91.201,1,69
163.33.236.193,1,40
163.33.26.131,1,44
133.149.110.128,1,40
203.77.100.163,1,40
133.149.53.30,1,40
163.33.4.3,1,40
163.33.2.252,1,40
133.149.69.164,1,40
163.33.236.225,1,40
163.33.120.112,1,40
203.77.89.132,1,40
163.33.46.190,1,40
163.33.243.177,1,40
133.149.128.205,1,40
203.77.97.72,1,40
163.33.37.43,1,40
163.33.66.167,2,141
150.75.207.167,1,44
133.149.235.23,1,40
133.149.164.71,1,40
133.149.44.33,1,44
150.75.148.66,1,40
133.11.66.234,1,40
133.149.141.196,1,40
203.77.21.33,1,40
163.33.109.5,1,40
133.149.204.27,1,40
133.11.72.73,1,40
133.149.245.222,1,40
203.77.27.253,1,40
133.149.138.74,2,84
133.149.70.226,1,40
202.198.9.201,1,40
150.75.223.78,1,40
163.33.50.134,1,40
202.198.37.166,1,40
163.33.101.102,1,40
150.75.255.62,1,44
150.75.26.59,1,40
203.77.100.234,1,40
203.77.21.110,1,40
150.75.9.81,1,40
150.75.251.148,1,40
163.33.150.224,1,40
163.33.196.174,1,69
133.149.235.174,1,40
202.198.38.13,1,40
133.149.159.27,1,40
163.33.5.46,1,44
133.149.29.208,1,40
133.149.8.206,1,40
203.77.38.33,1,44
163.33.14.225,1,40
202.25.109.190,1,44
163.33.4.28,2,88
203.77.52.150,1,396
150.75.234.136,1,40
163.33.247.56,1,40
203.77.79.216,1,40
150.75.80.215,1,40
150.75.227.127,1,44
150.75.64.134,1,40
203.77.100.165,2,80
203.77.31.234,1,40
163.33.157.238,1,40
133.149.82.80,1,40
163.33.49.44,1,69
150.75.169.51,1,40
163.33.240.39,1,44
163.33.141.254,1,40
150.75.101.220,1,40
133.149.31.160,1,44
163.33.110.150,1,69
150.75.232.183,1,40
202.198.19.121,1,40
202.198.1.44,1,40
133.149.172.214,1,40
163.33.133.71,1,40
163.33.101.38,1,69
150.75.240.176,1,40
202.198.63.108,1,48
163.33.110.43,1,69
202.198.19.110,1,40
163.33.100.41,1,69
133.149.138.73,1,40
163.33.86.180,1,56
133.149.29.231,1,40
133.149.11.40,1,40
133.149.70.196,1,40
163.33.85.147,1,40
163.33.55.202,1,121
203.77.121.84,1,40
203.77.52.71,1,40
133.149.202.125,1,40
163.33.60.174,1,40
163.33.78.179,1,40
133.149.174.10,1,40
133.149.122.47,1,40
150.75.205.32,1,40
150.75.228.200,1,40
133.11.94.63,1,40
133.149.1.254,1,44
163.33.249.128,1,40
163.33.140.190,1,69
163.33.71.25,1,40
163.33.254.218,1,69
203.77.58.58,1,40
150.75.109.134,1,40
163.33.103.244,1,40
150.75.220.64,1,44
203.77.42.42,1,40
202.198.36.242,1,44
203.77.19.7,1,40
163.33.48.104,1,40
203.77.61.29,1,127
150.75.103.147,1,40
202.198.46.134,1,40
133.149.232.197,1,40
202.198.22.255,1,40
133.149.163.193,1,40
133.11.122.233,1,40
150.75.116.44,1,40
163.33.129.168,1,40
150.75.20.55,1,40
150.75.175.15,1,40
203.77.37.200,1,40
133.149.217.107,1,40
133.149.107.11,1,40
133.149.133.49,1,40
203.77.29.100,1,40
133.149.111.212,1,40
163.33.143.219,1,40
133.149.71.147,1,40
150.75.250.213,1,44
203.77.100.94,1,40
133.149.217.18,1,40
150.75.55.83,1,40
203.77.78.75,1,40
133.149.157.198,1,40
203.77.54.26,1,40
163.33.3.203,1,69
203.77.125.198,2,80
133.11.121.165,2,84
163.33.2.165,1,48
133.149.238.167,1,40
150.75.144.109,1,40
163.33.34.126,1,69
203.77.119.127,1,40
133.149.200.199,1,40
163.33.79.191,1,40
163.33.31.70,1,40
203.77.46.155,1,40
150.75.213.31,1,48
150.75.186.187,1,40
133.149.247.70,1,40
202.198.5.55,1,40
133.149.181.202,1,40
150.75.150.248,1,44
133.149.194.175,1,40
202.198.19.86,1,40
163.33.251.164,44,36670
202.198.0.1,1,40
133.149.238.149,1,40
163.33.169.71,1,40
163.33.203.70,3,377
202.204.60.77,1,40
163.33.84.232,1,48
133.149.105.222,1,40
163.33.93.153,5,255
163.33.6.255,1,40
133.149.171.226,1,40
163.33.172.107,1,40
133.149.27.60,1,40
163.33.26.36,1,69
163.33.181.188,1,40
133.149.152.48,1,40
133.149.17.130,1,40
203.77.114.55,1,40
163.33.66.157,1,69
150.75.149.165,1,40
133.149.15.208,1,44
163.33.141.208,1,40
163.33.130.198,1,44
163.33.177.103,1,40
163.33.24.7,1,69
203.77.114.95,1,40
163.33.93.98,17,5050
133.11.84.194,1,44
163.33.39.197,1,69
163.33.39.182,1,69
203.77.99.251,1,40
133.149.217.105,1,40
150.75.181.8,1,40
133.149.197.18,1,40
163.33.36.192,1,40
133.149.102.117,1,40
163.33.238.38,1,40
202.25.107.246,1,52
150.75.208.87,1,40
163.33.41.74,1,69
163.33.32.70,1,40
163.33.116.107,1,40
203.77.120.178,1,40
133.149.169.237,1,40
203.77.97.63,1,40
163.33.8.98,1,40
163.33.34.188,1,69
133.149.221.50,1,40
150.75.175.171,1,40
163.33.17.231,1,69
163.33.169.147,1,40
150.75.60.19,1,40
150.75.162.65,1,40
203.77.112.19,2,80
150.75.82.148,1,40
163.33.255.125,1,40
150.75.68.247,1,40
150.75.219.156,1,40
150.75.84.75,1,40
163.33.109.40,6,424
150.75.52.88,1,40
202.204.59.47,1,40
150.75.92.62,1,40
203.77.5.245,1,40
133.11.82.230,1,40
150.75.211.248,1,40
150.75.233.232,1,40
150.75.63.143,1,40
150.75.53.195,1,40
202.198.24.97,1,40
163.33.121.101,1,40
163.33.41.92,1,40
150.75.166.74,1,40
163.33.7.179,1,69
163.33.227.235,1,40
133.149.222.167,2,80
133.149.169.105,1,44
150.75.3.80,1,40
133.149.180.100,1,40
163.33.127.62,2,109
163.33.74.81,1,69
163.33.158.24,1,69
150.75.192.131,1,40
133.149.57.168,1,40
150.75.88.47,1,40
163.33.237.24,1,40
203.77.114.122,1,40
203.77.42.213,1,40
150.75.76.99,1,40
150.75.124.122,1,40
133.11.69.88,1,40
150.75.85.39,1,40
150.75.43.95,1,40
133.11.90.76,1,40
150.75.2.67,1,40
150.75.62.246,1,40
202.198.40.191,1,52
163.33.188.27,1,110
163.33.254.58,1,40
133.149.149.94,1,40
150.75.1.33,1,40
150.75.88.33,1,40
133.11.79.197,1,40
150.75.186.195,1,121
163.33.143.57,1,40
150.75.143.145,1,40
163.33.111.6,1,69
133.149.117.221,1,40
202.198.11.6,1,40
163.33.181.58,1,40
133.149.35.187,1,40
163.33.214.150,1,40
133.11.65.190,1,40
203.77.39.9,1,40
150.75.252.170,1,40
203.77.109.74,1,40
150.75.70.131,1,40
150.75.125.217,1,40
150.75.191.210,1,40
133.149.161.176,1,40
202.198.13.123,1,40
163.33.139.141,2,111
203.77.55.66,1,40
150.75.145.65,1,40
163.33.33.231,1,69
163.33.25.97,1,40
202.198.56.240,1,40
150.75.211.194,1,40
133.149.91.248,1,40
150.75.102.99,1,40
150.75.30.36,1,40
133.149.153.49,1,40
163.33.63.1,1,40
150.75.16.91,1,44
133.149.67.39,1,40
163.33.254.106,1,40
150.75.26.231,1,40
163.33.177.53,1,40
163.33.147.76,1,69
133.149.67.146,1,44
163.33.226.72,1,40
150.75.212.231,1,40
150.75.116.214,1,40
133.149.157.246,1,40
163.33.8.232,1,40
150.75.184.140,1,40
150.75.234.96,1,40
133.11.101.72,1,40
133.149.154.235,1,40
163.33.199.70,1,40
163.33.191.250,1,103
163.33.236.64,1,40
150.75.145.198,1,40
163.33.211.121,1,69
133.149.251.45,2,80
203.77.93.22,1,40
133.11.106.229,1,40
133.11.85.46,1,40
202.198.40.33,1,40
150.75.255.226,1,40
133.149.78.94,1,40
163.33.55.169,1,40
150.75.68.67,1,40
150.75.250.189,1,40
163.33.155.9,1,40
133.149.46.144,1,40
133.11.76.64,1,44
133.11.85.152,1,40
133.149.16.75,1,40
150.75.12.128,1,40
202.198.33.113,1,40
163.33.160.73,1,69
133.149.196.132,1,40
133.149.1.245,1,40
133.149.93.119,1,40
133.149.132.76,1,40
202.198.49.43,1,40
133.11.84.50,1,60
133.149.216.18,1,40
163.33.206.3,1,69
150.75.45.103,1,40
133.149.18.193,1,40
150.75.90.129,1,40
163.33.87.24,1,40
202.198.8.67,1,43
163.33.72.25,1,28
150.75.160.234,1,40
150.75.87.253,1,40
150.75.194.38,1,40
163.33.175.13,2,108
203.77.20.120,1,40
133.11.120.154,1,40
133.11.95.94,1,40
203.77.72.134,1,40
202.198.52.227,1,40
133.149.64.113,1,40
133.149.64.166,1,40
150.75.26.240,1,40
150.75.65.148,2,80
150.75.245.102,1,40
202.198.57.104,1,40
133.149.103.167,1,40
133.149.96.221,1,40
163.33.80.208,1,40
203.77.105.167,1,40
133.149.206.57,1,40
133.149.157.207,1,40
163.33.86.153,1,44
163.33.216.64,1,28
133.149.7.150,1,40
133.149.34.130,1,40
202.198.49.82,1,40
133.149.35.198,1,40
150.75.19.236,1,40
150.75.192.7,1,40
150.75.106.244,1,40
203.77.37.65,1,40
163.33.93.237,12,5882
202.25.107.241,1,64
163.33.192.209,1,40
163.33.247.233,1,69
203.77.28.51,1,40
163.33.72.106,1,69
150.75.0.216,1,44
133.149.106.230,1,40
163.33.198.56,1,40
202.198.5.163,1,40
163.33.158.48,1,40
163.33.113.117,1,69
203.77.68.252,7,308
133.149.101.188,1,60
163.33.39.144,1,40
150.75.164.130,1,40
133.149.83.238,1,40
163.33.180.242,1,40
163.33.130.35,1,40
150.75.163.252,1,40
133.149.34.151,1,40
202.198.58.17,1,40
163.33.152.171,1,69
133.149.151.169,1,40
163.33.254.210,1,69
133.149.155.191,1,48
150.75.190.87,1,40
163.33.198.107,1,40
163.33.155.163,1,69
163.33.229.212,1,44
203.77.121.135,3,216
202.198.52.74,1,40
203.77.93.55,1,40
163.33.243.107,1,40
133.149.201.90,1,40
202.198.11.30,1,40
163.33.71.9,1,40
150.75.166.96,1,40
163.33.126.85,1,69
133.149.93.234,2,80
150.75.62.130,1,40
150.75.52.164,1,44
163.33.203.19,1,69
150.75.238.56,1,40
133.149.84.213,1,40
133.149.187.35,1,44
133.149.168.230,1,40
163.33.192.219,1,40
163.33.54.90,1,40
133.149.90.230,1,40
133.11.95.106,1,44
163.33.162.6,1,40
133.149.166.206,1,40
150.75.14.231,1,40
163.33.92.180,1,103
203.77.7.246,1,40
133.149.120.65,1,40
133.149.180.85,1,44
150.75.56.185,1,40
203.77.12.69,1,40
163.33.174.189,1,69
163.33.198.205,1,44
163.33.108.125,1,40
163.33.201.245,1,40
133.149.73.35,1,40
150.75.14.216,1,40
133.11.107.95,1,40
133.149.211.228,1,40
150.75.208.128,1,40
150.75.78.155,1,40
133.149.50.214,1,40
163.33.143.163,1,40
202.198.27.75,1,40
202.204.60.110,1,40
150.75.179.35,1,40
163.33.94.101,2,135
163.33.7.160,1,40
133.149.58.233,1,44
133.149.39.126,1,40
163.33.154.223,1,40
202.198.27.43,1,40
133.11.108.95,1,40
202.198.35.23,1,40
150.75.145.32,1,40
163.33.31.60,1,40
133.149.90.214,1,40
203.77.63.41,1,40
133.149.106.223,1,40
150.75.38.41,1,40
150.75.64.155,1,40
133.11.88.248,1,48
163.33.84.211,1,560
133.149.83.52,1,40
133.11.120.54,1,40
150.75.78.228,1,40
133.149.165.192,1,40
163.33.141.200,199,280076
133.149.149.248,1,40
133.149.27.10,1,40
133.149.80.219,1,40
150.75.161.181,2,80
133.149.189.12,1,40
133.149.189.9,1,40
150.75.209.9,1,40
163.33.168.90,1,103
150.75.163.133,1,40
150.75.184.221,1,44
163.33.171.141,1,40
163.33.125.27,1,69
150.75.206.247,1,40
150.75.135.100,1,40
133.149.13.253,1,40
163.33.185.207,1,69
133.11.92.234,1,40
163.33.244.158,1,40
163.33.185.16,1,44
150.75.130.136,1,40
150.75.11.157,1,44
133.11.119.204,1,40
163.33.239.197,1,69
133.149.151.102,1,40
150.75.84.29,1,40
133.149.122.178,1,40
163.33.178.154,1,40
163.33.196.65,1,40
163.33.150.158,1,40
163.33.140.2,8,478
133.149.101.32,1,40
150.75.225.202,1,40
163.33.50.209,1,40
150.75.190.23,1,40
163.33.187.26,1,40
133.149.238.54,1,40
163.33.193.220,1,40
133.149.212.10,3,120
150.75.185.66,1,40
133.149.196.212,1,32
133.149.180.160,1,60
163.33.75.2,1,72
150.75.83.29,1,40
202.198.32.52,1,40
163.33.215.188,1,40
150.75.195.24,1,40
150.75.194.113,1,40
133.149.165.162,1,44
133.149.21.125,1,40
133.149.237.186,1,40
133.11.69.89,1,45
163.33.17.223,1,69
133.149.178.2,1,40
133.149.171.255,1,40
163.33.113.59,1,40
203.77.108.12,1,40
133.11.74.185,1,40
163.33.165.32,1,40
203.77.90.4,1,40
133.149.221.224,1,40
133.149.127.167,2,80
163.33.127.143,1,40
203.77.69.144,1,40
150.75.135.217,1,40
203.77.112.101,2,80
163.33.196.139,1,52
202.198.7.26,1,40
163.33.96.89,1,40
133.149.119.169,1,40
133.149.2.250,1,40
203.77.69.189,1,40
150.75.234.46,1,40
150.75.40.184,1,40
133.149.141.180,1,40
133.149.167.172,1,40
150.75.161.239,1,40
150.75.193.150,1,40
133.149.163.122,1,28
133.11.93.92,1,40
163.33.174.35,2,625
163.33.245.32,1,40
133.149.118.182,1,40
163.33.39.195,1,40
203.77.76.212,1,40
163.33.203.125,6,343
150.75.147.198,1,40
150.75.191.17,1,40
133.149.190.217,1,40
150.75.93.11,1,40
163.33.50.7,1,40
163.33.80.61,1,40
150.75.156.78,1,68
163.33.29.33,1,40
163.33.117.41,1,40
150.75.85.222,1,40
163.33.99.108,1,69
163.33.43.203,1,40
133.149.54.245,1,40
150.75.59.132,1,40
163.33.213.142,1,40
150.75.81.56,1,40
150.75.95.42,1,40
150.75.68.9,1,40
150.75.26.172,1,40
203.77.9.193,1,40
133.149.215.15,1,52
150.75.83.179,1,44
163.33.115.180,1,40
163.33.213.72,1,40
133.149.65.174,1,40
203.77.65.81,1,40
133.11.93.220,1,52
150.75.177.177,1,40
202.198.32.20,1,40
133.149.172.66,1,40
163.33.205.51,1,69
133.149.188.207,1,40
203.77.78.196,1,40
163.33.212.105,1,40
150.75.53.225,1,40
203.77.29.136,1,40
133.149.80.74,1,40
150.75.58.103,1,40
203.77.97.122,1,61
133.11.65.248,1,40
203.77.89.242,1,40
163.33.246.82,1,69
203.77.96.22,1,40
163.33.195.205,1,69
150.75.196.126,1,40
203.77.124.86,2,80
133.149.123.243,1,44
163.33.221.66,1,40
150.75.40.79,1,40
133.149.167.208,1,40
133.149.72.101,1,40
133.149.114.214,1,40
163.33.219.29,1,40
133.149.102.190,1,40
202.198.45.172,1,44
150.75.230.105,1,40
133.11.126.235,1,40
150.75.199.76,1,40
163.33.167.33,1,52
150.75.194.22,1,40
133.11.113.110,1,44
150.75.189.155,1,40
163.33.240.187,1,69
163.33.225.80,1,40
150.75.46.206,1,40
163.33.18.122,1,44
163.33.200.3,1,40
150.75.153.255,1,40
150.75.199.211,1,40
133.149.42.91,1,40
150.75.63.241,1,40
133.149.191.223,1,40
133.149.51.196,5,205
150.75.87.32,1,40
202.198.1.214,1,40
202.198.18.83,1,40
150.75.246.131,1,40
203.77.64.62,1,40
133.11.118.216,1,40
133.149.87.178,1,40
150.75.119.207,1,40
150.75.66.79,1,40
163.33.205.14,1,40
163.33.120.139,1,40
133.11.103.184,1,40
203.77.100.176,1,40
163.33.139.165,1,48
163.33.61.41,1,40
150.75.140.254,1,40
133.11.112.245,1,44
133.11.109.68,1,40
202.198.8.235,1,40
163.33.112.116,1,69
150.75.199.141,1,40
133.149.167.98,1,40
163.33.16.21,1,40
133.149.142.103,1,40
150.75.85.162,1,40
163.33.220.211,1,32
150.75.45.156,1,40
133.149.55.158,1,60
150.75.171.89,1,44
163.33.42.67,1,40
133.149.78.19,1,40
163.33.151.82,1,40
202.198.43.70,1,44
203.77.93.59,1,40
133.11.72.227,1,40
150.75.103.100,1,40
163.33.237.111,1,100
202.198.13.37,1,40
163.33.132.175,1,44
163.33.15.79,1,40
133.149.53.235,1,40
133.149.63.52,1,40
150.75.176.34,1,40
163.33.210.19,1,40
163.33.235.244,1,40
163.33.203.132,1,52
203.77.17.189,1,44
203.77.41.199,1,40
133.149.124.135,1,40
150.75.238.107,1,40
133.149.138.41,1,44
202.198.62.53,1,40
202.198.53.252,1,40
163.33.89.200,1,40
163.33.233.3,1,69
203.77.56.217,1,40
133.11.95.161,1,40
163.33.205.119,1,40
150.75.210.35,1,44
150.75.191.58,1,40
203.77.124.127,2,80
150.75.59.205,1,40
133.149.138.149,1,40
163.33.59.215,1,69
163.33.222.17,1,40
150.75.211.36,1,40
133.149.5.149,1,40
150.75.110.122,1,40
150.75.61.58,1,40
150.75.247.44,1,40
202.198.28.43,1,40
150.75.229.241,1,40
163.33.70.250,1,40
202.204.61.207,1,40
150.75.128.213,1,40
202.198.53.195,1,40
133.149.5.61,1,28
163.33.164.177,1,40
150.75.38.233,1,40
202.25.109.145,1,44
163.33.41.3,1,40
133.149.87.135,1,40
163.33.17.39,1,40
202.198.20.132,1,44
150.75.216.139,1,40
163.33.175.129,1,69
203.77.21.174,1,40
203.77.110.160,1,40
203.77.21.254,1,40
163.33.45.90,1,40
133.149.225.213,2,80
133.149.155.112,1,40
133.149.35.78,1,40
163.33.3.129,1,40
163.33.200.84,1,44
150.75.137.155,1,40
150.75.94.135,1,40
150.75.123.0,1,40
150.75.131.166,1,44
133.149.68.237,1,40
163.33.152.5,1,40
150.75.1.173,1,40
203.77.60.105,1,40
150.75.25.78,1,40
163.33.170.176,1,40
150.75.181.128,1,44
133.11.115.216,1,40
163.33.253.102,1,69
163.33.97.37,1,69
163.33.213.206,1,40
133.149.109.5,1,40
203.77.47.48,1,40
163.33.130.172,1,69
203.77.41.150,1,40
133.149.133.50,1,40
163.33.119.98,1,69
203.77.7.88,1,40
133.149.77.95,1,40
202.198.16.168,1,60
150.75.135.182,1,44
133.11.70.194,1,60
163.33.105.147,1,69
150.75.149.194,1,40
150.75.140.234,1,40
150.75.134.12,1,40
203.77.90.41,1,40
163.33.140.220,1,52
163.33.190.253,1,40
163.33.215.95,1,40
163.33.251.185,2,80
133.149.52.85,1,40
133.149.2.131,1,40
133.149.171.178,1,52
150.75.251.41,1,40
202.198.52.162,1,40
150.75.149.45,1,40
150.75.118.129,1,40
202.198.9.211,1,40
150.75.28.69,2,80
163.33.198.106,1,40
133.149.234.224,1,40
133.149.253.105,2,80
133.11.84.137,1,40
203.77.118.176,2,220
163.33.193.89,1,40
163.33.192.115,1,69
163.33.34.2,1,43
150.75.3.147,1,40
150.75.211.12,1,40
163.33.149.136,1,69
203.77.43.83,1,76
203.77.33.73,1,40
133.149.29.174,1,40
163.33.188.93,1,40
203.77.106.151,1,60
133.149.98.185,1,40
163.33.20.167,1,69
202.204.58.124,1,44
163.33.79.14,1,40
163.33.237.223,1,40
150.75.74.24,1,40
133.149.184.138,1,40
163.33.92.127,1,69
150.75.162.153,1,40
163.33.153.223,1,40
163.33.47.86,1,40
150.75.248.59,1,40
163.33.181.46,1,40
150.75.198.214,1,40
133.149.132.232,1,40
150.75.95.204,1,44
133.149.52.254,1,40
202.25.107.245,1,52
203.77.123.189,1,40
133.11.115.138,1,40
203.77.59.129,2,120
163.33.19.191,1,52
133.149.132.250,1,40
202.198.42.223,1,40
133.149.83.204,1,40
133.149.66.170,1,40
133.149.132.226,1,40
150.75.99.212,1,40
150.75.140.78,1,40
150.75.114.62,1,40
163.33.69.159,1,40
163.33.192.59,1,69
150.75.153.234,1,40
203.77.9.59,1,40
133.149.109.37,1,40
202.204.62.184,1,40
150.75.159.115,1,40
150.75.106.78,1,40
163.33.253.205,1,40
203.77.122.220,1,76
202.198.61.166,1,40
150.75.160.80,1,40
163.33.168.170,2,108
150.75.47.48,1,40
163.33.147.14,1,44
133.149.202.78,1,60
163.33.73.223,1,40
163.33.169.0,1,52
203.77.126.243,1,40
163.33.230.30,1,40
133.11.127.199,1,40
163.33.218.123,1,40
133.11.79.60,1,40
163.33.31.120,1,40
203.77.67.53,1,40
133.149.11.188,1,40
150.75.41.209,1,40
150.75.83.112,1,40
133.149.51.127,1,40
133.149.98.88,1,40
163.33.54.6,1,40
133.149.97.73,1,44
163.33.202.198,1,40
163.33.122.139,1,69
150.75.240.71,1,40
163.33.19.131,2,80
203.77.78.15,1,40
202.198.8.175,1,40
150.75.73.89,1,40
163.33.45.59,1,40
150.75.140.21,1,40
133.149.185.48,1,44
133.149.191.227,1,40
163.33.203.116,1,40
163.33.50.158,1,40
150.75.158.61,1,40
163.33.160.202,1,69
163.33.67.32,1,40
163.33.107.96,1,69
150.75.233.214,1,40
133.11.87.161,1,40
150.75.210.49,1,40
163.33.227.191,1,40
150.75.143.159,1,40
163.33.194.12,1,40
133.149.178.137,1,40
202.204.57.205,1,40
202.198.63.211,1,40
203.77.37.219,1,40
133.11.79.137,1,40
203.77.42.212,1,40
150.75.153.55,1,40
163.33.25.66,1,40
150.75.195.140,1,44
133.149.249.62,1,40
202.198.24.58,1,40
150.75.249.139,1,40
163.33.227.107,1,40
133.149.209.52,1,40
133.11.103.139,1,48
163.33.147.25,1,69
150.75.11.115,1,52
133.11.75.101,1,40
163.33.137.150,1,60
133.149.80.174,1,40
163.33.27.141,1,48
133.11.112.140,1,40
163.33.205.198,1,40
133.149.150.26,1,40
133.11.84.124,1,48
202.198.23.208,1,40
150.75.159.155,1,40
150.75.201.153,1,40
163.33.145.82,1,40
150.75.30.56,1,40
163.33.221.101,1,69
203.77.86.191,1,40
133.149.252.66,2,80
163.33.182.143,1,40
203.77.14.224,1,40
163.33.65.78,1,40
133.11.85.174,2,84
150.75.86.211,1,40
163.33.127.164,1,40
133.11.82.53,1,40
203.77.124.117,1,40
202.204.62.225,16,5163
163.33.174.152,1,69
150.75.233.156,1,40
150.75.156.144,1,40
150.75.12.7,1,40
203.77.114.191,1,40
163.33.188.181,1,69
133.149.251.129,1,40
163.33.43.40,1,69
133.149.10.208,1,40
150.75.66.213,1,40
150.75.169.230,1,40
202.198.36.33,1,40
203.77.114.17,1,40
163.33.148.60,1,40
163.33.1.248,1,69
150.75.153.57,1,40
133.149.4.23,1,40
133.149.123.27,1,40
163.33.199.181,1,40
202.198.22.42,1,44
163.33.94.145,1,40
163.33.140.110,1,52
202.198.17.89,1,40
203.77.14.218,1,40
150.75.12.140,1,40
133.149.181.29,1,40
163.33.249.51,1,40
150.75.211.105,1,40
133.149.238.69,1,44
163.33.248.27,1,28
150.75.141.116,1,40
150.75.18.3,1,40
202.204.62.221,2,80
133.149.123.198,1,40
150.75.87.81,1,40
202.198.26.175,1,52
150.75.86.21,1,40
150.75.174.134,1,40
150.75.233.106,1,40
163.33.102.159,1,40
133.149.58.68,1,40
163.33.5.103,1,69
163.33.166.116,1,40
203.77.1.223,1,40
133.11.83.69,1,52
150.75.223.52,1,40
133.11.114.94,1,40
150.75.54.196,1,40
133.11.88.118,1,44
163.33.63.133,1,40
133.149.91.91,1,40
163.33.217.233,1,44
163.33.240.11,1,69
163.33.58.194,1,44
163.33.16.40,1,40
150.75.65.243,1,40
150.75.27.144,1,40
202.198.60.196,1,40
203.77.55.168,1,44
163.33.95.112,1,44
202.198.40.10,1,44
150.75.223.49,1,40
150.75.89.94,1,44
150.75.158.72,1,40
163.33.57.114,1,69
133.149.79.50,1,40
150.75.99.45,1,60
203.77.56.200,1,40
150.75.16.163,1,40
163.33.11.199,1,57
203.77.70.74,1,44
163.33.34.212,1,40
163.33.149.219,1,40
203.77.33.49,1,40
133.149.93.60,1,40
163.33.53.129,1,40
133.149.138.118,1,40
163.33.184.154,1,40
150.75.238.83,1,40
163.33.71.84,1,40
150.75.17.210,1,40
150.75.57.181,1,40
133.149.65.65,1,40
203.77.58.16,1,40
163.33.71.109,2,80
203.77.112.39,3,413
150.75.28.35,1,40
133.149.233.83,1,40
133.149.205.83,1,40
150.75.86.82,1,40
163.33.95.234,1,44
203.77.88.147,1,40
202.198.55.69,1,40
163.33.252.130,1,69
203.77.100.207,1,220
203.77.48.191,1,40
133.149.235.39,1,40
150.75.166.58,1,40
150.75.2.144,1,40
203.77.29.118,1,40
150.75.77.62,1,44
203.77.107.239,1,40
150.75.185.126,1,44
133.11.95.30,1,40
203.77.0.68,1,40
133.149.3.248,1,41
163.33.62.99,1,40
163.33.61.118,1,69
150.75.96.182,1,40
202.198.19.139,1,40
133.149.109.19,1,40
150.75.137.50,1,40
133.149.243.214,1,40
133.149.193.229,1,220
163.33.43.149,1,44
150.75.14.13,1,52
163.33.57.205,1,40
163.33.95.251,1,52
133.11.99.53,1,44
133.149.158.45,1,40
150.75.207.137,1,40
202.198.20.26,1,40
150.75.168.175,1,40
203.77.106.77,1,40
163.33.0.141,1,40
163.33.130.78,1,40
163.33.53.60,1,40
203.77.85.120,1,40
150.75.249.111,1,40
150.75.125.232,1,40
163.33.175.253,1,40
203.77.69.121,1,44
203.77.73.97,1,40
163.33.83.168,1,40
163.33.4.220,1,69
203.77.77.184,1,40
133.149.139.88,1,40
163.33.251.145,1,69
203.77.28.57,1,40
150.75.122.164,1,40
133.149.35.51,1,40
150.75.115.229,1,40
133.149.242.4,1,40
150.75.136.194,1,40
133.11.93.20,1,40
203.77.55.125,1,40
133.149.233.40,1,40
203.77.101.223,1,40
150.75.43.131,1,40
150.75.124.161,1,44
163.33.94.198,1,40
150.75.73.54,1,40
133.149.164.30,1,40
163.33.112.160,1,40
133.11.92.212,1,40
133.149.81.21,1,40
163.33.199.124,1,69
150.75.202.77,1,40
163.33.101.139,1,40
150.75.255.210,1,44
163.33.96.33,1,40
203.77.74.88,1,40
163.33.186.86,1,40
150.75.65.71,1,40
163.33.235.245,1,40
163.33.155.101,1,40
133.149.191.77,1,40
163.33.134.170,1,69
150.75.230.113,1,40
163.33.93.201,2,96
163.33.153.70,1,40
163.33.229.20,1,40
163.33.169.74,1,60
150.75.110.189,1,40
163.33.129.210,1,40
163.33.61.7,1,40
163.33.177.232,1,40
163.33.181.17,1,40
133.149.44.14,1,40
150.75.205.72,1,52
150.75.20.89,1,44
133.11.71.113,1,40
133.149.249.78,1,40
150.75.129.213,1,40
202.198.9.108,1,40
163.33.251.102,3,120
133.149.90.110,1,40
133.149.85.1,1,40
133.11.122.199,1,40
150.75.203.151,1,40
202.198.34.159,1,92
150.75.253.169,1,60
150.75.14.204,1,40
150.75.211.109,1,40
133.149.180.185,1,44
150.75.185.195,1,40
163.33.64.150,1,40
163.33.125.18,1,69
163.33.230.207,1,40
133.149.249.117,1,40
203.77.72.20,1,40
202.25.107.231,1,52
203.77.101.217,1,40
202.198.21.104,1,40
150.75.166.54,1,44
133.11.114.193,1,40
163.33.225.238,1,40
133.149.119.240,1,40
150.75.189.35,1,40
163.33.139.86,1,69
163.33.191.221,1,40
163.33.75.148,1,69
163.33.184.62,1,40
150.75.97.152,1,40
203.77.121.66,1,60
133.149.114.52,1,40
150.75.97.210,1,40
150.75.123.58,1,40
150.75.63.120,1,40
133.149.176.158,1,40
163.33.130.66,1,44
163.33.184.12,1,40
150.75.171.231,1,40
133.149.113.18,1,44
163.33.165.86,1,69
133.149.67.149,1,40
150.75.251.29,1,40
133.149.153.90,1,44
150.75.118.240,1,40
133.11.71.193,1,40
150.75.69.196,1,40
133.149.54.202,1,40
150.75.60.121,1,40
133.149.75.13,1,40
133.149.61.229,1,40
163.33.29.234,1,44
150.75.24.57,1,40
133.149.173.246,1,76
163.33.93.165,1,40
203.77.83.192,1,40
150.75.79.199,1,40
150.75.23.23,1,40
150.75.93.167,1,40
133.149.99.242,1,40
163.33.18.107,1,40
203.77.73.116,1,40
203.77.24.118,1,40
150.75.184.97,1,40
150.75.179.173,1,40
150.75.14.131,1,40
150.75.239.54,1,40
133.149.150.237,1,40
150.75.25.201,1,40
150.75.90.254,1,40
163.33.180.139,1,40
202.198.22.221,1,40
150.75.150.166,1,60
150.75.23.27,1,40
203.77.126.123,1,40
203.77.72.132,1,44
133.149.93.5,1,40
163.33.73.156,1,40
133.149.73.159,1,40
150.75.24.7,1,40
150.75.235.199,1,40
163.33.221.22,1,69
133.149.11.134,1,40
150.75.248.112,1,40
133.11.109.4,1,40
163.33.17.140,1,44
133.149.214.245,1,40
150.75.24.243,1,40
133.149.72.149,1,40
150.75.153.121,1,40
133.11.106.3,1,60
163.33.66.83,1,40
150.75.13.22,1,40
163.33.237.132,1,40
163.33.123.85,1,40
203.77.41.58,1,44
163.33.117.34,1,44
133.149.206.232,1,40
133.149.54.192,1,40
203.77.117.242,1,40
150.75.254.184,1,40
163.33.2.175,1,40
133.11.70.108,1,44
150.75.72.74,1,40
203.77.119.34,1,40
203.77.43.64,1,40
163.33.197.148,1,40
133.149.139.1,1,40
133.149.85.87,1,44
133.149.221.7,1,40
133.149.242.209,1,40
163.33.29.25,1,40
163.33.243.219,2,84
133.11.81.143,3,156
163.33.191.204,1,313
150.75.133.253,1,40
163.33.117.133,1,40
133.149.73.194,1,40
133.149.228.76,1,40
150.75.57.9,1,40
133.149.180.191,1,40
150.75.167.249,1,40
150.75.101.80,2,80
133.149.13.227,1,40
133.11.84.56,1,40
150.75.35.127,1,40
203.77.114.39,2,80
133.149.239.218,1,40
133.149.106.252,1,40
150.75.144.30,1,40
163.33.118.203,1,69
133.149.15.210,1,40
150.75.85.194,1,40
133.11.81.239,1,40
163.33.101.163,1,69
202.204.59.38,1,52
133.149.45.54,1,40
133.149.78.68,1,40
202.198.24.200,1,40
150.75.30.182,1,40
133.149.148.188,1,40
203.77.43.193,1,40
203.77.67.34,1,40
150.75.23.53,1,40
163.33.67.65,1,40
150.75.72.223,1,40
150.75.186.160,1,40
202.198.8.35,1,40
150.75.39.60,1,40
133.11.92.226,1,40
150.75.26.38,1,52
203.77.109.47,2,100
133.149.53.249,1,40
150.75.145.62,1,40
150.75.24.13,1,40
203.77.76.29,1,40
163.33.219.13,1,44
150.75.16.24,1,40
163.33.163.224,3,156
150.75.216.115,1,40
133.11.96.189,1,51
163.33.19.51,1,40
150.75.41.183,1,40
163.33.192.7,2,80
150.75.151.62,1,40
133.149.15.198,1,40
150.75.254.48,1,40
133.149.184.73,1,40
202.198.42.150,1,40
202.198.61.96,1,40
163.33.118.88,1,69
163.33.249.85,1,40
163.33.221.177,1,40
163.33.53.190,1,40
203.77.77.252,1,40
133.149.35.132,1,44
133.149.225.77,1,52
150.75.92.55,1,40
150.75.152.75,1,40
163.33.44.248,1,40
203.77.17.93,1,40
203.77.51.106,1,40
150.75.95.192,1,40
163.33.69.213,1,40
163.33.94.58,2,153
203.77.82.127,1,44
202.198.29.90,1,40
163.33.191.147,1,40
163.33.161.73,1,69
163.33.125.92,1,69
163.33.213.160,1,69
163.33.180.186,1,44
150.75.210.174,1,40
163.33.209.28,1,121
203.77.106.169,1,40
133.11.116.245,1,40
133.149.8.252,1,40
150.75.159.61,1,40
203.77.80.59,3,628
133.149.180.76,1,40
163.33.94.136,4,365
133.149.0.251,1,40
202.198.34.210,1,44
133.149.193.233,1,40
163.33.144.142,2,80
163.33.19.250,1,40
163.33.24.238,1,44
133.149.214.64,1,40
203.77.35.156,1,40
150.75.76.142,1,40
203.77.66.7,1,40
163.33.26.191,1,40
163.33.155.177,1,40
150.75.48.166,1,44
163.33.253.23,1,40
163.33.130.120,1,40
203.77.42.105,1,40
163.33.136.170,1,44
202.198.17.177,1,440
163.33.233.70,1,50
133.11.84.87,1,40
150.75.139.6,1,40
150.75.82.165,1,40
150.75.190.1,1,40
150.75.182.108,1,40
133.149.25.95,1,44
133.149.173.181,1,40
163.33.216.123,1,40
150.75.183.223,1,40
163.33.193.98,1,69
203.77.76.2,1,40
150.75.75.171,1,40
202.198.14.97,1,40
163.33.220.166,1,69
163.33.88.195,1,40
163.33.8.25,1,52
133.11.108.252,1,52
163.33.69.46,1,69
150.75.219.67,1,40
163.33.8.32,1,52
163.33.189.236,1,69
150.75.238.239,1,40
133.149.52.216,1,60
163.33.67.38,1,69
133.11.120.239,1,40
202.198.49.244,1,40
133.149.129.52,1,40
203.77.83.198,1,731
163.33.79.48,1,69
163.33.235.6,4,316
203.77.20.32,1,40
150.75.52.13,1,48
133.149.228.184,1,40
202.198.55.135,1,40
133.149.162.151,1,40
150.75.167.217,1,40
150.75.185.73,1,40
202.198.14.159,1,40
203.77.116.60,1,40
163.33.195.39,1,40
133.149.142.56,1,40
202.204.59.14,1,40
163.33.146.243,1,40
203.77.20.239,1,48
163.33.94.59,1,83
163.33.162.67,1,40
133.11.122.129,1,40
203.77.31.109,1,40
163.33.235.128,1,40
163.33.16.68,1,40
163.33.48.2,1,40
150.75.115.169,1,40
133.149.205.211,1,40
163.33.123.175,1,69
133.149.177.31,2,161
133.149.200.211,1,40
150.75.250.15,1,40
150.75.48.160,1,44
163.33.22.1,1,44
203.77.28.123,1,40
133.149.68.122,1,40
163.33.7.111,1,52
202.198.29.83,1,40
203.77.52.197,1,40
203.77.106.156,1,52
150.75.215.48,1,40
150.75.191.79,1,40
133.149.136.166,2,84
133.11.65.34,1,32
150.75.238.208,1,40
203.77.53.176,1,40
203.77.52.86,1,40
203.77.79.119,1,40
202.198.3.90,1,40
133.149.148.158,1,44
150.75.191.18,1,40
203.77.52.49,1,40
202.198.47.22,1,40
133.149.64.130,1,40
203.77.6.29,1,40
150.75.27.115,1,44
163.33.74.166,1,40
163.33.105.66,1,69
163.33.244.126,1,44
150.75.15.148,1,40
133.149.132.9,1,44
150.75.210.91,1,40
163.33.243.241,1,44
163.33.48.205,1,40
163.33.44.198,1,40
133.149.204.151,1,40
150.75.31.236,1,58
133.149.129.240,1,40
202.198.45.106,1,40
202.198.57.212,1,40
133.11.112.149,1,40
133.149.129.48,1,40
133.149.10.178,1,32
133.149.13.238,1,40
150.75.70.81,1,40
133.149.29.14,1,40
133.149.156.94,2,80
203.77.123.231,1,40
150.75.175.243,1,40
133.149.196.91,1,40
133.149.209.134,1,40
150.75.119.227,1,40
150.75.32.136,1,40
150.75.84.152,1,40
133.11.124.140,1,40
163.33.90.163,1,44
163.33.53.100,1,40
150.75.149.178,1,40
133.149.77.226,1,40
203.77.35.201,1,40
133.149.42.70,1,44
202.198.9.226,1,40
163.33.190.222,1,40
203.77.73.234,1,40
203.77.90.192,1,40
163.33.55.109,2,109
202.204.60.210,1,40
150.75.86.38,1,40
203.77.4.221,1,40
150.75.131.247,2,80
163.33.139.110,1,40
133.149.216.7,1,134
203.77.100.107,1,40
133.149.250.39,1,40
163.33.25.112,1,69
133.149.72.85,1,40
150.75.217.202,1,40
150.75.215.239,1,40
133.149.61.27,1,40
202.198.8.208,1,40
163.33.196.46,1,40
163.33.219.170,1,69
133.149.46.191,1,40
150.75.91.37,1,40
163.33.63.42,1,40
150.75.213.241,1,40
163.33.108.39,1,69
133.149.158.212,1,40
150.75.222.64,1,40
150.75.214.66,1,40
202.198.7.121,1,40
133.149.16.214,1,40
133.149.143.241,1,40
150.75.74.138,1,40
203.77.91.105,1,40
163.33.238.74,1,40
202.198.46.10,1,40
133.11.123.106,1,40
133.11.64.75,1,44
133.149.73.48,1,40
163.33.180.178,1,52
150.75.58.195,1,40
150.75.161.89,1,40
163.33.41.146,1,40
133.11.118.116,1,40
203.77.80.252,1,40
150.75.2.123,1,40
203.77.127.52,1,52
163.33.191.10,1,40
133.149.174.145,1,40
133.149.173.226,1,40
163.33.175.19,1,69
202.25.109.133,1,40
203.77.54.10,1,40
150.75.209.127,1,40
163.33.174.146,1,40
150.75.117.225,1,40
133.149.241.38,1,40
163.33.252.12,1,40
203.77.8.22,1,40
133.149.218.131,1,40
133.149.172.146,1,52
133.149.143.115,1,40
150.75.72.83,1,40
163.33.224.241,1,40
133.149.123.255,1,40
133.149.118.98,1,40
202.25.109.148,1,40
150.75.222.96,1,40
202.198.62.92,1,40
203.77.22.181,1,40
150.75.46.221,1,40
163.33.229.156,1,40
163.33.178.123,1,40
133.149.104.133,1,44
150.75.202.109,1,40
150.75.215.171,1,40
163.33.137.165,1,40
150.75.232.92,1,40
150.75.17.17,1,40
203.77.124.67,2,168
133.149.6.250,1,40
163.33.35.225,1,69
203.77.51.201,1,40
150.75.248.79,1,40
203.77.85.206,1,44
163.33.238.30,1,52
203.77.20.47,1,730
163.33.195.138,71,101634
150.75.134.80,1,40
202.198.17.71,1,40
202.198.55.5,2,80
133.149.234.35,1,40
163.33.229.35,1,69
163.33.239.42,1,52
133.11.95.225,1,40
163.33.15.162,1,40
163.33.247.211,1,40
163.33.25.92,1,40
133.149.13.174,1,44
163.33.63.213,1,40
203.77.80.255,1,40
133.149.202.187,1,40
133.149.14.1,1,40
163.33.190.176,1,44
202.198.8.239,1,40
133.149.55.174,1,40
163.33.231.36,1,69
203.77.77.187,1,40
202.198.4.126,2,80
150.75.54.249,1,40
133.149.134.171,1,40
150.75.196.63,1,40
203.77.102.113,1,44
150.75.246.128,1,40
163.33.225.195,1,69
133.149.147.193,1,29
202.198.50.109,1,40
163.33.150.3,1,69
150.75.47.186,1,40
150.75.143.83,1,40
150.75.114.46,1,40
133.11.82.46,1,40
133.149.18.15,1,40
163.33.118.161,1,40
150.75.247.79,1,40
203.77.42.90,1,40
202.198.53.7,1,44
202.198.6.160,1,40
163.33.151.184,1,69
163.33.26.235,1,69
133.149.40.142,1,40
150.75.180.84,1,40
163.33.44.221,1,40
133.149.237.56,1,40
202.198.16.199,1,40
163.33.167.247,1,40
163.33.230.115,1,40
150.75.66.8,1,44
150.75.222.139,1,40
133.11.73.97,1,40
163.33.212.197,1,40
150.75.67.115,1,40
133.149.221.19,1,40
163.33.136.229,1,69
150.75.153.129,1,40
133.149.160.70,1,40
150.75.255.169,1,40
133.149.208.181,1,40
150.75.25.243,1,40
202.198.4.42,1,40
150.75.106.113,1,40
163.33.0.56,1,69
163.33.20.51,1,40
133.149.178.113,1,40
163.33.247.137,1,40
163.33.221.132,1,40
150.75.73.245,1,40
203.77.23.157,1,60
133.149.90.219,1,40
150.75.146.73,1,40
133.149.233.164,1,40
163.33.24.16,1,40
202.198.12.227,1,44
133.149.4.79,1,40
163.33.212.53,1,40
133.149.71.48,1,40
163.33.34.127,1,40
163.33.156.144,1,40
133.149.78.75,1,40
150.75.103.68,1,40
163.33.162.12,1,69
163.33.33.178,1,69
133.149.208.136,1,40
133.149.237.108,1,48
133.11.104.170,1,40
150.75.84.137,1,40
163.33.191.187,1,44
163.33.191.171,1,44
150.75.53.89,1,40
163.33.180.140,1,40
203.77.36.198,1,40
150.75.29.191,1,58
163.33.81.4,1,40
150.75.72.63,1,40
163.33.16.226,1,40
163.33.109.120,1,69
163.33.78.76,1,40
202.198.44.248,5,491
133.149.130.23,1,40
150.75.55.104,1,40
163.33.240.99,1,40
163.33.95.46,1,296
150.75.20.218,1,40
133.149.107.64,1,40
163.33.220.112,1,40
163.33.107.221,1,40
202.198.51.181,1,40
150.75.70.254,1,40
202.198.51.26,1,40
202.198.40.4,1,40
163.33.248.131,4,184
163.33.208.251,1,40
202.198.62.81,1,40
203.77.94.127,2,84
163.33.174.17,1,103
150.75.124.152,1,40
133.11.72.116,1,40
163.33.179.2,1,40
133.149.41.44,1,40
203.77.52.84,1,40
163.33.173.232,1,44
163.33.153.150,1,40
133.149.199.208,1,40
133.11.88.5,1,40
163.33.57.61,1,40
203.77.88.253,1,40
133.149.83.154,1,40
150.75.2.185,1,60
163.33.134.238,1,40
163.33.15.73,1,40
202.198.61.156,1,40
203.77.75.21,1,40
202.198.38.49,1,40
163.33.198.246,1,40
133.149.156.35,1,40
163.33.221.46,1,40
202.25.109.143,1,40
133.11.127.254,1,44
163.33.34.133,1,40
133.149.89.71,1,40
163.33.81.203,1,40
203.77.90.115,1,40
150.75.21.215,1,44
163.33.78.104,2,80
163.33.203.143,1,69
163.33.179.72,1,40
133.149.149.6,1,40
163.33.220.191,1,40
163.33.106.115,1,69
133.149.207.31,1,44
133.149.93.135,1,40
150.75.222.228,1,40
163.33.154.118,1,40
133.11.93.96,1,40
203.77.36.191,1,40
203.77.110.195,4,677
150.75.144.118,1,40
133.149.181.158,1,40
133.149.210.191,1,40
203.77.54.16,1,40
133.149.147.228,1,40
150.75.4.103,1,40
163.33.15.187,1,40
150.75.91.55,1,40
150.75.164.16,1,40
163.33.65.184,1,40
163.33.240.8,1,40
150.75.123.146,1,40
133.149.65.251,1,52
133.149.33.43,1,40
163.33.92.25,2,143
133.149.29.213,1,40
133.149.119.58,1,40
163.33.235.223,1,40
150.75.182.119,1,44
163.33.143.197,1,40
133.149.0.95,1,44
163.33.155.217,1,69
203.77.112.31,2,80
163.33.162.44,1,40
133.149.178.14,1,40
202.198.46.20,1,40
163.33.146.91,1,69
163.33.209.16,1,69
203.77.64.137,1,40
150.75.136.76,1,44
163.33.241.135,1,40
203.77.120.113,1,40
163.33.139.121,1,40
163.33.246.250,1,40
133.149.196.10,1,44
203.77.57.79,1,44
133.149.250.180,1,40
163.33.213.244,1,40
133.149.120.142,1,40
163.33.177.182,1,40
150.75.190.71,1,40
203.77.56.0,1,40
133.149.74.167,1,40
150.75.148.194,1,44
150.75.89.112,1,40
150.75.108.139,1,44
203.77.102.126,1,40
150.75.152.146,1,40
133.11.92.34,1,40
163.33.34.233,1,40
163.33.178.121,1,69
163.33.210.14,1,40
150.75.122.31,1,44
133.149.218.3,1,44
133.149.236.81,1,40
163.33.50.138,1,40
150.75.193.97,1,40
163.33.28.109,1,52
150.75.143.236,1,40
163.33.157.95,1,40
133.149.165.217,1,40
133.149.221.99,1,40
163.33.127.230,1,40
133.149.5.211,1,40
203.77.36.248,1,40
133.149.102.198,1,40
133.149.211.255,1,40
202.15.129.63,1,40
150.75.133.201,1,40
202.204.60.127,2,80
163.33.22.120,1,69
202.198.54.251,1,40
163.33.203.48,1,40
202.198.50.154,1,40
163.33.203.50,1,40
163.33.211.243,1,44
133.149.172.26,1,40
203.77.53.40,1,40
203.77.99.95,1,40
163.33.57.244,1,40
203.77.32.158,1,44
163.33.177.126,1,52
150.75.204.25,1,44
150.75.243.74,1,40
133.149.223.85,1,52
150.75.188.46,1,40
163.33.90.129,1,40
150.75.28.181,1,40
163.33.103.156,1,69
163.33.192.184,1,69
150.75.96.207,1,40
163.33.237.36,8,440
203.77.107.23,1,40
133.149.140.94,1,40
163.33.154.153,1,40
202.198.39.73,1,40
202.204.57.78,1,40
133.149.239.164,1,40
150.75.190.72,1,40
163.33.186.205,1,40
202.198.46.112,1,40
133.149.192.205,1,40
163.33.245.198,55,66150
163.33.138.65,1,69
150.75.174.15,2,80
163.33.202.156,1,40
133.149.145.84,1,44
203.77.88.135,1,40
150.75.225.145,1,40
150.75.243.228,1,40
133.149.55.190,1,40
163.33.94.119,3,274
163.33.85.60,1,40
150.75.2.128,1,44
133.11.83.103,1,52
150.75.39.166,1,40
150.75.186.229,1,40
133.149.139.239,1,44
133.149.153.102,1,40
133.149.67.14,1,40
150.75.100.62,1,40
163.33.227.39,1,40
133.149.114.76,1,40
163.33.95.230,1,44
203.77.80.67,1,40
202.204.61.157,1,48
163.33.20.39,1,69
163.33.5.160,1,40
133.149.125.146,1,40
163.33.208.38,1,40
150.75.212.58,1,40
203.77.77.114,1,40
163.33.220.57,1,40
203.77.114.165,1,40
163.33.86.181,1,56
150.75.146.58,1,40
133.149.113.198,1,40
163.33.113.130,1,40
133.149.116.255,1,40
202.198.20.88,1,40
150.75.186.237,1,40
203.77.99.143,1,40
133.149.73.26,1,40
150.75.29.158,1,40
150.75.85.153,1,40
163.33.255.122,1,40
163.33.191.222,1,40
163.33.20.98,1,40
203.77.94.171,1,40
150.75.230.151,1,48
203.77.121.65,1,60
163.33.39.226,1,40
163.33.53.142,1,69
202.198.34.111,1,40
133.11.82.105,1,52
203.77.77.105,1,40
150.75.121.70,1,44
163.33.234.154,1,69
150.75.120.226,1,40
163.33.226.211,1,40
133.149.40.228,1,40
202.198.15.3,1,40
203.77.81.28,1,40
150.75.30.91,1,40
150.75.150.55,1,44
133.149.175.251,1,52
133.149.74.219,1,40
163.33.97.19,1,69
133.149.59.204,1,40
202.198.19.218,1,40
163.33.219.173,1,44
203.77.114.21,1,40
133.149.239.157,1,44
163.33.243.46,1,69
202.198.35.16,1,40
150.75.222.201,1,60
133.149.139.127,1,40
163.33.26.95,1,40
150.75.187.138,1,40
163.33.32.112,1,40
133.11.115.123,1,40
203.77.68.121,1,40
133.11.82.247,1,40
133.149.243.11,1,40
163.33.98.179,1,69
150.75.70.200,1,40
150.75.23.136,1,40
203.77.106.1,1,40
163.33.107.79,1,40
163.33.24.140,1,64
150.75.43.79,1,40
203.77.23.189,1,40
202.15.129.141,1,40
133.149.83.118,1,40
150.75.227.102,1,40
133.11.73.96,1,40
150.75.187.157,1,40
150.75.5.82,1,40
133.149.214.247,1,40
163.33.209.243,1,40
150.75.154.70,1,40
203.77.96.12,1,44
133.149.168.242,1,40
150.75.139.218,1,40
203.77.121.64,2,100
163.33.86.22,1,40
163.33.111.228,1,92
163.33.207.90,1,40
202.198.4.70,1,40
202.198.9.66,2,80
203.77.8.111,1,44
163.33.88.123,1,69
203.77.15.100,1,40
163.33.35.50,1,44
203.77.115.205,2,112
202.204.62.233,1,52
150.75.154.96,1,40
202.198.44.153,1,40
202.198.58.25,1,40
133.149.138.162,1,40
163.33.126.38,1,40
163.33.141.87,2,202
133.149.151.199,1,40
163.33.233.52,1,69
150.75.220.20,1,40
150.75.19.170,1,40
202.198.26.14,1,40
150.75.153.152,1,40
150.75.56.9,1,40
150.75.42.90,1,40
202.198.37.93,1,40
133.11.80.49,1,40
163.33.223.229,1,69
133.149.82.87,1,60
150.75.238.155,1,40
133.149.134.86,1,40
150.75.150.140,1,40
163.33.24.232,1,40
203.77.23.139,1,40
150.75.185.102,1,40
150.75.205.24,1,40
203.77.122.74,2,256
163.33.154.27,1,69
203.77.126.59,3,196
150.75.18.184,1,40
163.33.70.176,1,40
163.33.56.37,2,80
203.77.123.207,1,44
163.33.120.98,1,40
150.75.189.82,1,40
133.149.136.103,1,40
202.198.43.30,1,40
150.75.233.100,1,40
163.33.79.250,1,40
163.33.232.179,1,44
150.75.30.10,1,40
163.33.141.51,1,52
203.77.121.67,1,60
163.33.61.87,1,40
163.33.235.24,1,40
163.33.161.221,1,40
133.149.196.109,1,52
163.33.151.207,1,40
133.149.120.22,1,40
163.33.205.31,1,121
150.75.6.180,1,40
133.149.17.244,1,44
163.33.147.186,1,69
150.75.72.209,1,44
202.198.8.18,1,40
150.75.95.20,1,40
203.77.109.81,1,52
163.33.77.190,1,69
202.198.21.189,1,44
163.33.35.187,1,40
133.149.65.91,1,40
150.75.192.175,1,40
163.33.231.164,1,40
150.75.154.175,1,40
150.75.50.117,1,40
133.149.234.7,1,40
150.75.225.54,1,40
150.75.94.191,1,40
133.149.91.148,1,40
150.75.72.22,1,40
163.33.118.106,1,69
150.75.230.199,1,52
133.149.105.100,1,40
163.33.71.192,1,40
163.33.172.49,1,40
163.33.92.179,1,107
133.11.115.233,1,40
150.75.9.88,1,40
203.77.127.57,1,84
150.75.189.227,1,40
133.149.0.230,1,40
163.33.159.179,1,40
133.149.213.212,1,44
163.33.96.102,1,40
163.33.128.188,1,69
203.77.103.127,1,40
150.75.200.183,1,40
133.11.81.137,1,40
150.75.127.251,1,40
133.149.243.241,1,40
150.75.198.24,1,40
133.11.82.156,1,52
163.33.172.42,1,40
202.198.7.181,1,40
150.75.50.103,1,40
133.149.255.4,1,40
163.33.123.249,1,52
163.33.61.200,1,69
150.75.87.19,1,40
150.75.210.13,1,40
133.11.104.150,1,40
150.75.129.141,1,40
133.149.233.39,1,40
150.75.148.199,1,40
163.33.222.51,1,40
150.75.200.237,1,40
150.75.200.30,1,40
163.33.146.65,1,69
133.149.57.64,1,40
203.77.41.138,1,40
163.33.42.31,1,40
163.33.245.202,1,69
150.75.224.113,1,40
163.33.18.199,1,44
133.149.49.64,1,40
163.33.151.76,1,40
203.77.30.198,1,60
133.11.89.227,1,40
163.33.255.76,1,69
163.33.1.85,1,40
150.75.229.249,1,40
163.33.157.41,1,40
163.33.218.100,1,40
133.149.97.248,1,40
133.149.249.204,1,40
133.149.233.9,1,40
133.149.183.106,1,40
203.77.35.22,1,40
150.75.22.146,1,40
203.77.54.225,1,40
150.75.81.170,1,40
203.77.97.60,1,40
203.77.106.23,1,44
150.75.117.195,1,40
150.75.132.151,1,40
150.75.138.39,1,40
202.198.24.177,1,40
163.33.237.53,4,3414
163.33.229.243,1,69
163.33.252.189,1,40
133.149.192.52,1,40
203.77.110.65,1,40
163.33.250.231,3,377
133.149.182.15,1,40
163.33.195.210,1,40
150.75.191.22,1,40
203.77.42.154,1,40
203.77.98.179,1,44
133.149.169.252,1,52
163.33.131.79,1,69
163.33.169.129,1,40
163.33.189.119,1,44
150.75.50.67,1,40
203.77.27.15,1,40
163.33.78.4,1,40
163.33.240.176,1,69
150.75.59.241,1,40
163.33.86.88,1,40
163.33.235.84,1,69
133.149.211.160,1,40
133.149.226.1,1,40
150.75.95.247,2,84
163.33.63.94,1,69
133.149.110.6,1,40
163.33.94.51,2,108
203.77.120.157,2,80
133.149.192.173,1,44
133.11.78.212,1,40
133.149.255.85,6,1872
133.11.103.53,1,40
133.149.153.251,1,40
163.33.94.193,1,40
163.33.31.35,1,69
203.77.4.219,1,40
150.75.39.197,1,40
163.33.232.191,1,40
150.75.173.200,1,40
133.11.117.78,1,40
150.75.35.173,1,40
133.149.16.37,1,40
163.33.159.237,1,44
163.33.121.111,1,44
133.149.99.114,1,40
163.33.56.105,1,40
163.33.202.69,1,40
150.75.243.180,1,40
133.11.101.38,1,40
133.149.232.223,1,40
133.11.100.143,1,40
133.11.91.197,1,40
133.149.252.171,1,40
163.33.179.108,1,40
133.149.117.172,1,40
163.33.77.194,1,40
163.33.122.15,1,69
150.75.143.57,1,40
133.149.209.59,1,40
150.75.148.183,1,40
163.33.218.198,1,40
133.149.52.94,1,60
202.198.14.113,1,44
150.75.14.165,1,40
163.33.251.44,1,40
163.33.179.87,1,40
163.33.182.67,1,69
150.75.162.245,1,44
133.11.88.115,1,40
133.149.251.214,1,40
133.149.13.103,1,40
163.33.66.23,1,40
133.149.204.37,1,40
163.33.126.163,1,69
150.75.96.166,1,40
163.33.129.147,1,40
203.77.55.134,1,40
133.11.120.130,1,40
133.11.88.217,1,40
203.77.118.196,3,501
163.33.203.73,1,40
150.75.30.204,1,40
202.198.2.123,1,44
163.33.84.189,1,40
163.33.73.50,1,40
150.75.139.110,1,40
133.11.109.51,1,44
203.77.83.252,1,40
163.33.227.101,1,40
163.33.235.220,1,40
150.75.228.164,1,40
203.77.79.91,1,52
203.77.122.235,2,80
133.149.102.231,1,40
163.33.91.32,1,40
203.77.127.41,1,40
133.149.127.125,1,40
203.77.7.108,1,44
133.149.87.31,1,40
203.77.115.70,1,40
163.33.104.73,1,40
133.149.75.220,1,40
133.149.4.208,1,52
150.75.216.255,1,40
133.149.54.99,1,40
133.149.131.38,1,40
150.75.103.165,1,40
203.77.87.15,1,40
133.11.100.233,1,40
163.33.122.123,1,40
163.33.193.224,1,40
163.33.21.89,1,40
133.149.44.131,1,40
163.33.191.211,4,230
133.11.90.120,1,40
203.77.88.164,1,44
163.33.24.28,1,40
150.75.247.193,1,40
133.149.152.174,1,52
133.149.232.98,1,40
163.33.252.76,1,44
203.77.121.68,1,60
133.11.65.156,1,40
163.33.175.66,5,1624
133.149.254.62,2,80
150.75.36.104,1,40
163.33.218.10,1,40
163.33.245.23,1,40
150.75.179.140,1,40
163.33.69.209,1,40
163.33.137.255,1,40
163.33.57.161,2,296
203.77.102.38,1,40
150.75.96.246,2,80
133.149.111.208,1,40
150.75.185.214,1,40
150.75.29.127,1,52
133.149.103.233,1,40
163.33.149.170,1,69
133.149.21.94,1,40
150.75.159.96,1,40
163.33.147.37,1,69
163.33.236.238,1,44
163.33.55.189,1,40
163.33.152.153,1,69
202.198.52.88,1,40
133.149.217.158,1,40
133.149.194.108,1,44
133.149.181.124,1,40
163.33.147.235,1,40
202.204.62.253,1,40
133.149.85.209,1,40
163.33.237.118,1,69
203.77.83.74,1,40
133.149.39.200,1,40
163.33.197.169,1,44
150.75.231.104,1,40
203.77.61.76,1,40
150.75.106.140,1,40
163.33.114.111,1,40
133.149.185.205,1,40
163.33.113.245,1,69
163.33.58.29,1,40
163.33.248.136,1,69
133.149.252.13,1,54
163.33.102.91,1,69
163.33.208.14,1,40
203.77.83.126,1,40
203.77.61.78,1,40
133.149.185.149,1,40
163.33.165.8,1,40
163.33.201.75,1,40
163.33.236.122,1,40
203.77.83.62,1,40
150.75.36.254,1,40
150.75.191.19,1,40
203.77.37.60,1,64
133.149.168.213,1,40
133.149.63.243,1,40
202.198.23.191,1,44
133.149.44.165,1,40
163.33.237.105,1,40
133.149.242.12,1,40
150.75.248.76,1,44
202.204.63.125,1,40
163.33.114.166,1,40
163.33.3.91,1,69
163.33.123.109,1,40
163.33.179.237,1,40
133.149.48.15,1,40
150.75.89.72,1,40
163.33.177.73,1,40
203.77.10.185,1,40
202.198.42.69,1,40
150.75.207.209,1,40
133.149.234.91,1,40
133.149.92.78,1,40
133.149.127.30,1,44
133.149.162.42,1,40
133.149.87.92,1,40
163.33.63.91,1,40
133.149.178.226,1,40
133.149.78.25,1,40
133.11.70.1,1,52
163.33.12.240,1,69
133.11.124.135,1,40
133.149.241.207,1,52
163.33.0.171,1,40
163.33.176.185,1,69
150.75.253.51,1,40
150.75.187.209,1,40
150.75.82.158,1,40
203.77.93.147,1,40
203.77.50.192,1,40
163.33.231.41,1,69
202.204.59.98,1,40
133.149.10.243,1,40
163.33.191.46,1,44
150.75.235.3,1,40
133.149.25.29,1,40
133.149.182.109,1,48
133.149.98.13,1,40
203.77.26.14,1,40
202.198.38.189,1,40
150.75.69.130,1,40
163.33.236.179,1,69
163.33.255.192,1,69
163.33.245.8,1,40
150.75.185.1,1,40
163.33.103.96,1,44
150.75.92.155,1,40
150.75.57.138,1,40
133.149.233.105,1,40
163.33.91.55,1,40
163.33.120.32,1,40
133.149.211.141,1,44
163.33.198.96,1,69
133.149.212.197,1,40
163.33.217.148,1,40
202.198.29.185,1,40
163.33.153.104,1,40
133.149.15.115,1,40
202.198.0.217,1,40
150.75.133.145,1,40
133.149.33.124,1,40
150.75.209.140,1,40
150.75.164.172,1,40
133.149.23.82,1,40
150.75.82.112,1,40
202.198.11.174,1,40
133.149.67.35,1,40
150.75.43.169,1,40
133.149.234.99,1,40
163.33.230.78,2,80
202.198.50.62,1,44
150.75.4.130,1,60
163.33.128.122,1,44
150.75.176.245,1,40
133.149.89.245,1,40
133.149.9.226,1,40
133.149.216.160,1,40
202.198.10.221,1,40
133.149.126.1,1,40
163.33.132.198,15,2038
163.33.173.76,1,40
163.33.4.116,1,40
150.75.10.224,1,40
150.75.3.180,1,40
133.11.102.196,1,40
150.75.13.241,1,40
163.33.157.226,1,40
163.33.201.203,1,40
163.33.175.55,1,40
163.33.24.141,1,48
150.75.140.116,1,40
133.149.165.60,1,40
163.33.61.222,1,69
133.11.67.230,1,40
163.33.73.254,1,69
133.149.161.88,1,40
133.149.180.202,1,40
150.75.25.241,1,40
163.33.207.76,1,40
133.149.72.133,1,40
163.33.162.73,1,69
133.149.185.224,1,40
163.33.52.230,1,48
150.75.61.16,1,40
150.75.254.112,1,40
133.149.228.40,1,44
133.149.229.100,1,40
133.149.251.102,1,40
150.75.63.162,1,40
133.149.96.99,1,44
203.77.100.42,1,40
133.149.32.125,1,40
150.75.254.248,1,40
163.33.178.126,1,44
163.33.196.123,1,69
163.33.204.113,1,40
163.33.93.2,1,92
150.75.146.241,1,40
163.33.26.145,1,69
133.11.120.124,1,40
163.33.235.21,1,40
150.75.126.108,1,40
163.33.95.201,1,40
163.33.206.153,1,69
150.75.72.21,1,40
133.149.67.157,1,40
150.75.15.35,1,40
163.33.49.247,1,40
163.33.27.238,1,69
133.149.67.70,1,40
133.149.235.234,1,40
133.11.84.117,1,40
150.75.25.147,1,40
150.75.125.233,1,40
163.33.203.69,1,103
133.149.177.88,1,40
163.33.40.143,1,69
133.149.8.110,1,44
163.33.133.103,2,80
150.75.177.8,1,40
150.75.1.201,1,60
163.33.169.130,1,40
133.149.204.252,1,60
150.75.254.0,1,40
163.33.158.101,1,69
150.75.106.80,1,40
150.75.155.9,1,40
202.198.41.178,1,40
150.75.226.115,1,40
203.77.22.19,1,40
202.25.107.188,1,52
163.33.173.169,1,40
150.75.127.140,1,40
133.149.2.55,1,40
150.75.254.127,1,40
150.75.183.26,1,40
150.75.137.179,1,44
133.149.184.181,1,44
150.75.86.231,1,40
203.77.120.255,1,40
203.77.51.251,1,40
150.75.155.118,1,40
150.75.251.188,1,40
202.198.44.16,1,40
203.77.114.156,1,40
203.77.34.183,1,40
150.75.247.69,1,40
150.75.248.22,1,40
163.33.1.154,1,69
133.11.66.200,1,44
163.33.74.181,1,40
150.75.193.169,1,40
133.149.56.92,1,44
150.75.185.151,1,44
203.77.3.14,1,40
133.11.112.13,1,40
163.33.223.224,1,69
203.77.79.206,1,40
133.149.66.216,1,40
163.33.211.69,1,40
163.33.126.100,1,69
150.75.8.215,1,44
133.149.234.216,1,40
163.33.40.24,1,69
163.33.198.148,1,69
133.149.153.235,1,40
163.33.49.231,1,69
133.149.35.128,1,40
150.75.18.214,1,40
203.77.32.218,1,40
163.33.140.145,16,5259
150.75.9.172,1,40
202.198.13.96,1,40
163.33.255.107,1,69
133.149.142.138,1,40
133.149.117.41,1,40
150.75.11.219,1,40
203.77.100.151,1,40
150.75.246.47,1,40
202.25.107.247,1,52
163.33.32.40,1,40
203.77.31.7,1,40
163.33.217.34,1,40
133.149.133.52,1,40
150.75.76.150,1,40
133.149.121.55,1,40
203.77.52.80,1,40
203.77.15.212,1,40
150.75.24.241,1,44
163.33.5.48,1,69
133.11.81.98,1,40
163.33.134.244,1,40
133.149.132.136,1,40
202.198.52.206,1,40
163.33.67.140,1,40
133.149.114.211,1,40
133.149.110.155,1,40
202.198.54.201,1,40
133.149.84.214,1,40
133.11.102.133,1,40
150.75.1.233,1,44
150.75.65.69,1,44
163.33.89.231,1,40
203.77.41.24,1,40
163.33.251.57,1,69
163.33.253.132,1,40
203.77.93.100,1,40
150.75.188.151,1,40
203.77.88.155,1,40
163.33.84.83,1,40
163.33.67.209,1,69
133.149.117.14,1,40
150.75.85.228,1,40
133.149.47.35,1,40
133.149.34.112,1,40
203.77.120.115,1,126
163.33.160.185,1,40
163.33.64.19,1,69
202.198.16.187,1,40
133.149.115.26,1,40
150.75.38.4,1,40
163.33.168.152,1,50
150.75.63.246,1,40
133.11.74.236,1,40
150.75.221.90,1,40
203.77.61.98,1,40
133.11.113.10,1,40
163.33.128.138,1,40
163.33.27.148,1,44
163.33.78.12,1,44
203.77.79.167,1,40
163.33.255.230,1,44
133.149.36.80,1,40
163.33.214.119,1,69
163.33.33.187,1,69
150.75.253.192,1,52
150.75.133.197,1,40
133.149.26.98,1,40
133.149.13.181,1,40
150.75.177.91,1,40
163.33.160.149,1,69
133.149.50.119,1,40
163.33.138.119,1,40
150.75.85.223,1,40
133.149.165.227,2,80
163.33.14.112,1,69
163.33.31.58,1,40
150.75.17.88,1,40
163.33.240.108,1,40
163.33.41.227,1,69
202.198.14.25,1,44
133.11.111.170,1,40
133.149.248.110,1,40
133.149.64.35,1,40
163.33.141.192,1,679
163.33.209.85,1,40
163.33.135.162,1,40
203.77.116.3,1,40
150.75.232.135,1,44
163.33.217.208,1,40
163.33.220.228,1,40
203.77.116.36,1,40
163.33.217.61,1,40
163.33.168.155,1,985
163.33.86.124,1,69
133.149.93.71,1,40
133.149.241.181,1,40
150.75.35.213,1,40
150.75.114.178,1,40
133.11.64.20,1,44
150.75.160.57,1,40
150.75.21.165,1,40
202.198.33.156,1,40
163.33.129.208,1,40
203.77.66.219,1,40
203.77.88.158,1,44
163.33.168.88,1,68
203.77.94.173,1,40
150.75.31.23,1,44
150.75.142.98,1,40
133.11.115.163,1,40
133.149.252.172,1,40
163.33.19.153,1,40
133.149.36.25,1,40
163.33.129.239,1,40
150.75.221.199,1,40
150.75.141.175,1,40
150.75.21.203,1,40
133.11.124.15,1,78
163.33.5.104,1,69
133.149.52.242,1,40
133.149.206.207,1,40
150.75.201.131,1,40
163.33.137.164,1,69
163.33.234.255,1,69
150.75.44.163,1,40
133.149.60.22,1,40
150.75.21.227,1,40
150.75.90.43,1,40
150.75.21.253,1,40
133.149.122.181,1,40
150.75.34.74,1,40
163.33.174.55,1,40
150.75.137.39,1,40
203.77.61.168,1,40
163.33.161.196,1,69
163.33.56.59,1,40
163.33.14.195,1,69
150.75.49.71,1,40
150.75.51.154,1,40
133.149.36.220,1,60
133.149.15.189,1,40
133.11.123.16,1,40
133.149.137.60,1,40
133.11.98.6,1,40
150.75.0.193,1,40
133.11.122.197,1,40
150.75.198.196,1,40
150.75.3.248,1,40
150.75.201.254,1,44
150.75.191.108,1,40
150.75.148.113,1,44
203.77.112.124,1,40
133.149.113.26,1,40
163.33.212.193,1,60
150.75.44.133,1,40
150.75.21.236,1,40
163.33.50.113,1,40
150.75.79.200,1,40
163.33.175.176,1,40
203.77.40.253,1,40
150.75.52.180,1,79
133.149.176.136,1,40
133.11.106.182,1,40
133.11.73.163,1,79
150.75.201.174,1,40
133.11.111.8,1,40
133.149.0.140,1,40
133.149.8.24,1,40
202.204.60.120,1,75
163.33.42.162,1,40
133.149.251.104,1,40
163.33.76.49,1,40
150.75.251.206,1,40
163.33.60.89,1,40
163.33.35.235,1,40
203.77.64.170,2,80
150.75.190.181,1,52
203.77.59.98,1,40
203.77.79.81,1,40
203.77.52.236,1,40
150.75.245.239,1,40
163.33.216.137,1,40
150.75.169.106,1,40
203.77.40.237,1,40
133.149.176.130,1,40
150.75.34.44,1,40
163.33.68.125,1,40
133.149.176.69,1,40
150.75.88.248,1,40
163.33.155.85,1,69
133.11.115.134,1,40
150.75.39.204,1,40
203.77.94.64,1,40
203.77.66.120,1,40
163.33.148.173,1,40
133.11.85.186,1,40
150.75.139.174,1,40
150.75.165.150,1,40
133.149.225.152,1,40
133.149.197.66,1,40
133.149.245.212,1,44
163.33.23.55,1,40
203.77.27.62,1,40
163.33.18.99,1,40
150.75.193.87,1,40
150.75.86.13,1,40
203.77.116.143,1,52
133.149.176.157,1,40
133.149.1.92,1,40
133.149.74.129,1,40
163.33.92.52,1,40
203.77.46.144,1,40
133.11.84.6,1,40
203.77.85.15,1,40
133.149.243.79,1,40
163.33.202.219,1,40
133.149.171.181,1,40
133.149.123.68,1,40
150.75.91.129,1,40
163.33.126.37,1,40
203.77.81.245,1,60
150.75.51.157,1,40
163.33.42.210,1,40
133.149.176.114,1,40
163.33.255.177,1,40
133.149.46.228,1,40
163.33.178.141,1,44
150.75.195.114,1,40
163.33.39.36,1,69
133.149.113.62,1,40
133.149.142.141,2,505
150.75.17.228,1,40
150.75.160.212,1,40
133.149.45.235,1,40
133.11.70.8,1,40
150.75.160.8,1,40
150.75.97.221,1,40
163.33.70.209,1,52
133.149.164.38,1,40
133.149.47.141,1,40
133.11.114.52,1,44
150.75.26.36,1,40
133.11.94.234,1,48
133.149.3.250,1,40
150.75.114.90,1,40
163.33.116.187,1,52
163.33.28.64,1,69
203.77.15.87,1,40
163.33.99.51,3,232
150.75.147.57,1,40
163.33.151.119,1,40
163.33.34.155,1,40
133.149.54.96,1,40
133.149.151.54,1,44
202.198.7.138,1,40
163.33.15.146,1,40
150.75.79.89,1,40
150.75.85.217,1,40
133.149.145.20,1,40
163.33.92.239,1,40
150.75.190.242,1,40
133.149.173.97,2,84
163.33.171.223,1,40
150.75.225.59,1,40
150.75.180.77,1,40
150.75.247.183,1,40
133.149.97.233,1,40
133.149.88.186,1,44
163.33.151.132,1,40
133.149.180.240,1,40
163.33.178.26,1,40
150.75.247.211,1,44
203.77.108.67,1,40
150.75.163.100,1,40
163.33.174.144,1,40
163.33.80.83,1,69
163.33.225.180,1,40
133.11.115.165,1,40
150.75.231.102,1,40
163.33.64.106,1,69
203.77.30.69,1,40
163.33.144.172,1,60
150.75.78.41,1,40
203.77.57.178,1,40
133.11.91.207,1,40
150.75.144.169,1,40
203.77.65.144,1,40
133.149.220.153,1,40
133.149.184.120,1,44
133.149.209.187,1,40
133.149.86.65,1,44
150.75.93.151,1,40
163.33.45.117,1,40
150.75.55.174,1,52
163.33.66.36,1,40
203.77.91.147,1,40
203.77.74.129,1,44
163.33.168.168,3,377
203.77.42.112,1,40
150.75.110.22,1,40
163.33.35.108,1,69
203.77.99.245,1,40
163.33.195.255,1,69
150.75.83.211,1,40
203.77.115.117,1,48
133.11.83.42,1,48
203.77.74.237,1,44
133.149.99.215,1,40
133.149.151.32,1,44
133.149.70.230,1,40
203.77.40.94,1,40
150.75.189.64,1,40
150.75.222.18,1,60
133.149.90.254,1,40
150.75.16.176,1,40
163.33.255.65,1,69
133.149.124.184,1,40
150.75.190.163,1,40
150.75.176.197,1,40
163.33.52.167,1,69
150.75.40.162,1,40
163.33.143.18,1,40
133.149.232.168,1,40
163.33.59.106,1,40
163.33.229.73,1,44
163.33.93.174,1,40
203.77.124.2,2,104
133.149.154.13,1,44
150.75.62.55,1,40
133.149.94.65,1,40
150.75.41.254,1,40
150.75.254.226,1,40
202.204.61.117,1,40
133.149.107.98,1,40
133.149.123.9,1,40
133.149.70.208,1,40
150.75.52.149,1,40
203.77.53.140,1,40
150.75.45.80,1,40
133.149.62.84,1,40
133.149.196.102,1,40
133.149.132.199,1,40
203.77.104.93,1,40
163.33.244.18,1,40
150.75.39.219,1,40
133.11.103.239,1,40
133.149.180.196,1,40
163.33.124.23,1,40
163.33.124.3,1,40
150.75.102.142,1,40
133.149.181.50,1,40
163.33.254.129,1,40
163.33.76.55,1,40
163.33.31.179,1,40
150.75.103.156,1,40
202.198.14.94,1,40
133.11.86.157,1,40
150.75.123.10,1,40
133.149.18.159,1,40
150.75.68.123,1,60
133.149.251.196,1,40
150.75.224.220,1,40
202.198.49.127,1,44
203.77.33.168,1,44
163.33.90.118,1,40
163.33.241.221,1,40
163.33.189.255,1,40
163.33.1.156,2,80
203.77.87.88,1,44
133.11.65.203,1,44
150.75.148.29,1,44
163.33.203.95,1,40
163.33.237.65,1,44
202.204.61.123,1,40
133.149.164.143,1,40
150.75.124.187,1,44
133.149.61.230,1,40
163.33.180.58,1,44
163.33.88.193,1,40
133.149.66.155,1,44
163.33.248.128,25,26575
133.11.99.114,1,48
150.75.17.152,1,40
163.33.125.174,1,40
133.11.75.182,1,40
203.77.101.139,1,72
203.77.36.246,1,40
150.75.140.252,1,40
133.149.172.93,1,40
163.33.114.61,1,40
163.33.84.174,1,44
133.11.127.193,1,40
150.75.19.198,1,40
202.204.61.156,1,40
150.75.187.207,1,40
163.33.27.62,1,40
150.75.119.128,1,40
203.77.105.162,1,40
133.149.70.71,1,40
163.33.93.112,10,2791
150.75.206.186,1,40
203.77.119.3,1,40
133.149.16.221,1,45
163.33.38.168,1,40
163.33.129.104,1,40
163.33.104.31,1,40
163.33.190.186,1,40
163.33.254.96,1,40
133.149.120.50,1,40
163.33.111.238,1,40
150.75.222.114,1,40
133.11.74.157,1,60
203.77.35.75,1,40
150.75.72.29,1,40
163.33.122.100,1,69
163.33.203.35,1,40
133.149.50.89,1,40
203.77.8.17,1,40
203.77.22.48,1,44
163.33.21.103,1,69
133.11.103.217,1,40
202.198.37.238,1,40
133.149.226.229,1,40
150.75.184.244,1,40
163.33.18.194,2,113
202.198.0.124,1,40
133.149.83.129,1,40
203.77.120.93,2,337
163.33.209.80,1,69
163.33.119.68,1,69
133.11.120.55,1,44
133.149.110.148,1,40
163.33.45.40,1,40
163.33.38.54,1,40
163.33.106.213,1,44
202.204.56.152,5,280
150.75.188.19,1,40
150.75.122.166,1,40
133.149.226.61,1,44
150.75.252.113,1,44
202.198.29.250,1,40
150.75.84.97,1,40
150.75.197.245,1,40
203.77.51.238,1,40
150.75.68.48,1,40
133.11.102.142,1,40
203.77.47.222,1,52
150.75.251.96,1,40
203.77.34.128,1,40
150.75.81.176,1,40
133.149.176.10,1,40
163.33.149.205,1,44
150.75.160.159,1,40
150.75.205.135,1,40
133.149.82.100,1,40
203.77.47.167,1,40
163.33.7.251,1,69
203.77.121.217,1,40
163.33.69.140,1,40
133.149.215.171,1,40
133.149.106.159,1,52
150.75.102.129,1,40
150.75.102.145,1,40
133.149.197.19,1,40
150.75.103.236,1,40
150.75.143.195,1,40
133.149.73.218,2,80
163.33.31.134,1,69
133.149.95.72,1,40
133.149.192.116,1,40
150.75.225.147,1,40
150.75.31.12,1,40
133.11.86.248,1,40
150.75.214.195,1,40
133.11.121.164,1,44
203.77.25.249,1,40
163.33.80.136,1,40
133.11.65.232,1,40
133.149.143.190,1,40
202.198.48.160,1,40
203.77.35.7,1,40
150.75.33.27,1,40
150.75.217.89,1,40
133.149.228.171,1,40
163.33.124.21,1,40
133.149.50.232,1,40
203.77.25.251,1,40
150.75.220.177,1,40
150.75.15.40,1,44
163.33.53.232,1,69
150.75.21.202,1,40
133.149.20.134,1,44
163.33.35.58,1,40
133.149.181.197,1,44
150.75.142.167,1,40
150.75.123.18,1,40
163.33.157.219,1,40
150.75.215.58,1,40
203.77.55.69,1,40
163.33.39.89,1,40
133.11.102.144,1,40
163.33.84.94,1,40
150.75.165.1,1,44
133.11.71.14,1,48
133.149.138.211,1,40
133.11.89.174,1,40
163.33.250.97,1,40
133.149.211.252,1,40
150.75.16.1,1,40
133.149.44.221,1,40
150.75.197.186,1,40
133.149.88.68,1,40
150.75.119.49,1,40
163.33.209.211,1,40
163.33.154.190,1,40
163.33.193.84,1,40
163.33.141.99,7,3068
163.33.92.122,1,69
163.33.73.159,1,40
202.198.18.117,1,40
203.77.39.143,1,40
133.11.113.236,1,44
163.33.101.101,1,40
202.198.28.220,1,40
133.149.153.205,1,40
133.11.75.126,1,40
163.33.81.81,1,40
163.33.4.33,1,69
202.198.1.147,1,40
150.75.178.236,1,40
133.149.165.6,1,40
150.75.206.3,1,40
133.149.152.136,1,44
133.11.90.74,1,52
163.33.142.53,1,40
150.75.193.65,1,40
150.75.198.61,1,40
163.33.112.213,1,69
163.33.198.52,1,69
150.75.209.254,1,40
150.75.191.96,1,40
163.33.1.189,1,44
150.75.235.86,1,40
150.75.171.181,1,40
133.149.173.52,1,44
203.77.63.102,1,40
133.11.96.239,1,40
163.33.54.144,1,40
203.77.97.183,1,40
203.77.101.243,1,40
133.149.20.214,1,40
133.149.182.167,1,52
150.75.106.63,1,40
133.149.119.134,1,40
163.33.77.180,1,40
163.33.253.59,1,69
163.33.237.172,1,69
150.75.135.194,1,40
203.77.96.189,1,40
150.75.75.157,1,40
133.149.26.18,1,44
203.77.110.215,1,40
150.75.21.146,1,40
163.33.14.92,1,40
203.77.6.135,1,40
163.33.219.73,1,40
150.75.188.3,1,40
163.33.205.117,1,40
203.77.88.225,1,40
150.75.1.151,1,40
133.149.68.56,1,44
133.149.172.111,1,40
163.33.60.21,1,40
150.75.139.176,1,40
163.33.21.41,1,40
150.75.39.174,1,40
163.33.254.92,1,69
163.33.111.222,1,69
150.75.90.222,1,40
163.33.31.164,1,69
163.33.101.253,1,69
133.11.69.82,1,40
203.77.96.217,1,40
163.33.30.248,1,40
163.33.32.249,1,69
133.149.130.148,1,40
150.75.163.61,1,40
163.33.20.202,1,40
163.33.241.246,1,69
133.149.183.198,1,40
133.149.143.191,1,40
163.33.193.194,1,40
163.33.152.2,1,40
203.77.112.37,1,40
163.33.228.152,1,40
133.149.0.112,1,44
163.33.114.42,1,92
163.33.15.228,1,44
150.75.65.112,1,40
163.33.239.141,2,80
150.75.214.220,1,40
133.149.204.97,1,40
203.77.41.99,1,40
163.33.77.28,1,40
202.198.3.140,1,52
133.149.88.98,1,40
202.198.53.129,1,40
150.75.110.49,1,40
163.33.94.190,2,378
150.75.143.166,1,44
163.33.235.240,1,40
163.33.34.236,1,69
133.149.110.74,1,220
133.11.106.0,1,40
163.33.105.155,1,69
133.149.235.87,1,40
133.11.97.114,1,40
150.75.46.96,1,40
163.33.27.217,1,40
150.75.67.189,1,40
150.75.174.214,1,40
150.75.119.242,1,40
133.149.193.254,1,40
150.75.70.219,1,40
133.149.172.228,1,40
150.75.106.132,1,40
133.149.190.61,1,40
150.75.0.58,1,40
163.33.142.114,1,40
150.75.65.14,1,40
163.33.60.242,1,40
163.33.143.162,1,40
133.149.71.154,1,40
150.75.119.255,1,40
133.149.91.167,1,60
163.33.9.80,4,208
150.75.136.251,1,40
202.204.56.117,1,40
150.75.191.87,1,44
133.149.167.80,1,44
202.198.44.189,1,40
133.149.255.118,1,40
150.75.166.46,1,40
150.75.110.158,1,44
163.33.187.77,1,69
163.33.152.184,1,40
163.33.159.97,1,40
163.33.193.57,1,40
150.75.48.121,1,40
133.11.76.154,1,40
133.149.78.7,1,44
133.11.118.96,1,40
133.149.96.173,1,40
163.33.199.63,1,40
163.33.23.92,1,40
133.149.119.133,1,40
163.33.172.116,1,40
133.149.83.23,1,40
163.33.36.244,1,40
163.33.179.99,1,40
163.33.107.219,1,40
163.33.23.125,1,44
203.77.57.35,1,40
203.77.0.180,1,40
150.75.240.53,1,40
133.149.1.26,1,40
203.77.7.215,1,40
150.75.97.131,1,40
203.77.119.181,3,214
133.149.213.185,1,40
163.33.147.62,1,48
133.149.110.115,1,40
163.33.246.245,1,69
203.77.65.205,1,40
163.33.115.82,1,40
163.33.212.27,1,60
203.77.87.209,1,48
133.11.82.241,1,40
163.33.59.34,1,69
163.33.35.93,1,40
163.33.220.86,1,69
163.33.127.111,1,40
203.77.107.32,1,40
203.77.115.180,1,40
203.77.74.92,1,44
133.149.175.39,1,40
203.77.119.143,1,40
203.77.112.8,1,40
133.149.164.129,1,40
150.75.128.12,1,40
163.33.147.96,1,40
133.149.79.146,1,40
163.33.114.229,1,44
203.77.43.121,1,48
150.75.78.182,1,40
133.149.194.42,1,40
133.149.253.43,1,576
133.149.213.152,1,40
202.198.50.242,1,40
150.75.163.8,1,40
133.149.154.131,1,40
163.33.174.23,7,676
150.75.156.47,1,44
163.33.12.246,1,69
163.33.204.7,1,40
163.33.218.31,1,40
163.33.9.138,1,40
163.33.185.254,1,44
150.75.90.81,1,40
133.11.76.51,1,40
203.77.53.17,1,52
150.75.191.173,1,40
163.33.141.178,1,40
203.77.69.204,1,40
133.149.165.119,1,40
163.33.251.206,1,69
150.75.119.90,1,40
163.33.203.176,1,69
150.75.1.180,1,40
202.198.34.30,1,40
163.33.205.174,1,40
133.11.90.215,1,40
150.75.144.45,1,40
150.75.85.169,1,40
163.33.87.179,1,40
163.33.153.54,1,44
202.198.12.64,1,40
163.33.63.183,1,40
163.33.105.106,2,104
203.77.89.20,1,40
150.75.221.198,1,40
150.75.252.53,1,44
150.75.142.149,1,40
150.75.56.230,1,40
133.149.173.140,1,40
133.11.112.131,1,40
133.11.123.141,1,40
133.149.186.192,1,44
133.149.37.193,1,40
163.33.169.115,1,40
163.33.155.145,1,40
163.33.155.225,1,69
133.149.47.209,1,40
163.33.44.220,1,69
150.75.71.158,1,40
203.77.76.202,1,40
133.149.44.31,1,40
163.33.35.217,1,44
202.198.0.148,2,236
163.33.133.187,1,69
150.75.160.194,1,40
202.198.34.70,1,40
203.77.64.58,1,40
202.198.17.205,1,40
163.33.76.25,1,44
133.149.220.104,1,40
133.149.189.210,1,40
163.33.236.157,1,69
133.149.175.24,1,40
150.75.152.147,1,40
133.11.76.134,1,40
133.149.242.165,1,40
163.33.244.8,2,111
163.33.233.103,1,40
150.75.196.36,1,40
133.11.78.154,1,40
163.33.106.216,1,40
203.77.91.98,1,40
150.75.216.183,1,40
163.33.235.46,1,40
150.75.235.74,1,40
150.75.171.111,1,40
133.149.49.18,1,40
133.11.72.80,1,40
163.33.100.157,1,40
203.77.47.207,1,40
133.11.92.158,1,40
163.33.226.56,1,40
163.33.197.194,1,44
150.75.85.136,1,40
150.75.109.127,1,40
163.33.105.167,1,40
133.149.79.134,1,40
163.33.249.31,1,40
163.33.27.48,1,40
150.75.177.248,1,40
163.33.27.25,1,40
133.149.91.124,1,40
133.149.109.153,1,40
203.77.28.183,1,40
133.149.82.94,1,40
163.33.34.153,2,80
133.149.50.152,1,44
163.33.140.236,875,1244886
150.75.255.8,1,40
202.198.34.245,1,40
150.75.91.52,1,40
163.33.2.115,1,44
150.75.222.79,1,40
163.33.140.103,1,71
202.204.59.222,1,40
133.149.14.121,1,40
133.149.138.207,1,40
203.77.31.220,1,40
133.149.173.230,1,40
163.33.65.44,1,44
133.149.20.43,1,40
163.33.138.49,1,40
150.75.140.100,1,40
150.75.205.254,1,40
163.33.214.23,1,44
133.149.144.181,1,40
133.149.62.97,1,40
150.75.203.188,1,44
133.149.20.80,1,60
202.198.43.126,1,40
133.11.112.183,1,40
133.149.127.245,1,40
150.75.225.245,1,40
133.149.204.30,1,40
133.11.122.106,1,40
163.33.221.71,1,40
133.149.9.198,1,40
133.149.254.185,1,576
133.11.124.193,1,40
202.198.47.180,1,40
163.33.157.54,1,40
133.149.30.53,1,32
163.33.75.182,1,40
163.33.43.128,1,40
202.198.55.101,1,40
133.11.107.249,1,40
163.33.227.188,1,40
203.77.83.176,1,40
202.198.45.30,1,44
150.75.9.200,1,40
163.33.34.53,1,69
163.33.151.244,1,40
163.33.157.149,1,40
150.75.82.87,1,40
163.33.181.60,1,40
202.198.55.91,1,40
150.75.178.186,1,40
133.149.166.27,1,40
202.198.27.91,1,44
163.33.95.6,6,1910
203.77.78.90,1,40
163.33.36.252,1,52
133.149.38.88,1,48
202.198.36.178,1,40
163.33.252.16,1,40
150.75.176.92,1,44
203.77.26.90,1,52
163.33.39.98,1,40
150.75.92.79,1,40
163.33.61.228,1,40
163.33.63.78,1,44
202.198.17.106,1,40
150.75.10.62,1,40
150.75.137.199,1,40
203.77.49.48,1,44
163.33.2.152,1,40
163.33.96.245,1,69
202.198.38.38,1,40
133.149.6.186,1,40
133.149.14.149,1,40
163.33.247.191,1,44
150.75.30.122,1,40
133.149.178.75,1,44
163.33.210.141,1,40
150.75.73.255,1,40
163.33.239.81,1,40
163.33.39.100,1,40
202.198.36.229,1,40
133.149.209.78,1,40
133.149.57.154,1,40
202.204.60.68,1,40
203.77.120.106,1,44
133.149.100.212,1,48
202.198.21.237,1,40
203.77.19.27,1,78
163.33.95.63,1,40
150.75.74.202,1,40
133.11.73.18,1,40
133.149.234.34,1,44
150.75.87.122,1,40
133.149.20.206,1,40
133.149.40.78,1,44
150.75.197.255,1,40
133.149.82.103,1,40
150.75.57.108,1,40
163.33.184.159,1,40
133.149.7.125,1,40
202.198.48.162,1,44
150.75.133.214,1,40
150.75.248.251,1,52
150.75.56.74,1,40
133.149.2.195,1,44
163.33.179.254,1,40
202.198.63.184,1,40
163.33.28.245,1,69
203.77.54.240,1,40
133.149.190.236,1,40
163.33.225.159,1,40
163.33.115.55,1,40
133.149.49.107,1,40
163.33.107.234,1,69
150.75.138.178,1,40
133.149.41.224,1,40
163.33.14.151,1,44
150.75.154.203,1,40
163.33.202.191,1,40
150.75.186.17,1,40
203.77.71.38,1,44
163.33.39.57,1,40
133.149.67.16,1,40
150.75.24.169,1,40
163.33.17.109,1,44
202.204.60.125,1,40
203.77.67.97,1,40
150.75.25.200,1,40
163.33.230.61,1,40
133.149.33.28,1,40
150.75.75.107,1,44
133.11.106.140,1,40
163.33.152.208,1,40
133.149.123.31,1,40
163.33.84.194,1,69
202.198.44.118,1,44
163.33.154.149,1,44
203.77.116.228,1,44
150.75.186.30,1,40
133.11.88.104,2,120
203.77.38.68,1,40
163.33.112.133,1,69
163.33.25.176,1,40
202.198.3.122,1,40
150.75.32.116,1,40
163.33.89.86,1,60
150.75.247.187,1,40
133.149.2.233,1,44
202.198.35.151,1,40
163.33.39.206,1,40
133.149.119.197,1,40
163.33.240.174,1,40
133.149.55.76,1,40
133.11.79.124,1,60
150.75.102.3,1,40
150.75.97.94,1,40
150.75.23.228,1,40
163.33.205.197,1,40
163.33.35.127,1,40
133.11.87.69,1,121
150.75.93.220,1,40
163.33.220.127,1,69
133.149.142.54,1,44
203.77.31.100,1,40
150.75.152.9,1,40
150.75.246.39,1,40
163.33.166.161,1,40
203.77.89.93,1,40
203.77.76.40,1,44
163.33.241.7,1,40
163.33.53.245,1,40
150.75.10.108,1,40
203.77.64.75,1,44
163.33.225.100,1,40
133.149.85.138,1,40
133.149.203.170,1,44
150.75.219.11,1,52
163.33.37.200,1,40
163.33.233.199,1,40
163.33.254.216,1,40
203.77.94.77,1,40
150.75.149.93,1,40
202.198.48.197,1,40
150.75.54.104,1,44
133.149.109.178,1,40
163.33.116.189,1,69
133.11.90.25,1,48
163.33.93.40,1,180
133.149.229.106,1,44
150.75.157.22,1,40
163.33.14.86,1,40
133.149.124.220,1,40
133.149.83.29,1,40
133.11.100.181,1,40
133.149.207.199,1,40
202.204.59.131,1,40
163.33.226.247,1,69
150.75.41.225,1,40
203.77.54.51,1,40
150.75.141.122,1,40
163.33.14.237,1,40
163.33.189.190,1,69
163.33.11.245,1,44
150.75.129.25,1,40
133.149.197.102,1,40
133.149.156.7,1,60
133.149.9.129,1,44
133.149.19.228,1,40
163.33.182.229,1,40
163.33.70.36,1,40
133.149.110.97,1,40
163.33.62.37,1,40
150.75.122.8,1,40
133.11.94.169,1,40
163.33.27.38,1,40
150.75.146.128,1,72
202.198.9.171,1,40
163.33.239.66,17,25211
150.75.12.167,1,40
163.33.173.238,1,40
133.149.172.19,1,40
150.75.141.157,1,40
203.77.10.254,1,40
133.149.138.9,1,40
163.33.37.216,1,69
150.75.130.52,1,40
163.33.153.175,1,69
163.33.159.90,1,40
203.77.55.17,1,40
150.75.237.12,1,40
150.75.169.203,1,40
133.149.80.204,1,40
150.75.46.235,1,40
163.33.243.133,1,40
150.75.74.190,1,40
150.75.200.216,1,40
150.75.70.138,1,40
203.77.85.59,1,40
150.75.117.96,1,40
133.149.194.157,1,40
150.75.64.42,1,52
163.33.61.100,1,40
133.149.224.250,1,40
133.149.3.129,1,40
133.149.139.249,1,52
133.11.99.118,1,40
150.75.163.76,1,40
133.149.165.133,1,40
163.33.200.122,1,40
133.149.211.64,1,121
150.75.229.253,1,40
163.33.95.253,96,136064
163.33.25.106,1,69
133.149.114.24,1,40
150.75.61.172,1,40
163.33.82.253,1,69
163.33.238.53,1,40
133.149.124.127,1,40
163.33.88.52,1,40
202.198.43.198,1,40
163.33.26.175,1,40
133.11.93.151,1,44
133.149.240.239,1,40
163.33.180.99,1,40
163.33.172.125,1,40
150.75.200.202,1,40
150.75.75.53,1,40
203.77.34.28,1,40
163.33.166.233,1,40
203.77.20.236,1,44
163.33.77.135,1,60
202.204.57.180,1,40
150.75.94.227,1,40
150.75.77.103,1,40
163.33.243.198,1,40
163.33.222.34,1,40
163.33.57.45,1,69
150.75.124.186,1,40
133.149.24.72,1,60
163.33.33.24,1,40
163.33.141.137,2,163
133.149.194.91,1,40
133.149.194.146,1,40
203.77.116.197,1,52
150.75.87.174,1,40
163.33.75.168,1,40
150.75.85.101,1,40
133.149.140.8,1,40
150.75.89.83,1,40
150.75.67.220,1,40
150.75.106.161,1,40
202.198.52.106,1,40
150.75.205.53,1,44
163.33.154.175,1,40
163.33.163.89,1,69
203.77.103.248,1,40
150.75.76.62,1,40
163.33.91.238,1,69
133.11.122.54,1,72
133.11.83.107,1,60
133.149.205.132,1,40
150.75.231.35,1,40
150.75.149.2,1,40
163.33.33.204,1,40
163.33.251.15,1,40
203.77.40.75,1,40
163.33.95.215,2,108
203.77.108.70,1,40
133.149.177.103,1,40
202.198.36.191,1,44
133.11.94.163,1,40
163.33.124.161,1,44
163.33.241.154,1,44
163.33.162.32,1,40
202.198.24.115,1,40
163.33.194.51,1,40
163.33.109.138,1,69
163.33.50.16,1,40
133.11.101.129,1,40
150.75.28.153,1,40
133.11.78.237,1,44
163.33.86.182,1,56
163.33.53.155,1,40
163.33.85.14,1,69
163.33.24.35,1,40
133.149.90.56,1,40
133.11.123.159,1,40
133.149.245.196,1,40
150.75.220.194,1,40
150.75.49.31,1,40
150.75.57.43,1,40
133.149.249.131,1,40
133.149.23.31,1,40
150.75.44.199,1,40
133.149.194.63,1,40
133.149.246.72,1,40
133.149.58.32,1,40
163.33.229.18,1,40
150.75.76.42,1,40
150.75.184.236,1,40
150.75.142.234,1,40
133.149.238.39,1,40
163.33.135.222,1,40
163.33.26.101,2,80
133.149.64.216,1,40
133.149.1.249,1,40
133.149.44.159,1,40
163.33.255.162,1,69
133.149.17.16,1,40
150.75.143.243,1,40
133.149.157.209,1,52
163.33.13.28,1,69
163.33.76.169,1,69
163.33.223.183,1,40
150.75.55.95,1,40
202.198.36.231,1,40
133.149.25.221,1,40
133.149.112.243,1,40
163.33.237.208,1,40
202.198.7.229,1,40
163.33.240.201,1,69
163.33.171.55,1,40
150.75.28.36,1,40
133.149.252.59,1,40
133.149.15.35,1,40
150.75.223.217,1,40
150.75.21.250,1,40
150.75.68.204,1,40
163.33.243.101,1,40
150.75.165.66,1,40
133.149.121.54,1,40
202.198.52.195,1,40
163.33.65.162,1,40
163.33.92.105,10,801
150.75.67.187,1,40
163.33.41.94,1,40
150.75.49.233,1,40
133.11.70.107,1,40
150.75.107.196,1,40
163.33.153.236,1,69
133.149.200.159,1,40
163.33.249.186,1,312
133.11.126.163,1,44
163.33.95.146,1,40
163.33.161.207,1,40
163.33.30.17,1,40
203.77.3.182,1,40
163.33.112.43,1,69
163.33.141.50,2,139
163.33.6.169,1,40
133.11.78.168,1,40
163.33.109.85,1,40
133.149.176.141,1,40
150.75.201.143,1,40
133.149.54.117,1,40
163.33.230.166,1,40
202.198.4.9,1,40
133.149.245.94,1,40
202.198.15.163,1,128
203.77.66.166,1,40
163.33.244.203,1,69
133.149.166.106,1,40
150.75.68.165,1,40
150.75.244.156,1,52
150.75.49.168,1,40
163.33.54.161,1,69
203.77.124.118,1,40
150.75.237.141,1,40
133.149.222.114,1,40
133.149.101.226,1,40
133.149.226.139,1,52
163.33.102.121,1,69
133.149.64.3,1,40
150.75.205.19,1,40
163.33.120.201,1,44
202.198.15.134,1,40
150.75.49.196,1,40
163.33.6.124,1,40
163.33.75.18,1,69
163.33.25.248,1,69
163.33.112.171,1,69
150.75.149.64,1,40
133.11.108.67,1,44
163.33.113.227,1,40
163.33.41.96,1,40
150.75.175.156,1,40
150.75.121.171,1,40
163.33.173.182,1,69
133.149.37.208,1,40
203.77.78.148,1,40
133.11.111.38,1,44
163.33.64.44,1,40
150.75.100.181,1,40
163.33.207.172,1,69
203.77.60.141,1,40
163.33.167.172,1,44
203.77.4.231,1,40
133.149.54.131,1,40
150.75.57.206,1,40
133.11.75.28,1,40
163.33.1.224,1,69
163.33.247.209,9,3006
133.149.101.215,1,40
150.75.28.78,1,40
150.75.178.218,1,40
163.33.21.146,1,40
150.75.165.15,1,40
150.75.182.46,1,40
163.33.181.106,1,40
202.204.58.2,1,40
150.75.196.35,1,40
163.33.134.66,1,40
163.33.29.144,1,40
150.75.155.116,1,40
133.149.19.211,1,40
163.33.133.84,2,624
163.33.6.190,1,69
133.11.118.34,1,40
203.77.64.158,1,40
163.33.43.88,1,69
203.77.62.41,1,44
133.149.176.56,1,40
163.33.159.63,1,69
133.149.65.69,1,40
203.77.19.217,1,40
202.198.39.146,1,40
163.33.38.60,1,69
150.75.125.222,1,40
150.75.176.244,1,40
202.198.15.223,1,128
150.75.94.203,1,44
133.149.65.47,1,40
163.33.149.112,1,40
133.149.56.24,1,40
203.77.66.45,1,60
203.77.46.118,1,40
133.149.50.76,1,121
203.77.125.142,2,647
133.149.68.179,1,44
150.75.210.129,1,40
150.75.165.42,1,40
203.77.0.32,1,44
203.77.9.196,1,40
150.75.2.198,1,40
163.33.102.76,1,69
202.198.12.110,1,40
133.149.176.66,1,40
202.198.20.92,1,44
150.75.69.183,1,40
133.149.57.98,1,44
203.77.35.189,1,40
150.75.212.159,1,40
163.33.133.237,1,40
203.77.113.167,1,40
150.75.183.52,1,40
163.33.123.127,1,40
202.198.35.162,1,40
203.77.118.54,1,40
133.149.158.131,1,40
133.149.3.127,1,40
163.33.93.33,1,52
133.149.223.166,1,44
150.75.59.223,1,40
202.198.5.252,1,40
163.33.220.190,1,40
150.75.85.24,1,40
150.75.158.1,1,44
133.11.94.192,1,40
203.77.113.34,1,40
133.149.237.98,1,40
150.75.79.18,1,40
163.33.44.54,1,40
150.75.82.59,1,40
133.149.0.98,1,40
150.75.222.126,1,40
203.77.86.39,1,40
163.33.120.178,1,69
163.33.95.36,3,426
133.149.223.80,1,40
203.77.6.210,1,40
133.149.244.167,1,44
150.75.51.18,1,40
150.75.235.120,1,40
150.75.193.253,1,40
150.75.190.58,1,40
133.149.158.189,1,40
163.33.137.182,1,69
133.149.176.135,1,40
150.75.178.23,1,40
163.33.243.4,1,40
203.77.110.167,1,40
163.33.140.167,5,630
203.77.123.20,1,40
150.75.154.12,1,40
203.77.104.56,1,40
163.33.202.231,1,40
150.75.72.187,1,40
133.149.239.42,1,40
133.149.15.54,1,40
150.75.18.218,1,40
133.11.112.4,1,40
133.149.63.54,1,40
150.75.197.161,1,60
163.33.130.207,1,40
163.33.181.204,1,69
150.75.89.76,1,40
150.75.216.174,1,40
150.75.149.202,1,40
133.149.138.234,1,40
163.33.17.22,1,40
203.77.26.157,1,40
150.75.255.11,1,40
150.75.52.254,1,44
133.149.91.202,1,40
150.75.43.199,1,40
133.149.136.81,1,40
150.75.199.197,1,40
202.198.7.145,1,40
203.77.107.50,1,40
163.33.146.0,1,69
163.33.48.18,1,40
163.33.7.182,1,69
163.33.183.7,1,69
150.75.221.100,1,40
203.77.44.226,1,40
133.149.158.110,1,40
202.198.35.222,1,40
202.204.58.1,1,40
150.75.120.63,1,40
133.149.216.13,1,44
150.75.191.75,1,40
150.75.103.108,1,40
133.11.73.0,1,121
150.75.188.22,1,40
133.149.206.159,1,40
133.11.111.17,1,40
163.33.160.226,1,44
133.149.229.68,1,40
150.75.75.69,1,40
202.198.18.176,1,40
150.75.4.245,1,40
133.149.97.41,1,40
163.33.182.86,1,52
163.33.169.41,1,69
133.149.136.28,1,44
150.75.84.118,1,40
163.33.56.233,1,69
150.75.113.25,1,44
163.33.15.178,1,69
203.77.44.222,1,40
163.33.124.118,1,44
203.77.7.21,1,40
163.33.235.75,1,40
133.149.113.87,1,40
203.77.49.88,1,44
150.75.155.103,1,40
163.33.53.15,1,40
203.77.91.128,1,40
133.149.86.52,1,40
133.149.226.154,1,40
150.75.155.30,1,40
150.75.11.89,1,40
150.75.191.202,1,40
133.11.114.236,1,44
163.33.204.136,1,40
202.198.43.151,1,40
150.75.83.108,1,40
133.149.144.92,1,40
133.149.216.199,1,40
133.149.244.223,1,44
133.149.75.202,1,40
133.149.240.168,1,44
133.11.90.184,1,40
163.33.153.55,1,69
163.33.193.162,1,40
133.149.63.141,1,44
202.204.62.224,1,52
150.75.198.48,1,40
163.33.31.160,1,121
202.198.54.182,1,40
150.75.197.131,1,40
133.149.164.254,1,40
133.11.118.236,1,40
150.75.188.69,1,40
163.33.115.78,1,40
163.33.172.172,1,69
133.149.110.31,1,40
163.33.95.151,1,44
163.33.83.40,1,40
163.33.17.173,1,44
150.75.80.53,1,28
203.77.67.91,1,40
133.149.250.95,1,44
163.33.66.236,1,69
163.33.58.42,1,69
133.149.93.201,1,40
133.149.81.208,1,44
163.33.116.203,1,69
163.33.249.236,1,40
202.198.41.123,2,88
163.33.155.72,1,69
150.75.43.50,1,40
203.77.93.34,1,40
150.75.57.140,1,40
163.33.116.183,1,69
203.77.65.255,1,40
133.149.244.128,1,40
133.149.20.92,1,40
163.33.35.233,1,40
202.204.61.19,1,60
150.75.225.65,1,40
163.33.218.250,1,69
163.33.34.209,1,69
133.149.29.1,1,40
150.75.229.231,1,40
163.33.138.36,3,262
203.77.109.68,2,96
163.33.98.214,1,40
163.33.36.249,1,98
163.33.191.251,2,128
163.33.19.239,1,40
150.75.122.213,1,40
133.149.193.15,1,40
203.77.83.136,1,40
163.33.5.242,1,40
203.77.50.45,1,40
133.149.24.77,1,40
133.149.168.43,1,40
150.75.84.106,1,40
163.33.224.194,1,40
150.75.168.111,1,40
163.33.144.71,1,69
163.33.7.108,1,44
133.149.70.165,1,44
133.149.178.17,1,40
150.75.175.147,1,40
163.33.22.116,1,40
203.77.13.157,1,40
163.33.188.200,1,40
150.75.139.230,1,44
150.75.117.243,1,40
150.75.213.235,1,40
163.33.210.134,1,40
150.75.111.95,1,40
163.33.138.169,1,40
163.33.203.126,10,3453
150.75.183.27,1,60
133.149.33.244,1,40
133.149.148.207,1,40
133.149.133.16,1,40
150.75.226.32,1,40
133.149.137.251,1,44
133.11.123.154,1,40
150.75.66.140,1,40
163.33.113.52,1,40
150.75.172.86,1,40
150.75.143.38,1,40
163.33.49.208,1,40
203.77.5.11,1,40
133.11.120.35,1,44
202.198.41.69,2,88
150.75.225.114,1,40
163.33.166.32,2,104
163.33.237.72,1,40
163.33.183.191,1,40
163.33.128.100,1,40
203.77.23.134,1,40
163.33.69.3,1,40
203.77.69.245,3,132
133.149.3.233,1,40
133.149.21.31,1,40
203.77.34.149,1,40
150.75.58.109,1,40
133.149.228.188,1,40
163.33.165.222,1,40
163.33.137.8,1,40
163.33.246.93,2,129
203.77.42.170,1,44
202.25.107.197,1,52
133.11.111.0,1,40
163.33.69.117,1,40
163.33.141.121,1,40
150.75.24.69,1,52
202.204.60.136,1,40
202.204.58.65,1,48
163.33.67.201,1,40
163.33.76.113,1,40
150.75.109.19,1,40
150.75.134.190,1,40
163.33.192.57,1,69
133.149.51.166,1,40
163.33.61.72,1,40
150.75.4.109,1,40
203.77.119.36,1,40
150.75.196.159,1,40
133.149.210.171,1,44
163.33.94.102,1,347
133.11.69.70,1,40
133.149.32.120,1,40
133.149.87.65,1,40
163.33.206.128,1,69
163.33.77.133,1,69
133.149.41.3,1,40
163.33.97.188,1,40
150.75.241.59,1,40
163.33.66.28,1,40
163.33.253.148,1,40
203.77.0.29,1,40
203.77.74.155,1,40
133.149.176.52,1,40
133.11.66.97,1,40
133.149.201.127,1,40
133.149.150.17,1,40
150.75.70.223,1,44
133.149.162.137,1,28
203.77.53.232,1,40
150.75.71.89,1,40
163.33.73.61,1,52
163.33.164.155,1,44
150.75.155.104,1,40
163.33.240.119,1,69
202.198.3.177,1,40
150.75.102.186,1,40
163.33.190.58,1,40
163.33.239.94,1,40
203.77.12.128,1,48
150.75.103.241,1,40
202.198.62.67,1,44
133.11.118.76,1,40
150.75.229.60,1,40
133.149.42.207,1,40
150.75.200.157,1,44
150.75.102.187,1,40
150.75.38.209,1,40
163.33.98.2,1,40
133.149.9.50,1,40
163.33.80.235,1,69
133.149.46.55,1,40
133.149.129.102,1,40
163.33.188.47,1,73
163.33.4.52,1,69
163.33.173.109,1,40
203.77.126.112,1,40
163.33.115.203,1,40
163.33.151.165,1,40
150.75.175.219,1,40
163.33.119.51,1,40
163.33.53.253,1,69
133.149.57.103,1,52
150.75.179.107,1,40
163.33.140.94,2,138
163.33.158.237,1,40
150.75.79.139,1,44
133.149.75.182,1,40
150.75.225.243,1,40
133.149.199.164,1,40
133.11.89.104,1,40
163.33.163.214,1,40
133.149.46.240,1,40
203.77.45.191,1,44
163.33.6.86,2,84
203.77.24.48,1,396
203.77.103.167,1,40
163.33.25.129,1,40
133.11.94.84,1,40
150.75.85.125,1,40
133.149.95.178,1,40
150.75.185.112,1,40
133.149.214.125,1,40
203.77.59.64,1,40
133.11.68.39,1,40
133.149.174.80,1,40
133.149.13.216,1,44
163.33.30.216,1,69
150.75.119.250,1,40
133.149.118.146,1,40
150.75.246.157,1,40
150.75.176.100,1,40
150.75.108.82,1,40
133.149.63.85,1,40
163.33.164.163,1,44
163.33.43.121,1,40
150.75.30.217,1,40
163.33.124.15,1,69
133.149.144.189,1,40
133.11.101.67,1,40
150.75.60.180,1,40
150.75.196.8,1,40
163.33.252.72,1,40
163.33.126.66,1,40
203.77.28.220,1,40
163.33.252.212,1,40
133.149.229.199,1,40
133.149.68.114,1,40
203.77.4.158,1,40
163.33.159.149,1,40
133.149.95.245,1,40
133.149.5.203,1,40
133.149.178.6,1,40
150.75.241.129,1,40
163.33.126.70,1,40
150.75.255.191,1,40
133.11.113.149,1,40
133.11.122.198,1,40
203.77.0.193,1,44
163.33.68.71,1,69
133.149.82.204,1,44
163.33.237.244,1,40
150.75.2.204,1,40
150.75.240.210,1,40
133.11.70.232,1,52
150.75.154.185,1,40
163.33.106.200,1,40
163.33.226.92,1,44
163.33.147.228,1,40
163.33.192.183,1,40
203.77.115.28,1,40
203.77.56.254,1,40
163.33.134.56,1,40
163.33.153.171,1,40
150.75.183.79,1,40
150.75.46.30,1,40
133.149.91.29,1,40
150.75.228.78,1,40
163.33.107.252,1,69
163.33.152.239,1,69
150.75.186.106,1,40
163.33.20.105,1,40
133.149.184.23,1,44
133.149.90.126,1,40
133.11.118.246,1,40
133.149.140.111,1,40
163.33.200.198,1,69
163.33.56.85,1,40
150.75.147.19,1,40
150.75.214.199,1,40
133.149.243.227,1,40
203.77.26.113,1,40
163.33.252.213,1,69
150.75.243.201,1,40
133.149.222.61,1,44
133.11.109.44,1,40
163.33.249.64,1,40
150.75.136.106,1,40
202.198.20.253,1,40
150.75.74.58,1,40
203.77.21.100,1,40
163.33.96.240,1,69
133.149.52.134,2,80
163.33.126.206,1,69
133.11.71.183,1,40
150.75.223.252,1,40
203.77.45.202,1,40
163.33.65.231,1,40
203.77.58.121,1,40
133.11.79.160,1,52
150.75.60.177,1,40
133.149.132.176,1,40
133.149.23.22,1,40
163.33.29.43,1,40
133.11.112.133,1,40
133.149.238.66,1,40
163.33.244.41,1,40
133.11.103.125,1,44
203.77.58.117,1,40
150.75.42.242,1,40
203.77.91.255,1,40
150.75.156.179,1,40
202.198.35.178,1,40
150.75.168.140,1,40
150.75.48.241,1,40
133.149.91.64,1,40
150.75.214.187,1,40
203.77.35.30,1,40
133.149.183.9,1,40
150.75.165.23,1,40
150.75.230.230,1,40
163.33.123.152,1,40
133.149.196.81,1,40
150.75.137.231,1,40
150.75.25.169,1,60
150.75.65.72,1,52
163.33.157.107,1,40
133.149.244.27,1,44
133.149.222.166,1,40
203.77.66.1,1,60
203.77.87.228,1,40
133.149.86.96,1,40
163.33.174.41,10,4661
163.33.172.202,1,40
133.149.35.175,1,40
150.75.185.69,1,40
150.75.114.2,1,40
150.75.17.40,1,40
133.149.212.220,1,40
133.149.239.19,1,40
202.198.63.186,1,40
133.11.83.147,1,60
133.11.81.18,1,40
133.149.27.158,1,40
163.33.50.129,1,40
163.33.72.235,1,40
150.75.49.6,1,40
163.33.40.0,1,40
133.149.237.218,1,40
163.33.61.107,1,69
150.75.90.39,1,40
150.75.208.154,1,40
163.33.232.163,1,40
133.11.122.58,1,40
133.149.210.234,1,40
150.75.41.177,1,40
163.33.209.94,1,69
133.149.57.83,1,40
150.75.7.194,1,40
203.77.72.36,1,40
163.33.16.212,1,69
133.11.106.120,1,44
163.33.157.170,1,40
203.77.113.13,1,44
133.149.22.252,1,40
163.33.72.144,1,69
203.77.55.48,1,40
150.75.114.56,1,40
163.33.44.243,1,69
133.149.60.31,1,40
203.77.80.92,1,40
133.11.100.159,1,40
150.75.84.215,1,40
133.149.85.244,1,40
203.77.101.132,1,40
203.77.10.86,1,44
150.75.110.38,1,40
163.33.140.125,2,104
203.77.90.130,1,40
203.77.57.199,1,44
203.77.62.224,1,52
150.75.88.222,1,44
133.149.194.223,1,44
203.77.66.118,1,40
163.33.168.92,1,103
163.33.239.96,1,40
133.11.111.148,1,44
203.77.40.243,1,40
163.33.202.171,1,69
150.75.117.228,1,44
150.75.108.143,1,52
163.33.34.180,1,40
163.33.119.118,1,40
163.33.111.157,1,40
133.11.98.17,1,40
203.77.53.203,1,44
163.33.128.94,1,40
202.198.7.38,1,40
203.77.52.175,1,40
133.149.86.119,1,40
133.11.98.16,1,40
203.77.28.6,1,40
150.75.233.149,1,40
133.11.127.1,1,576
150.75.173.151,1,40
133.149.46.96,1,40
150.75.195.4,1,40
133.149.90.77,1,40
163.33.15.201,1,40
163.33.64.251,1,40
133.11.65.45,1,60
133.11.102.5,1,40
163.33.139.233,1,69
163.33.84.134,1,396
163.33.58.230,1,40
150.75.44.183,1,40
203.77.28.7,1,40
203.77.115.197,1,40
133.149.215.207,1,40
150.75.119.234,1,40
203.77.64.178,1,40
163.33.1.18,1,40
163.33.40.180,1,40
203.77.87.158,1,40
150.75.34.151,1,40
203.77.17.129,1,44
133.11.123.193,1,40
133.149.227.180,1,40
163.33.153.2,1,40
150.75.202.84,1,40
163.33.191.198,1,69
150.75.129.53,1,40
133.149.179.115,1,40
203.77.29.251,1,44
133.149.56.114,1,40
163.33.69.194,1,69
202.198.3.187,1,60
163.33.232.98,1,40
150.75.177.96,1,40
163.33.57.55,1,69
163.33.246.60,1,69
150.75.51.128,1,44
163.33.125.169,1,69
150.75.181.246,1,40
150.75.101.120,1,40
203.77.118.153,1,54
202.198.10.218,1,40
150.75.227.15,1,40
202.204.59.122,1,40
150.75.191.158,1,40
163.33.182.14,1,40
133.11.105.223,1,40
203.77.88.141,1,40
150.75.121.184,1,40
163.33.228.219,1,40
203.77.70.153,1,40
133.11.110.29,1,40
163.33.189.19,1,40
150.75.66.78,1,40
163.33.126.118,1,69
133.149.148.151,1,40
202.204.61.108,1,40
163.33.54.145,1,40
150.75.224.21,1,60
163.33.159.141,1,40
150.75.127.128,1,40
133.149.18.51,1,40
163.33.91.81,1,69
150.75.124.76,1,40
163.33.234.44,1,52
163.33.35.63,1,40
163.33.108.214,1,40
133.149.144.115,1,40
150.75.160.142,1,40
133.149.95.244,1,44
163.33.119.165,1,40
203.77.72.98,1,40
163.33.195.7,1,69
133.149.172.95,1,40
163.33.0.90,1,69
163.33.245.108,1,69
133.149.100.110,1,40
150.75.2.31,1,40
133.11.89.0,1,40
133.149.25.79,1,40
150.75.109.146,1,40
202.198.13.251,1,44
133.11.80.35,1,48
150.75.111.154,1,40
203.77.0.161,1,40
133.11.86.15,1,40
150.75.67.28,1,40
150.75.2.13,1,40
133.11.72.250,1,40
133.149.200.207,1,40
163.33.217.111,1,40
150.75.232.129,1,40
203.77.101.178,1,40
163.33.180.4,1,44
133.149.201.128,1,40
133.149.139.63,1,40
203.77.122.100,1,40
163.33.108.41,1,40
163.33.150.188,1,40
133.11.84.157,1,40
133.149.13.14,1,40
163.33.56.244,1,40
203.77.101.145,1,40
203.77.91.151,1,40
133.149.74.9,1,40
133.149.199.198,1,52
163.33.142.203,1,69
163.33.51.107,1,40
150.75.16.66,1,40
150.75.5.99,1,40
133.149.110.84,1,40
163.33.187.3,1,69
163.33.212.120,1,40
163.33.98.107,1,40
150.75.230.48,1,40
150.75.167.122,1,40
133.149.2.101,1,40
163.33.157.193,1,40
133.149.96.42,1,44
150.75.210.96,1,40
133.149.141.100,1,40
150.75.97.30,1,40
133.149.136.54,1,40
163.33.225.138,1,33
203.77.23.170,1,40
163.33.182.214,1,40
133.11.117.230,1,40
133.11.120.231,1,40
150.75.159.150,1,40
163.33.100.155,1,69
163.33.170.41,1,40
150.75.65.64,1,40
150.75.182.230,1,40
203.77.111.109,1,40
150.75.180.199,1,40
150.75.29.121,1,40
150.75.172.6,1,40
202.198.14.155,1,40
163.33.233.106,1,103
163.33.153.47,1,69
163.33.244.113,1,48
150.75.240.61,1,40
150.75.4.39,1,40
163.33.121.66,1,40
133.11.65.160,1,40
133.149.233.22,1,40
163.33.70.95,1,69
163.33.97.64,1,40
133.11.124.230,1,40
163.33.127.129,1,40
163.33.239.75,1,40
150.75.34.58,1,40
203.77.89.48,1,40
163.33.207.114,1,69
163.33.51.60,1,40
163.33.60.58,1,44
202.198.23.79,1,40
133.11.118.166,1,40
133.149.17.83,1,44
150.75.110.131,1,40
150.75.180.195,1,40
163.33.165.38,1,69
133.149.165.240,1,40
163.33.34.234,1,40
150.75.208.129,1,40
150.75.180.135,1,40
163.33.65.53,1,69
133.149.201.191,1,40
150.75.125.34,1,40
133.11.92.181,1,44
163.33.86.240,1,69
163.33.222.36,1,40
163.33.142.120,1,44
163.33.50.47,1,40
163.33.73.120,1,40
163.33.81.170,1,40
133.149.18.169,1,40
150.75.83.188,1,40
133.11.87.158,1,40
150.75.73.188,1,44
163.33.130.121,1,69
133.149.11.253,1,52
150.75.52.245,1,40
150.75.116.186,1,44
150.75.13.141,1,40
163.33.26.31,1,40
150.75.201.253,1,40
150.75.67.181,1,40
203.77.127.243,1,40
163.33.155.252,1,69
150.75.163.5,1,40
202.198.8.229,1,40
133.149.217.198,1,40
133.149.236.3,1,40
150.75.211.177,1,40
150.75.70.36,1,40
133.149.243.67,1,40
150.75.87.117,1,40
150.75.107.133,1,40
150.75.188.251,1,40
150.75.66.17,1,40
163.33.211.7,1,48
150.75.134.148,1,44
163.33.153.144,1,44
133.149.18.75,1,40
163.33.73.189,1,40
203.77.92.180,1,40
163.33.192.153,1,69
163.33.182.222,1,69
203.77.35.205,1,40
133.149.165.184,1,44
133.11.81.163,1,40
163.33.211.167,1,69
150.75.190.59,1,40
150.75.208.133,1,40
150.75.6.179,1,40
133.149.15.102,1,40
203.77.122.205,1,40
150.75.236.121,1,40
203.77.120.185,1,97
163.33.47.104,1,40
163.33.176.89,1,40
133.149.6.213,1,52
163.33.109.43,1,40
133.11.110.161,1,40
150.75.242.159,1,40
150.75.85.19,1,40
150.75.23.104,1,40
202.198.26.224,1,40
150.75.87.43,1,40
150.75.72.193,1,40
150.75.49.246,1,44
133.149.216.51,1,40
150.75.127.218,1,40
203.77.28.47,1,40
133.149.58.86,1,40
150.75.210.21,1,44
163.33.110.206,1,40
133.149.247.145,1,40
150.75.109.167,1,40
203.77.62.123,1,40
163.33.218.0,1,40
203.77.113.242,1,40
150.75.228.236,1,40
163.33.14.25,1,69
163.33.191.229,1,69
163.33.2.56,1,40
133.149.249.203,1,40
163.33.70.28,1,69
150.75.240.222,1,40
133.149.82.44,1,40
133.11.126.233,1,576
203.77.71.59,1,40
133.149.156.126,1,44
133.149.50.106,1,40
163.33.168.245,1,40
163.33.106.201,1,69
150.75.233.110,1,40
163.33.218.17,1,69
163.33.207.187,1,40
150.75.68.58,1,40
150.75.233.81,1,40
202.198.28.174,1,40
133.149.205.234,1,40
163.33.1.110,1,40
150.75.207.46,1,40
133.11.106.239,1,44
150.75.127.229,1,40
163.33.140.196,1,127
202.198.29.244,1,40
133.11.120.56,1,40
150.75.233.221,1,40
133.149.227.178,1,40
133.149.230.127,1,44
133.11.105.74,1,40
133.11.90.201,1,40
150.75.147.239,1,40
133.149.67.221,1,40
203.77.31.15,1,40
133.11.98.227,1,40
163.33.106.249,1,69
163.33.78.233,1,40
163.33.194.185,1,69
163.33.199.185,1,69
163.33.162.94,1,69
133.149.246.104,1,40
133.11.83.78,1,40
203.77.31.182,1,40
133.149.205.0,1,40
203.77.73.134,1,44
133.149.209.118,1,40
150.75.190.56,1,40
150.75.178.103,1,40
203.77.13.127,1,48
163.33.57.26,5,339
133.149.92.82,1,40
163.33.142.58,1,44
202.198.15.24,1,40
163.33.2.41,1,69
133.149.57.81,1,40
133.149.238.251,1,40
163.33.108.20,1,40
133.149.94.31,1,40
133.149.63.113,1,40
163.33.80.159,1,40
150.75.214.72,1,40
202.198.8.159,1,40
150.75.234.118,1,44
163.33.205.245,1,40
133.11.94.242,1,40
133.149.149.175,1,40
150.75.57.63,1,40
150.75.251.91,1,40
150.75.140.244,1,40
150.75.38.3,1,40
150.75.16.31,1,40
133.149.104.247,1,40
150.75.107.178,1,40
133.11.111.244,1,40
203.77.122.218,1,40
133.11.110.87,1,40
163.33.107.133,1,40
150.75.205.11,1,40
202.198.7.6,1,40
133.149.236.100,1,40
203.77.67.202,1,40
163.33.51.79,1,69
150.75.94.235,1,40
163.33.118.230,1,40
163.33.188.249,1,69
203.77.40.88,1,44
133.149.196.220,1,40
163.33.86.245,1,40
202.198.12.50,1,40
133.11.73.107,1,40
133.149.167.51,1,40
133.11.83.77,1,44
133.149.42.215,1,40
163.33.95.105,1,40
150.75.246.167,1,40
163.33.187.192,1,40
163.33.120.165,1,40
203.77.100.190,1,40
203.77.99.214,1,32
163.33.6.21,1,69
163.33.52.43,1,40
133.149.77.228,1,40
163.33.16.67,1,40
133.149.110.245,1,40
133.149.193.102,1,40
150.75.245.37,1,40
163.33.30.2,1,40
133.149.179.251,1,40
150.75.171.48,1,40
150.75.127.243,1,44
133.149.62.160,2,80
150.75.44.184,1,40
163.33.178.250,1,40
163.33.11.201,1,69
133.11.123.213,1,40
203.77.7.50,1,52
163.33.233.195,2,627
163.33.62.61,1,40
150.75.246.255,1,40
163.33.94.130,2,273
163.33.169.153,1,40
150.75.43.71,1,40
203.77.107.109,1,40
163.33.179.97,1,40
202.198.32.182,1,40
203.77.125.152,1,52
150.75.126.39,1,40
163.33.149.254,1,40
133.149.52.30,1,40
150.75.58.43,1,44
133.11.96.50,1,40
163.33.225.96,1,33
150.75.91.160,1,40
133.149.110.17,1,40
133.149.62.219,1,30
163.33.58.15,1,44
203.77.78.99,1,40
150.75.226.162,1,40
163.33.60.201,1,40
133.149.65.140,1,60
150.75.60.25,1,40
163.33.120.65,1,40
150.75.93.133,1,40
203.77.95.30,1,40
203.77.37.84,1,40
133.149.26.243,1,40
203.77.103.212,1,40
133.149.208.203,1,40
133.11.103.133,1,48
133.149.36.67,1,40
150.75.141.171,1,40
203.77.36.220,1,40
163.33.194.244,1,44
150.75.153.194,1,40
150.75.28.228,1,40
150.75.247.175,1,40
203.77.58.120,1,40
163.33.177.209,1,40
163.33.232.135,1,50
202.204.60.35,1,40
202.204.63.201,1,40
163.33.70.149,1,69
133.149.89.233,1,40
163.33.132.189,1,40
133.149.117.238,1,40
133.149.174.124,1,40
163.33.245.34,1,40
163.33.25.172,1,69
163.33.3.187,1,69
133.149.111.35,1,40
203.77.67.250,1,40
163.33.207.59,1,40
163.33.23.225,1,40
203.77.126.74,1,84
133.149.99.229,1,220
163.33.160.26,1,69
133.149.113.91,1,40
133.149.119.203,1,40
203.77.2.60,1,40
163.33.91.75,1,40
202.198.8.64,1,40
163.33.76.31,1,40
150.75.27.204,1,40
133.149.173.249,1,40
163.33.183.246,1,40
133.149.204.118,1,576
150.75.153.21,1,40
163.33.126.87,1,40
203.77.111.36,1,40
203.77.19.3,1,40
133.149.96.245,1,40
202.198.63.191,1,44
133.149.254.229,1,44
133.149.140.87,1,40
163.33.241.82,1,40
133.149.6.90,1,44
133.149.48.63,1,40
133.149.252.184,1,40
133.149.61.52,1,40
163.33.161.133,1,40
150.75.156.96,1,40
202.198.45.240,1,40
163.33.193.161,1,69
202.204.62.213,1,40
202.198.29.149,1,40
163.33.63.139,1,69
163.33.45.54,1,69
202.198.14.198,1,40
133.149.207.109,1,40
133.149.34.210,1,44
133.149.223.252,1,40
150.75.200.24,1,44
133.149.122.235,1,40
150.75.250.141,1,40
133.149.145.209,1,40
163.33.248.163,1,100
150.75.220.157,1,40
150.75.221.248,1,40
150.75.237.8,1,40
163.33.247.205,1,69
163.33.123.92,1,40
203.77.23.175,1,52
163.33.254.16,1,69
163.33.63.164,1,40
150.75.189.159,1,40
163.33.83.169,1,40
163.33.18.160,1,69
133.149.173.222,1,40
163.33.211.184,1,40
202.198.44.152,1,40
150.75.237.9,1,40
150.75.243.78,1,44
163.33.57.92,1,40
163.33.189.134,1,40
150.75.64.174,1,40
133.11.85.169,1,40
163.33.254.220,1,40
133.149.157.205,1,40
202.198.38.46,1,40
150.75.63.77,1,40
133.149.142.81,1,40
133.149.222.88,1,40
163.33.104.83,1,40
203.77.50.75,1,40
133.149.180.210,1,40
203.77.106.159,1,40
202.198.15.229,1,40
202.198.1.245,1,40
133.149.36.44,1,40
202.198.25.40,1,40
150.75.85.96,1,40
150.75.44.51,1,40
163.33.216.128,1,69
163.33.236.164,2,417
163.33.151.112,1,40
163.33.207.8,1,40
163.33.9.97,1,40
203.77.124.81,1,40
203.77.85.31,1,40
202.198.52.211,1,40
150.75.216.72,1,40
163.33.214.164,1,40
133.149.119.205,1,40
163.33.168.208,1,40
133.149.219.163,1,40
133.149.10.24,1,40
133.149.85.48,1,40
133.11.76.37,1,40
150.75.225.170,1,44
150.75.103.125,1,40
202.198.25.114,1,44
133.149.25.13,1,52
133.149.102.181,1,40
163.33.18.82,1,40
133.149.53.101,1,40
133.149.236.242,1,40
202.204.56.241,1,40
133.11.108.162,1,40
133.11.105.254,1,40
150.75.228.66,1,40
163.33.22.46,1,44
203.77.17.127,1,44
202.198.5.5,1,40
133.149.122.105,1,40
133.149.170.173,1,52
133.11.100.212,1,84
203.77.117.157,1,40
203.77.93.195,1,48
133.11.67.129,1,40
150.75.142.46,1,40
133.11.74.166,1,48
150.75.90.205,1,40
133.11.89.200,1,40
202.198.35.8,1,40
133.149.24.8,1,40
163.33.187.79,1,48
150.75.148.53,1,40
150.75.55.23,1,40
203.77.0.145,1,76
133.149.72.36,1,40
133.149.87.147,1,576
203.77.112.212,1,40
163.33.51.166,1,69
133.149.110.212,1,40
150.75.2.106,1,40
163.33.235.15,1,40
150.75.237.187,1,40
133.11.87.87,1,40
163.33.69.120,1,40
133.11.70.55,1,40
150.75.13.153,1,40
133.149.106.117,1,40
133.11.96.63,1,40
133.11.120.162,1,40
150.75.150.123,1,40
163.33.226.228,1,69
133.149.237.110,1,44
133.149.165.226,1,40
133.149.163.187,1,60
133.149.114.175,1,44
150.75.122.15,1,40
163.33.223.215,1,40
150.75.33.164,1,40
133.149.23.190,1,40
202.198.11.159,1,44
163.33.106.149,1,40
150.75.142.200,1,40
133.149.48.34,1,40
163.33.155.96,1,40
133.149.211.181,1,44
150.75.202.142,1,40
150.75.71.123,1,40
163.33.44.7,1,44
203.77.121.221,1,40
163.33.204.59,1,44
150.75.84.114,1,40
133.149.90.156,1,40
150.75.73.16,1,40
150.75.228.99,1,40
133.149.204.136,1,40
203.77.85.22,1,40
133.11.70.124,1,40
202.198.47.164,1,40
150.75.1.129,1,40
163.33.80.31,3,187
163.33.168.102,1,40
163.33.85.19,1,60
133.149.18.155,1,40
133.149.150.183,1,40
202.198.0.175,1,40
163.33.101.109,1,40
163.33.119.99,1,40
133.149.149.195,1,40
133.149.30.21,1,40
150.75.136.82,1,40
163.33.115.31,1,44
150.75.142.205,1,40
203.77.26.127,1,40
133.11.118.27,1,40
150.75.65.153,1,44
203.77.16.172,1,40
150.75.82.178,1,40
133.11.120.53,1,40
133.149.154.198,1,40
163.33.95.193,1,69
150.75.215.124,1,40
163.33.143.37,1,40
133.149.81.154,1,40
133.149.5.38,1,40
203.77.1.16,1,40
150.75.147.233,1,40
150.75.189.34,1,40
163.33.169.51,1,44
203.77.106.118,1,52
163.33.224.161,1,40
133.149.1.4,1,40
133.11.98.195,1,48
202.204.62.228,1,144
150.75.216.211,1,40
163.33.161.153,1,69
203.77.8.160,2,88
150.75.197.168,1,40
133.149.92.127,1,40
150.75.114.77,1,42
133.149.152.147,1,40
203.77.23.25,1,40
150.75.70.160,1,40
150.75.35.158,1,40
133.149.103.139,1,40
163.33.93.199,1,115
203.77.25.255,1,40
150.75.187.173,1,40
150.75.5.63,1,40
203.77.110.12,1,40
150.75.11.223,1,40
163.33.132.78,1,40
150.75.250.44,1,40
163.33.5.216,1,40
203.77.15.246,1,40
150.75.161.164,1,40
133.149.226.228,1,44
133.149.117.54,1,40
163.33.190.95,1,40
150.75.62.170,1,40
203.77.83.48,1,40
163.33.188.227,1,40
150.75.32.9,1,40
203.77.2.170,1,40
133.149.193.184,1,40
150.75.28.167,1,52
203.77.74.213,1,44
163.33.200.98,1,40
203.77.44.32,1,40
202.198.2.241,1,40
150.75.97.155,1,40
163.33.165.143,1,40
150.75.254.130,1,40
202.198.35.33,1,40
150.75.82.224,1,44
163.33.232.26,1,52
150.75.123.254,1,40
133.149.209.90,1,40
163.33.92.162,1,40
150.75.71.66,1,40
150.75.150.114,1,40
133.11.108.36,1,40
150.75.189.4,1,40
202.198.51.174,1,44
163.33.140.95,2,135
163.33.237.120,1,52
150.75.64.53,1,60
133.149.174.13,1,40
150.75.243.17,1,40
163.33.166.36,1,40
203.77.64.186,1,40
133.11.87.103,1,40
150.75.123.154,1,40
150.75.215.182,1,40
150.75.234.27,1,40
150.75.99.43,1,40
163.33.132.10,1,40
133.149.82.104,1,44
133.149.41.199,1,40
202.198.8.95,1,40
133.149.180.111,1,40
150.75.11.107,1,40
133.149.70.33,1,40
163.33.120.18,1,69
133.11.72.31,1,40
202.198.0.132,1,40
163.33.114.235,1,40
203.77.22.173,1,40
150.75.233.31,1,40
150.75.23.50,1,40
150.75.225.131,1,40
133.11.64.204,1,40
163.33.15.192,1,40
133.11.82.142,1,40
133.149.18.154,1,40
203.77.69.242,1,40
150.75.16.105,1,44
133.11.64.104,1,40
133.149.22.29,1,40
150.75.226.38,1,40
150.75.196.117,1,40
133.149.26.186,1,40
163.33.248.226,1,40
150.75.34.227,1,52
163.33.120.187,1,69
150.75.113.43,1,40
163.33.195.69,1,40
163.33.219.30,1,40
163.33.114.251,1,40
150.75.163.180,1,40
203.77.1.59,1,44
163.33.110.145,1,394
133.149.17.152,1,44
203.77.125.141,1,40
133.11.102.50,1,40
203.77.56.117,1,44
133.149.67.220,1,40
133.149.225.94,1,40
163.33.220.180,1,40
133.149.165.140,1,40
163.33.177.102,1,44
133.149.171.16,1,40
202.198.19.151,1,40
133.149.71.31,1,40
133.149.245.141,1,40
163.33.129.218,1,40
133.149.180.192,1,40
150.75.74.54,1,40
133.149.213.139,1,44
150.75.19.189,1,40
203.77.47.219,1,40
203.77.119.230,1,40
163.33.35.19,1,40
133.149.220.231,1,576
133.11.78.6,1,40
203.77.7.133,1,40
203.77.65.193,1,40
133.149.54.72,2,80
203.77.101.120,1,40
150.75.253.225,1,40
203.77.64.148,1,40
150.75.94.18,1,40
133.149.43.37,1,40
150.75.172.122,1,40
150.75.87.172,1,40
133.11.96.196,1,40
150.75.65.126,1,40
163.33.177.11,1,69
150.75.2.49,1,40
163.33.92.4,1,69
133.149.239.107,1,40
150.75.104.154,1,40
150.75.5.101,1,40
203.77.107.22,1,40
133.149.48.133,1,40
163.33.36.146,1,40
163.33.92.128,1,40
202.198.39.134,1,40
150.75.140.209,1,40
133.149.127.230,1,40
163.33.16.145,1,40
133.149.51.43,1,40
163.33.34.52,1,40
202.198.45.163,1,60
133.149.4.24,1,40
150.75.1.159,1,40
150.75.46.106,1,40
150.75.196.68,1,40
133.149.50.14,1,40
150.75.4.202,1,40
163.33.198.9,1,48
133.149.144.234,1,40
133.11.87.232,1,40
133.149.112.177,1,40
133.11.77.112,1,40
150.75.30.70,1,40
202.198.28.128,1,40
150.75.181.7,1,40
202.198.9.113,1,40
150.75.101.138,1,40
133.149.250.83,1,40
202.25.109.229,1,40
150.75.85.54,1,40
163.33.136.29,1,40
133.149.30.231,1,40
150.75.10.75,1,40
163.33.35.150,1,40
133.149.131.146,1,40
150.75.86.150,1,40
163.33.204.253,1,40
150.75.84.131,1,40
150.75.141.151,1,40
150.75.25.65,1,40
150.75.1.179,1,40
133.149.107.251,1,40
163.33.223.104,1,60
163.33.121.104,1,40
203.77.29.9,1,40
133.149.30.25,1,40
163.33.84.18,1,44
203.77.2.162,1,40
163.33.244.171,1,52
163.33.149.105,1,69
150.75.65.73,1,40
150.75.190.208,1,60
133.11.110.108,1,40
133.149.197.8,1,52
163.33.102.119,1,40
203.77.42.122,1,40
133.11.76.177,1,44
150.75.106.92,1,40
150.75.78.254,1,40
133.149.144.168,1,40
163.33.163.157,1,40
163.33.94.113,17,1322
163.33.64.173,1,69
163.33.3.148,1,40
163.33.130.39,1,40
163.33.177.8,1,40
163.33.228.64,1,44
163.33.135.56,1,69
150.75.121.205,1,40
133.149.244.18,1,52
163.33.190.57,1,40
150.75.166.23,1,40
133.149.100.230,1,40
163.33.127.181,1,40
163.33.104.91,1,40
163.33.252.127,4,208
133.11.64.68,1,40
203.77.48.82,1,40
163.33.155.179,1,40
150.75.222.236,1,40
163.33.166.224,1,69
133.149.130.199,1,40
202.204.59.95,1,44
163.33.69.228,1,40
163.33.146.139,1,45
163.33.34.108,1,40
150.75.58.95,1,40
163.33.208.81,1,40
133.11.70.169,2,80
133.149.169.238,1,40
150.75.186.15,1,44
133.11.76.238,1,44
150.75.239.200,1,40
202.198.39.61,1,40
133.149.67.243,1,40
163.33.170.183,1,44
203.77.60.49,1,40
150.75.181.34,1,40
203.77.107.81,1,40
203.77.52.103,1,40
150.75.60.185,1,390
163.33.45.114,1,40
133.149.46.249,1,40
163.33.62.160,1,336
203.77.92.130,1,40
163.33.173.164,1,40
150.75.74.131,1,40
133.11.81.102,1,40
163.33.77.54,1,69
133.149.38.27,1,40
133.11.105.146,1,40
150.75.65.52,1,40
133.149.145.26,1,40
133.149.122.214,1,40
202.198.23.246,1,40
163.33.212.236,1,69
163.33.52.48,1,40
133.149.146.111,1,40
133.149.208.23,1,40
133.149.38.19,1,40
133.11.77.122,1,40
163.33.144.25,1,40
