,dip_ct,dip_pkt_size_ct
163.33.94.123,16850,24012292
133.11.70.135,44,4586
133.149.103.47,1,40
163.33.174.168,1,40
202.204.57.202,1,40
203.77.107.167,5323,184458
133.149.15.193,21,1008
163.33.140.205,14,2705
203.77.55.248,1,40
133.149.92.186,68,3264
133.11.70.137,64,6457
163.33.175.141,151,179453
203.77.80.59,108,45250
203.77.116.213,782,430191
203.77.104.252,1,40
163.33.141.250,2200,3134338
203.77.126.180,1225,629871
163.33.185.130,18,864
133.11.70.133,61,3698
150.75.73.159,1,40
133.149.158.65,1,40
203.77.116.218,167,9356
150.75.115.199,1,52
150.75.235.51,1,576
150.75.203.66,1,40
133.11.75.231,1,40
150.75.224.244,1,40
163.33.142.172,1,42
202.198.23.145,1,40
163.33.191.211,14,5244
150.75.31.90,1,40
150.75.139.235,6,288
203.77.106.245,225,274692
150.75.36.204,16,768
203.77.23.58,37,1776
133.149.119.68,1,40
163.33.250.183,1,40
203.77.118.188,1235,1849619
150.75.77.244,1,40
133.149.255.150,2,80
150.75.1.39,1,40
203.77.125.33,2169,3239140
203.77.118.106,40,2530
163.33.112.186,1,40
150.75.19.217,1,40
133.11.68.79,1,40
133.149.129.65,10,400
203.77.64.191,1,40
203.77.124.238,1,40
203.77.115.51,16,1140
133.11.70.129,63,6698
133.149.142.66,2,108
163.33.57.34,19,988
150.75.124.188,4,370
202.204.60.245,504,619395
163.33.15.240,2,80
163.33.251.168,1,40
202.198.44.138,99,18517
163.33.48.34,1,40
133.149.79.78,1,40
163.33.168.90,3,167
150.75.98.78,1,40
133.149.66.236,1,44
133.149.76.152,1,40
133.149.198.122,1,40
133.149.215.252,1,44
150.75.204.48,1,40
133.11.67.73,1,68
133.11.103.159,1,40
150.75.207.85,1,40
203.77.54.15,1,40
150.75.216.85,1,40
203.77.122.57,25,2010
203.77.127.49,10,604
163.33.42.164,1,40
150.75.52.58,1,40
150.75.125.241,4,192
133.149.173.251,1,40
150.75.98.241,8,384
150.75.121.193,1,40
150.75.196.118,1,40
133.11.69.148,75,4590
150.75.18.170,1,40
133.149.7.62,1,40
202.198.47.107,1,40
202.198.11.29,2,84
133.149.238.245,9,432
150.75.31.197,1,40
133.11.79.162,1,40
163.33.41.175,1,40
133.11.85.80,1,40
133.11.70.139,39,4177
203.77.63.196,24,1152
133.149.36.14,1,40
133.149.242.185,1,40
133.149.98.70,1,40
133.149.233.30,1,40
133.149.153.138,1,68
133.149.47.62,1,68
203.77.45.209,21,1008
133.149.234.56,1,40
133.11.71.190,1,40
133.149.114.18,1,40
163.33.34.233,1,40
133.149.42.239,1,40
202.198.57.137,1,40
150.75.178.134,1,40
133.149.239.10,33,1584
202.198.44.179,2487,3256040
150.75.17.109,1,40
133.11.91.26,1,40
133.11.96.253,1,40
133.149.79.52,1,40
202.198.43.78,1,40
203.77.127.32,23,1701
163.33.237.30,1,40
133.149.243.114,1,40
163.33.14.196,29,1392
203.77.118.202,170,12908
150.75.212.64,3,120
150.75.234.233,2,80
133.149.140.51,1,40
150.75.92.127,13,624
150.75.102.140,1,40
163.33.140.61,271,37843
133.11.70.140,67,6531
202.204.56.183,4,1007
163.33.241.103,1,40
203.77.126.80,18,1063
133.149.22.141,1,40
133.11.94.218,3,120
163.33.93.184,54,27040
163.33.94.211,16,4359
163.33.92.210,84,107023
133.149.182.78,1,68
163.33.237.79,1,40
150.75.78.64,1,40
133.11.95.104,1,40
163.33.87.10,1,40
133.149.185.19,1,52
150.75.166.167,1,40
163.33.19.65,1,40
150.75.234.42,2,80
202.198.11.139,1,40
133.149.103.87,1,40
133.149.176.32,1,44
203.77.106.236,21,4035
163.33.34.189,1,40
133.149.82.167,1,40
163.33.19.183,49,12818
150.75.99.226,1,40
163.33.95.123,13,1790
133.149.155.19,1,40
150.75.51.160,1,40
150.75.80.234,1,40
133.149.149.203,1,68
203.77.65.151,1,40
203.77.115.33,89,8812
150.75.110.150,1,48
150.75.2.62,1,40
133.149.98.182,1,40
133.149.160.197,1,40
163.33.170.224,1,40
202.198.15.223,86,5884
150.75.243.197,1,40
163.33.178.116,1,40
203.77.13.35,12,576
133.11.70.195,65,4153
133.11.106.58,2,80
133.11.69.194,76,4418
150.75.251.54,1,40
133.11.66.202,1,68
133.149.64.158,1,68
133.149.154.238,1,40
133.149.104.129,1,40
133.149.27.90,6,288
133.149.233.219,1,40
133.11.120.249,1,40
150.75.137.14,1,40
203.77.85.74,4,160
163.33.34.114,1,40
133.11.123.27,1,40
133.11.97.37,1,40
133.149.70.220,1,68
163.33.43.176,1,40
150.75.104.239,1,40
133.11.70.136,32,3215
163.33.250.221,1,89
150.75.18.141,1,40
133.149.206.210,1,68
133.11.70.128,110,11361
133.11.70.159,98,10026
133.149.125.208,1,68
202.204.58.253,51,26619
133.149.61.158,1,68
133.149.75.180,1,40
202.198.56.223,1,40
202.204.58.214,10,866
163.33.95.52,5,260
203.77.90.211,1,40
150.75.62.11,102,5894
203.77.115.43,13,728
133.149.153.145,1,40
133.11.70.144,81,8770
150.75.232.25,1,40
202.198.11.182,1,44
150.75.71.6,1,40
133.149.175.42,1,68
133.149.72.181,1,40
163.33.62.156,9,432
150.75.7.166,1,44
133.149.254.230,2,80
203.77.69.41,1,40
163.33.2.165,37,1776
150.75.150.127,1,40
163.33.211.7,3,462
133.149.241.85,1,68
203.77.74.73,1,40
133.149.152.18,22,1056
133.149.87.128,7,328
202.198.51.80,24,1152
133.149.98.226,1,40
203.77.28.78,1,40
150.75.125.207,1,40
133.149.238.255,1,68
163.33.54.164,7,336
133.149.2.253,64,3072
133.149.87.238,1,40
202.198.42.215,1,40
163.33.169.184,1,40
150.75.34.0,1,52
133.149.129.98,1,40
150.75.129.25,2,1152
163.33.139.2,1,44
133.149.246.2,1,40
133.149.156.178,1,40
203.77.11.118,1,40
133.11.127.141,1,68
203.77.116.214,7,924
203.77.100.255,1,40
163.33.173.38,1,40
133.149.95.210,1,68
133.11.85.26,1,68
203.77.20.205,1,60
150.75.114.173,1,40
133.149.29.28,1,68
133.149.132.12,1,32
133.149.26.150,1,44
133.149.89.47,1,68
163.33.222.66,11,528
163.33.90.60,1,40
133.149.255.34,1,40
150.75.149.168,1,40
133.149.7.200,1,40
163.33.203.33,15,1072
202.198.50.31,1,40
203.77.116.226,14,588
150.75.43.101,1,40
163.33.19.85,1,40
203.77.122.155,1,40
203.77.68.13,19,912
150.75.96.74,28,1344
203.77.39.127,19,912
133.11.70.196,1,68
163.33.7.145,1,40
133.149.118.97,1,40
133.149.106.5,1,68
163.33.135.75,1,40
163.33.161.128,1,44
133.149.35.59,1,68
163.33.140.133,13,1676
133.149.155.120,1,40
163.33.201.51,1097,1640360
150.75.63.125,62,3666
133.11.70.150,29,3009
203.77.2.235,1,40
150.75.65.133,1,40
133.149.156.187,1,40
150.75.83.183,28,1344
163.33.14.95,1,40
203.77.47.48,26,1248
133.149.221.53,1,68
133.149.228.252,1,68
150.75.80.115,1,40
150.75.248.134,2,80
133.149.143.204,1,40
133.149.94.187,1,44
133.149.47.130,1,40
203.77.122.165,3,162
133.149.202.151,1,40
133.149.104.210,1,40
133.149.22.138,1,40
150.75.242.200,1,40
150.75.133.143,1,40
150.75.108.70,1,40
150.75.243.170,1,40
133.149.85.120,1,68
150.75.186.23,1,40
150.75.129.93,1,52
163.33.141.20,154,193103
203.77.127.81,6,504
133.11.74.174,1,68
163.33.53.82,1,40
133.11.70.143,79,8253
163.33.251.79,1,40
133.149.126.180,1,40
163.33.140.157,44,19322
133.149.165.0,1,40
163.33.229.107,1,40
150.75.65.202,1,40
203.77.68.178,1,40
133.149.248.58,1,40
163.33.210.92,1,40
150.75.130.219,2,80
150.75.63.99,64,3993
150.75.223.21,1,40
163.33.19.173,1,160
150.75.165.154,1,40
203.77.9.41,1,40
133.149.217.197,2,108
163.33.62.66,8,384
163.33.93.135,98,57080
133.149.24.135,16,768
150.75.184.157,1,40
150.75.186.18,1,40
150.75.197.83,14,672
150.75.219.72,2,84
133.149.42.167,1,68
133.149.163.46,1,40
150.75.102.200,1,40
163.33.93.153,16,832
133.149.232.148,1,40
202.204.58.211,1,114
150.75.192.152,1,40
163.33.45.136,1,40
150.75.35.40,1,40
133.149.4.166,1,44
133.11.67.119,1,68
163.33.203.75,1,40
163.33.191.103,12,1375
133.149.4.153,1,40
163.33.45.153,1,40
202.198.14.131,1,44
202.204.60.12,15,4496
163.33.92.126,1,40
203.77.97.94,1,40
133.149.41.189,1,68
133.149.155.163,1,40
133.149.51.163,1,68
133.149.118.134,20,960
202.198.48.142,1,40
202.198.15.145,1,40
150.75.73.63,1,40
150.75.124.171,13,624
150.75.159.76,1,40
133.149.70.33,1,40
133.149.204.94,1,40
133.149.22.192,1,40
150.75.59.170,1,44
150.75.164.180,1,40
150.75.63.1,25,1200
163.33.122.214,1,40
133.149.106.88,1,40
133.11.70.152,28,2957
133.149.248.131,1,40
150.75.45.173,1,44
163.33.104.165,1,40
150.75.62.28,73,4326
133.149.120.188,1,68
163.33.104.31,1,40
163.33.204.184,1,40
203.77.127.55,29,1804
150.75.64.63,1,40
133.149.191.34,1,68
163.33.121.8,1,40
202.25.109.121,114,43471
202.204.62.177,2,80
163.33.217.246,1,40
202.198.14.180,1,44
150.75.36.87,1,40
133.11.74.35,1,40
150.75.230.192,2,80
150.75.234.62,1,40
163.33.57.161,2,82
133.149.203.205,1,68
150.75.227.39,1,40
150.75.163.222,1,40
163.33.130.74,1,40
163.33.25.5,1,52
163.33.30.119,2,80
133.11.71.161,1,40
163.33.235.21,1,50
150.75.15.158,1,40
163.33.66.47,1,40
133.149.208.147,1,68
203.77.123.142,1,40
203.77.78.225,1,40
163.33.243.183,1,40
150.75.233.222,1,40
203.77.124.168,4,336
203.77.14.67,1,40
133.149.73.150,1,40
163.33.201.199,4,192
150.75.55.154,1,44
133.149.63.21,1,40
203.77.120.229,24,7387
133.149.125.27,1,40
133.11.70.149,72,7157
150.75.139.53,1,40
133.149.139.233,1,60
133.11.70.156,64,6662
133.149.138.36,26,1248
150.75.44.164,1,76
133.149.146.80,1,68
133.149.30.74,1,40
163.33.143.2,1,40
203.77.47.60,1,40
150.75.239.112,27,1296
133.11.89.254,1,40
150.75.98.134,1,40
133.149.204.42,1,40
163.33.165.120,1,40
150.75.111.168,1,40
133.149.185.1,1,68
202.204.59.184,1,44
163.33.89.208,1,40
133.149.86.200,1,40
163.33.195.186,14,1562
202.198.41.249,1,40
133.149.199.92,1,68
133.11.70.215,16,1218
203.77.124.2,2,188
133.149.8.185,1,40
133.11.82.172,1,40
202.198.10.226,1,40
133.149.87.11,1,68
150.75.7.4,1,40
163.33.227.133,1,40
163.33.116.24,6,2430
150.75.51.58,1,40
133.149.243.103,1,40
163.33.83.16,1,40
163.33.198.227,1,30
133.149.6.84,1,40
202.198.53.55,1,40
203.77.19.75,1,44
203.77.96.19,1,40
133.11.70.138,77,7802
133.149.67.62,1,44
133.11.70.142,61,6193
203.77.74.59,1,40
133.11.98.88,1,68
150.75.29.241,1,40
150.75.138.182,1,40
133.149.137.154,1,40
133.149.116.90,1,44
163.33.169.32,1,40
202.204.61.232,1,40
163.33.71.122,10,3453
163.33.93.178,6,1123
150.75.2.235,1,40
133.149.72.144,1,40
163.33.52.242,1,76
150.75.32.96,1,48
163.33.92.198,696,987386
203.77.95.148,1,40
163.33.137.107,1,44
203.77.123.52,1,40
133.11.97.61,1,68
203.77.57.183,19,912
203.77.23.246,16,768
203.77.82.170,16,768
163.33.205.154,1,40
163.33.186.219,1,44
150.75.146.130,1,40
202.198.23.134,1,40
163.33.58.64,1,44
133.149.76.42,1,40
163.33.93.237,3,377
202.204.58.147,1,40
202.198.20.197,1,40
203.77.1.200,1,52
133.149.55.216,1,40
150.75.129.230,1,40
150.75.250.247,1,40
150.75.230.96,1,40
163.33.237.205,1,44
133.149.209.88,1,40
133.149.14.244,1,44
203.77.56.195,1,40
163.33.70.232,1,40
133.149.152.63,1,40
133.149.219.74,1,40
163.33.210.202,1,40
203.77.55.91,1,40
203.77.99.12,1,40
202.198.5.32,1,40
202.198.11.129,1,40
150.75.212.189,1,40
133.11.75.130,1,44
163.33.183.242,1,44
163.33.243.76,1,40
163.33.44.43,1,40
133.149.22.242,1,40
203.77.56.158,1,40
202.198.54.31,1,60
203.77.21.219,1,52
163.33.70.127,1,40
150.75.21.188,1,40
163.33.87.85,1,40
150.75.160.21,1,40
150.75.231.54,1,40
163.33.239.122,1,40
202.198.62.4,1,40
133.149.121.189,7,336
202.198.0.83,1,40
133.149.64.46,1,40
150.75.43.244,1,40
150.75.167.31,1,40
133.149.164.195,1,40
150.75.168.90,1,44
203.77.125.202,1,40
203.77.115.6,15,816
202.198.11.171,1,40
163.33.116.154,1,40
163.33.167.55,1,40
203.77.2.110,1,40
163.33.175.13,2,104
163.33.77.65,1,40
163.33.47.133,1,40
202.198.29.231,20,960
133.149.18.182,1,40
133.149.82.13,1,40
150.75.125.52,1,40
133.149.134.156,1,40
163.33.148.4,1,40
163.33.95.127,1,40
163.33.141.183,2,104
163.33.197.232,4,592
163.33.209.74,1,40
203.77.118.109,14,1241
133.11.70.151,41,4029
203.77.90.201,1,52
150.75.152.201,1,40
150.75.52.124,1,60
133.149.231.84,1,44
203.77.89.157,1,40
163.33.84.186,1,40
150.75.102.58,1,40
150.75.66.116,1,40
203.77.122.235,4,412
163.33.21.58,1,40
133.11.104.134,1,40
163.33.189.126,1,40
202.198.40.73,1,40
133.149.172.254,5,240
133.149.25.106,1,40
150.75.10.175,1,40
163.33.232.166,3,295
133.149.149.100,1,40
202.204.62.176,17,4525
202.198.57.156,1,40
163.33.54.31,1,44
133.11.88.14,1,40
202.198.0.116,1,40
202.25.109.151,1,40
133.11.85.116,1,68
202.198.50.96,1,40
202.198.10.63,1,40
150.75.202.207,1,40
202.198.21.205,1,40
163.33.244.50,1,40
150.75.221.231,1,40
203.77.52.188,1,40
202.198.53.62,1,40
203.77.54.178,1,40
150.75.149.245,1,44
203.77.90.98,1,40
150.75.165.134,1,44
133.149.197.58,1,68
133.149.95.74,1,79
133.11.92.54,1,40
150.75.245.245,1,40
133.149.111.197,1,40
150.75.51.253,1,40
163.33.111.197,1,44
163.33.114.23,10,480
133.149.7.141,1,68
202.198.55.98,1,40
133.149.42.88,1,40
133.11.125.52,1,68
163.33.55.140,1,40
133.11.70.130,68,6567
133.149.185.157,1,40
203.77.113.221,1,40
163.33.63.128,7,1981
150.75.13.225,1,44
163.33.93.112,28,5527
163.33.211.202,1,40
133.11.75.12,1,68
150.75.171.210,2,84
163.33.41.100,17,816
163.33.109.40,3,244
133.11.70.22,1,40
133.11.70.148,41,4056
133.149.176.248,1,44
163.33.92.180,7,1761
133.149.212.218,1,576
133.11.125.253,1,68
203.77.118.114,1,40
163.33.209.129,182,39501
133.149.157.42,1,40
150.75.87.13,1,40
150.75.178.187,1,40
163.33.125.23,1,44
150.75.209.161,2,80
150.75.123.136,1,40
150.75.58.36,1,40
163.33.52.181,1,40
163.33.80.255,1,40
133.149.131.67,1,40
133.149.254.120,2,100
203.77.14.224,1,40
163.33.148.16,1,40
163.33.131.59,1,40
133.11.113.99,1,40
133.149.76.225,1,40
163.33.201.233,1,44
133.149.137.22,1,40
150.75.76.136,1,40
133.149.177.243,1,40
133.149.53.9,1,40
133.149.145.21,11,528
133.149.206.28,1,68
133.11.78.101,1,68
133.149.102.113,1,68
133.149.152.151,1,68
163.33.123.133,1,40
150.75.212.12,1,40
163.33.93.34,9,841
203.77.115.42,990,1481392
163.33.107.205,12,2737
203.77.118.176,11,985
150.75.26.92,1,44
203.77.124.210,1,40
203.77.13.78,1,40
133.149.255.18,1,68
150.75.27.2,1,40
133.149.215.212,1,40
163.33.216.168,1,44
163.33.219.250,1,40
133.149.162.211,1,68
203.77.120.137,1,44
163.33.117.14,1,40
133.11.118.6,1,40
150.75.203.132,1,40
203.77.68.245,1,40
133.149.199.179,1,40
133.149.35.144,1,40
150.75.162.142,1,40
133.149.146.128,1,56
133.149.25.164,1,44
163.33.20.45,1,40
163.33.174.25,3,275
150.75.163.75,1,40
133.149.101.19,1,68
133.149.190.46,1,40
203.77.116.233,2,288
133.149.247.84,1,576
133.149.198.99,1,40
133.149.253.32,1,40
133.149.59.190,1,40
133.149.25.211,19,912
133.11.109.78,1,40
150.75.224.22,1,40
133.11.122.122,1,40
163.33.251.212,1,40
133.149.136.142,1,68
150.75.254.127,1,40
163.33.33.175,13,624
163.33.63.169,5,356
150.75.63.105,1,40
133.149.26.41,2,80
163.33.219.46,1,44
133.149.51.162,1,40
133.11.84.208,1,40
133.149.38.108,1,52
133.149.155.14,1,40
163.33.92.66,229,304533
203.77.35.196,5,240
163.33.9.80,1,52
163.33.174.246,1,40
163.33.121.29,1,40
163.33.232.14,1,40
133.149.190.94,1,40
133.11.64.227,1,44
133.11.75.87,1,52
202.198.60.28,1,40
163.33.193.100,16,768
203.77.33.14,1,40
133.149.35.25,8,384
133.149.253.203,1,40
133.149.75.165,1,44
203.77.115.44,1,40
150.75.211.227,1,576
203.77.115.0,14,649
150.75.27.106,1,40
163.33.66.156,1,40
150.75.12.144,1,40
163.33.224.22,1,40
150.75.254.18,1,44
163.33.63.174,3,269
150.75.33.189,1,44
133.11.98.154,1,44
133.149.250.172,1,44
150.75.137.234,2,80
133.11.118.90,1,40
163.33.96.142,1,44
163.33.80.4,1,40
163.33.201.60,1,40
163.33.32.173,1,40
133.149.172.208,1,40
202.198.49.10,22,1056
163.33.252.81,1,40
133.149.140.227,27,1296
133.11.70.155,27,2562
150.75.152.43,1,257
150.75.39.48,1,40
150.75.164.181,1,40
203.77.23.43,1,40
163.33.92.109,5,462
163.33.92.232,17,14364
133.11.124.4,1,40
133.149.164.12,1,40
150.75.43.234,1,44
163.33.41.234,1,40
133.149.45.204,1,40
203.77.34.33,2,84
163.33.22.7,28,1344
163.33.234.193,1,40
203.77.23.146,1,40
163.33.84.205,1,40
163.33.152.207,1,40
202.204.56.145,4,196
150.75.14.180,1,40
203.77.93.27,1,40
133.149.216.47,1,40
150.75.209.7,1,40
150.75.93.124,11,528
133.149.6.178,1,40
150.75.17.49,1,40
203.77.118.218,3,392
150.75.14.65,1,40
163.33.143.76,1,40
133.149.46.117,1,44
150.75.101.205,1,40
133.149.26.48,1,60
133.11.70.180,6,272
163.33.66.142,1,40
163.33.208.136,1,40
203.77.115.197,6,837
163.33.153.154,1,40
133.149.103.136,1,40
133.149.172.158,1,40
133.149.215.148,1,44
150.75.222.58,1,40
163.33.93.100,11,5581
133.149.219.27,7,336
203.77.5.23,1,40
203.77.108.50,1,40
163.33.127.57,1,40
202.198.33.150,1,40
133.149.109.242,1,40
133.149.181.45,1,40
163.33.189.132,1,40
133.149.163.72,1,40
163.33.134.39,1,40
133.149.189.98,1,40
133.149.30.188,1,40
150.75.21.173,1,40
202.198.17.146,1,40
163.33.146.233,1,40
202.198.2.220,1,40
133.149.51.109,1,40
133.11.80.10,1,40
163.33.128.1,1,40
202.204.62.10,1,40
150.75.123.176,1,40
133.149.87.53,1,40
203.77.97.235,1,40
133.149.94.52,1,40
133.149.181.186,1,40
163.33.245.144,1,40
150.75.147.23,1,40
150.75.209.101,1,40
133.149.216.170,1,40
202.198.43.198,1,40
133.149.201.205,1,40
163.33.95.251,2,92
150.75.60.127,1,40
133.11.90.85,1,40
203.77.98.16,1,40
202.198.42.51,1,40
150.75.112.76,1,48
202.198.22.16,1,40
150.75.53.21,1,40
133.11.69.217,1,40
133.11.125.20,1,40
133.149.65.73,1,40
133.149.239.103,1,40
163.33.196.44,1,40
163.33.162.122,1,40
163.33.89.204,1,40
163.33.187.235,1,40
150.75.44.115,1,40
150.75.44.106,1,576
163.33.92.16,96,107537
163.33.65.46,75,112500
163.33.166.52,2,80
133.149.243.184,5,453
203.77.30.122,1,52
133.149.154.147,1,68
133.149.113.192,1,40
133.149.186.26,1,40
133.149.248.16,1,68
202.204.62.51,1,40
133.149.36.129,1,40
133.11.100.84,1,132
150.75.5.121,1,40
150.75.211.171,1,40
133.11.70.158,61,5851
163.33.143.19,2,90
202.204.60.85,9,1693
133.149.230.115,1,68
150.75.209.184,1,40
133.11.122.157,1,40
133.149.158.229,1,40
163.33.165.92,1,40
133.11.71.253,1,40
133.149.203.19,1,40
163.33.22.129,1,40
150.75.254.115,1,40
202.198.44.27,1,40
163.33.118.240,1,58
150.75.235.104,1,60
163.33.57.150,1,40
150.75.74.119,1,40
163.33.234.231,3,136
163.33.9.5,4,240
150.75.94.6,1,40
133.149.217.39,1,40
150.75.83.168,1,40
133.149.179.218,1,40
133.149.187.69,1,68
202.204.57.175,1,40
133.149.181.209,1,68
133.149.86.56,1,40
133.11.105.110,1,40
133.149.225.189,1,44
163.33.33.214,21,1008
133.149.80.36,1,68
150.75.246.72,1,40
133.11.91.98,1,40
150.75.37.171,1,40
163.33.45.62,1,40
202.198.35.11,1,40
133.149.144.206,1,68
202.204.56.4,1,40
163.33.94.29,12,4261
163.33.229.74,1,40
133.149.124.148,1,40
133.11.106.10,1,40
133.149.143.86,1,68
203.77.14.7,1,40
163.33.112.97,1,40
163.33.77.37,1,40
150.75.128.49,1,40
133.11.110.42,1,68
133.11.96.228,1,40
150.75.1.42,1,40
133.149.161.232,1,68
202.198.50.45,1,40
133.149.244.34,1,60
133.149.160.245,1,40
163.33.208.102,1,40
133.149.86.173,1,48
133.149.238.19,1,40
133.149.29.218,1,40
163.33.84.53,3,455
163.33.111.128,1,40
133.149.160.110,1,44
150.75.19.106,1,40
202.198.36.45,1,40
163.33.191.243,1,103
150.75.228.96,1,40
133.149.58.39,1,68
203.77.120.28,8,384
133.11.102.114,1,40
133.149.116.62,1,40
133.149.153.28,1,68
133.149.236.88,1,40
203.77.57.72,1,40
150.75.125.37,6,312
203.77.99.209,2,768
150.75.98.204,1,44
202.198.33.188,1,44
133.149.143.254,1,68
163.33.139.60,1,44
203.77.102.23,1,40
133.149.211.11,1,68
150.75.39.116,1,40
133.11.105.98,1,40
150.75.130.75,1,44
150.75.178.226,1,220
203.77.30.253,1,40
150.75.94.214,1,44
150.75.169.38,7,336
150.75.204.155,1,40
133.149.174.24,1,40
150.75.205.84,1,40
133.149.192.140,1,40
150.75.149.82,1,40
133.149.8.131,1,68
150.75.131.17,1,40
163.33.4.38,1,40
203.77.117.122,1,40
150.75.110.67,1,40
163.33.238.223,1,44
163.33.119.68,1,40
163.33.122.180,7,328
133.149.10.243,32,1280
133.149.113.197,1,44
150.75.187.124,1,40
133.149.107.123,1,40
133.11.122.100,1,44
150.75.96.104,1,40
133.149.13.3,1,40
150.75.143.177,1,40
203.77.30.227,1,44
133.149.95.156,1,68
203.77.67.8,1,44
133.149.203.54,1,40
163.33.92.112,22,4788
133.149.164.108,1,40
203.77.117.242,1,40
133.11.70.184,1,48
150.75.96.198,1,40
133.11.79.110,1,40
150.75.67.47,1,40
133.11.72.32,1,68
163.33.24.245,1,40
150.75.42.52,1,40
163.33.250.136,1,40
150.75.162.0,1,40
150.75.97.41,1,40
133.149.201.30,1,40
163.33.112.37,1,40
163.33.82.221,1,40
163.33.10.93,1,40
150.75.102.214,1,40
133.149.9.141,1,40
133.149.255.144,1,40
150.75.2.213,1,40
203.77.125.247,1,40
150.75.80.22,2,80
150.75.187.38,1,40
133.11.114.120,1,40
203.77.74.250,2,80
150.75.46.86,1,40
202.204.56.142,1,44
150.75.31.236,1,40
150.75.55.153,1,40
150.75.198.164,4,192
133.149.34.103,1,40
150.75.207.185,1,40
163.33.224.113,1,40
163.33.34.13,1,44
133.149.70.35,1,40
133.11.92.40,1,40
163.33.158.101,1,44
133.149.145.53,19,912
133.149.177.132,1,40
203.77.25.48,1,40
203.77.5.121,18,864
150.75.168.103,1,40
150.75.92.61,1,40
163.33.210.217,1,40
203.77.58.189,1,44
202.198.55.68,1,40
133.149.16.92,1,40
163.33.245.248,1,40
133.149.253.89,1,40
163.33.254.226,1,40
150.75.214.135,7,336
163.33.153.139,1,40
133.149.230.102,1,40
150.75.37.84,1,40
203.77.12.224,1,40
133.149.235.148,1,40
133.149.26.124,1,40
133.149.60.183,1,40
163.33.95.255,7,7566
133.149.77.199,1,40
202.204.63.216,1,40
150.75.83.198,1,40
150.75.232.123,1,40
150.75.169.0,1,40
163.33.76.10,1,40
133.149.27.22,1,132
133.11.101.29,1,44
150.75.53.147,1,40
163.33.27.218,1,40
150.75.42.130,1,40
150.75.75.206,1,576
133.149.140.105,1,40
133.11.94.181,1,48
163.33.149.142,1,40
150.75.169.255,1,40
133.149.199.148,1,44
203.77.27.161,1,40
163.33.230.51,1,40
150.75.36.160,1,40
163.33.180.198,1,40
150.75.204.136,1,40
133.149.17.254,1,40
133.11.94.188,1,40
133.149.163.14,1,40
163.33.183.27,1,40
163.33.60.192,1,40
202.198.16.48,1,40
133.149.2.142,1,68
202.198.34.210,1,40
133.11.79.128,1,40
133.11.100.186,1,40
150.75.68.89,1,40
202.198.44.112,2,1634
150.75.110.178,1,40
163.33.52.217,1,40
133.149.225.106,1,40
150.75.190.202,1,40
202.198.44.248,5,462
203.77.65.255,2,80
163.33.6.169,1,40
203.77.43.68,1,40
203.77.17.246,1,40
203.77.101.114,1,40
133.149.146.175,1,68
133.149.158.71,1,68
133.11.98.55,1,40
163.33.233.125,1,40
163.33.244.106,1,40
150.75.228.64,1,44
163.33.152.31,1,40
133.149.102.43,1,68
163.33.41.95,1,40
163.33.155.203,1,40
150.75.108.54,1,40
203.77.17.197,1,40
203.77.24.233,1,40
133.149.55.190,1,68
133.149.96.97,1,68
150.75.178.30,1,40
163.33.212.39,1,40
202.198.63.94,1,40
133.11.91.199,1,40
163.33.17.86,1,40
163.33.23.140,1,40
203.77.3.95,1,40
203.77.93.75,1,40
133.149.164.11,16,768
203.77.49.131,1,40
133.149.104.97,1,44
133.11.101.219,1,68
163.33.95.184,1,40
150.75.148.101,1,40
163.33.200.209,1,40
133.149.53.185,1,68
203.77.47.227,1,40
163.33.197.10,15,720
203.77.61.130,1,40
150.75.178.23,1,40
203.77.126.189,1,40
203.77.96.87,1,40
163.33.168.139,1,40
202.204.59.178,2,80
133.149.43.120,1,44
133.11.70.203,4,364
150.75.40.109,1,40
203.77.25.196,1,40
133.149.3.108,1,40
150.75.200.248,1,44
202.204.62.6,346,350837
133.149.27.176,1,40
133.149.111.165,1,40
203.77.36.28,1,40
133.149.75.252,1,68
203.77.100.155,1,40
133.149.15.10,1,45
163.33.207.134,1,40
133.149.209.252,1,40
150.75.144.200,1,40
202.198.2.23,1,40
163.33.207.111,1,40
202.198.11.138,1,40
150.75.163.232,2,84
133.11.95.252,1,40
203.77.47.224,2,80
203.77.101.123,1,40
163.33.10.53,1,40
133.149.19.235,1,68
163.33.55.171,1,40
163.33.181.28,1,40
133.149.22.213,1,40
203.77.126.179,2,80
163.33.92.179,612,865274
203.77.127.132,1,40
133.149.252.240,1,68
163.33.69.146,1,40
133.149.204.16,1,28
163.33.140.138,1,40
150.75.250.8,1,40
203.77.102.199,1,40
203.77.118.12,1,40
133.11.70.131,37,3802
133.149.107.238,1,40
163.33.106.128,1,40
133.149.232.243,1,40
163.33.216.0,1,40
133.149.185.232,1,68
150.75.152.53,1,40
150.75.135.196,1,40
150.75.153.82,1,40
202.198.36.102,2,80
163.33.185.162,1,40
133.149.13.85,1,40
133.149.100.77,1,40
133.149.90.103,1,40
133.149.157.234,1,68
150.75.48.31,1,40
163.33.23.159,1,40
133.149.43.80,1,68
133.149.15.111,1,68
163.33.62.78,1,40
133.11.99.22,1,68
133.149.177.101,1,40
163.33.137.21,1,56
163.33.52.195,1,40
203.77.17.224,9,360
133.149.21.18,1,40
133.149.9.64,1,68
163.33.166.94,1,40
203.77.94.210,1,60
163.33.195.252,2,80
163.33.7.29,1,40
133.149.13.107,3,372
203.77.43.137,1,40
202.198.43.146,1,40
163.33.242.75,1,40
133.11.90.115,1,40
133.149.185.223,1,40
150.75.113.94,1,40
133.149.76.32,1,40
163.33.94.170,2,104
203.77.69.133,1,40
133.149.245.190,11,528
133.11.90.234,1,40
203.77.2.13,1,40
150.75.40.43,1,40
133.11.91.118,1,68
163.33.56.241,1,40
203.77.19.5,1,40
133.11.70.214,8,1037
163.33.56.127,1,40
133.11.81.56,1,68
133.149.22.27,8,384
203.77.93.58,1,40
203.77.3.91,1,40
133.149.212.171,1,40
202.198.40.159,1,40
150.75.125.60,6,324
150.75.225.152,1,40
163.33.2.191,1,40
133.149.74.88,2,80
163.33.61.189,2,397
163.33.26.247,1,40
133.149.149.154,1,68
133.149.36.153,1,40
133.149.163.102,1,68
150.75.83.107,1,40
202.198.6.62,1,40
133.149.43.16,1,44
133.149.115.90,1,68
133.149.146.234,1,68
203.77.6.94,1,40
202.198.43.134,1,40
133.149.234.74,1,40
133.149.90.6,1,40
150.75.227.34,1,40
133.149.102.79,1,40
202.198.22.154,1,40
133.11.95.92,1,40
133.11.95.64,1,40
133.149.64.55,1,68
150.75.125.206,1,44
150.75.2.169,1,40
203.77.51.177,1,40
150.75.5.128,1,40
202.198.42.157,1,40
163.33.231.247,1,40
150.75.48.176,1,40
133.11.72.237,1,68
150.75.212.125,1,40
133.11.84.55,1,40
133.11.85.40,1,40
133.11.111.37,1,68
202.198.32.45,1,40
133.11.70.145,36,3742
133.149.75.96,1,40
150.75.3.47,1,40
133.149.6.52,1,40
150.75.246.242,1,44
133.149.178.95,1,40
163.33.92.196,16,2378
150.75.36.211,1,40
133.149.102.44,1,68
133.11.104.133,5,240
202.25.109.72,1,40
163.33.68.47,1,40
133.149.250.171,1,40
150.75.215.77,2,80
203.77.50.201,1,40
133.11.123.16,1,40
163.33.210.226,1,40
133.149.132.150,1,68
203.77.120.69,1,40
163.33.0.252,2,80
203.77.76.184,1,40
202.204.56.96,1,40
133.149.46.156,1,40
163.33.58.161,1,40
150.75.32.101,1,40
133.149.201.184,1,40
163.33.169.119,1,40
163.33.199.159,4,208
150.75.233.159,1,40
203.77.120.158,14,655
133.11.100.12,1,44
133.149.84.144,1,68
133.11.69.163,1,40
133.149.73.192,1,68
133.149.74.14,2,80
133.149.46.229,1,68
133.149.210.198,1,40
150.75.172.103,1,40
150.75.141.208,16,768
163.33.59.170,13,6081
150.75.116.143,1,40
203.77.29.9,1,44
202.204.56.154,10,1792
163.33.163.212,1,40
163.33.93.186,1,40
163.33.125.94,1,44
163.33.18.217,1,40
202.198.40.147,1,40
150.75.21.153,1,40
133.149.119.58,1,40
163.33.56.239,1,40
150.75.61.116,1,40
203.77.66.248,1,40
133.149.36.200,1,68
203.77.86.13,1,44
150.75.0.253,1,40
163.33.28.94,1,40
163.33.231.61,1,40
163.33.138.82,2,104
150.75.144.17,1,40
133.11.83.73,1,40
150.75.192.52,2,80
163.33.182.137,6,312
133.149.53.224,1,40
133.149.39.110,1,40
133.11.70.157,38,3838
133.149.117.110,1,68
203.77.50.133,1,44
133.149.21.244,1,40
133.11.89.210,1,68
133.11.64.22,1,40
202.198.44.200,3,144
203.77.64.147,1,40
150.75.3.207,2,88
163.33.41.200,1,40
133.149.240.162,1,68
163.33.198.230,1,40
150.75.244.95,1,52
133.149.179.194,1,52
133.149.6.113,1,40
163.33.191.10,1,44
163.33.255.194,1,40
133.11.112.209,1,40
133.149.53.76,1,68
163.33.204.197,1,40
133.149.109.223,1,44
133.149.46.246,1,68
133.149.236.65,1,68
163.33.113.164,1,40
133.11.112.58,1,40
133.149.122.66,1,40
150.75.242.228,1,60
150.75.55.186,1,40
163.33.70.177,1,40
202.198.9.32,1,40
202.198.9.250,1,40
133.149.131.31,1,68
202.198.57.243,1,44
203.77.96.184,1,44
150.75.47.153,1,40
150.75.186.114,1,40
203.77.120.249,14,1763
133.149.2.122,1,576
150.75.166.255,1,40
203.77.29.173,1,40
133.149.23.28,1,40
202.198.34.229,1,40
133.149.25.101,1,68
203.77.103.30,14,672
133.149.38.180,1,68
150.75.48.168,1,40
150.75.194.68,1,40
133.149.104.113,1,40
163.33.35.216,1,40
163.33.136.151,1,40
163.33.122.207,1,40
203.77.44.112,1,40
133.11.126.45,1,68
133.149.64.215,1,40
133.149.155.178,1,40
133.11.83.47,1,40
133.149.50.179,1,40
203.77.115.218,1,60
133.11.68.4,1,48
133.149.53.190,1,68
163.33.21.106,1,40
150.75.246.191,1,44
163.33.117.154,1,40
163.33.237.78,1,40
163.33.116.50,7,929
133.149.112.249,1,68
133.149.6.69,1,40
150.75.73.235,1,40
133.149.144.231,1,40
133.11.98.205,1,68
163.33.170.15,1,40
163.33.227.147,1,40
163.33.123.169,1,40
150.75.248.179,1,40
202.204.61.208,1,40
133.149.235.226,1,60
133.149.237.217,1,40
133.149.194.101,2,80
150.75.31.115,1,40
150.75.103.180,1,40
203.77.30.131,1,40
133.149.50.143,1,40
203.77.71.159,1,40
163.33.250.23,1,40
163.33.210.233,1,40
163.33.201.246,1,40
133.149.164.64,1,40
163.33.125.3,1,44
150.75.175.86,1,40
202.198.21.30,1,40
133.11.70.134,36,3091
163.33.216.37,1,40
163.33.43.133,1,48
133.11.113.30,1,68
133.149.62.21,1,68
202.204.60.99,1,44
133.149.76.52,1,68
150.75.216.26,1,40
202.198.15.8,1,40
133.11.72.82,1,40
150.75.156.95,1,40
150.75.113.116,1,40
203.77.118.5,1,44
133.149.145.177,1,40
133.149.178.246,1,60
133.149.104.40,1,68
133.149.92.190,1,68
133.11.113.205,1,68
150.75.160.82,1,40
150.75.150.45,1,40
163.33.142.134,1,40
150.75.90.36,1,52
133.149.227.249,1,40
150.75.0.143,1,40
203.77.104.43,1,40
133.149.185.80,1,68
133.149.252.145,1,40
133.149.132.67,1,40
150.75.71.156,1,40
133.149.118.114,1,68
203.77.88.37,1,40
133.149.15.113,1,40
133.149.167.82,1,40
150.75.249.66,1,40
150.75.245.64,1,40
150.75.120.171,1,40
163.33.121.176,1,40
163.33.241.64,1,44
133.149.60.223,1,68
133.149.137.2,1,40
133.149.150.27,1,40
133.11.76.3,1,40
133.149.143.63,1,68
150.75.5.210,1,40
150.75.251.250,1,40
163.33.191.204,27,3375
202.198.47.5,1,40
163.33.96.231,1,40
203.77.38.242,1,40
163.33.187.255,1,40
163.33.49.231,1,40
150.75.55.206,1,40
163.33.155.88,1,44
163.33.182.179,2,80
133.149.128.247,1,44
203.77.100.12,1,40
133.149.8.215,1,68
133.11.111.58,2,108
150.75.227.251,1,40
150.75.65.176,1,40
133.11.99.199,1,44
133.149.26.171,1,40
150.75.206.248,1,40
150.75.80.106,1,40
133.149.150.171,1,40
163.33.228.103,1,40
163.33.233.93,3,456
133.149.18.85,1,40
133.149.172.84,1,68
163.33.140.14,1,71
133.149.223.1,1,68
150.75.92.25,1,40
133.149.178.10,1,68
133.149.216.135,1,68
133.149.121.41,1,40
202.25.109.79,1,40
133.149.157.250,1,44
163.33.198.134,1,40
150.75.193.99,1,40
163.33.80.197,1,40
133.149.61.16,1,40
133.149.67.6,1,40
203.77.83.133,1,40
133.149.103.126,1,40
163.33.27.58,1,40
150.75.21.218,6,288
150.75.143.105,22,1056
150.75.227.233,1,40
133.11.124.24,1,68
150.75.214.99,1,40
150.75.226.204,1,40
203.77.90.24,1,40
150.75.218.102,1,44
150.75.35.132,1,40
163.33.85.3,1,40
163.33.111.205,4,336
163.33.178.23,1,44
203.77.19.48,1,40
133.149.85.69,2,112
133.149.75.88,1,40
163.33.93.50,1,40
150.75.28.103,1,40
163.33.130.216,1,40
133.149.219.176,1,40
203.77.65.101,1,40
163.33.216.234,1,40
203.77.120.143,2,212
150.75.50.184,1,40
133.149.197.73,1,44
133.149.208.120,1,40
202.198.0.182,1,44
150.75.93.92,1,40
203.77.90.105,1,40
133.149.14.95,1,40
150.75.80.208,1,40
202.198.62.36,1,40
133.11.94.95,1,40
133.149.93.197,1,40
150.75.56.154,1,40
163.33.80.231,1,40
203.77.27.190,1,40
133.149.161.206,6,288
150.75.211.67,1,40
202.198.21.221,17,680
150.75.11.237,1,40
133.11.84.235,1,40
133.149.195.199,1,68
150.75.80.32,1,40
163.33.53.86,1,40
150.75.94.140,1,40
133.11.70.141,50,4948
163.33.141.255,2,226
150.75.241.124,1,40
163.33.66.150,1,40
150.75.239.180,1,40
203.77.4.35,6,288
163.33.120.217,1,40
150.75.239.219,1,40
203.77.18.169,1,40
133.11.115.129,1,44
163.33.139.132,8,2912
150.75.186.88,1,44
150.75.45.6,1,40
163.33.199.121,1,40
133.11.101.147,1,68
150.75.196.19,1,60
203.77.7.196,1,40
163.33.105.222,1,40
163.33.141.72,15,905
133.11.92.78,1,68
133.149.94.55,1,576
150.75.2.67,1,40
150.75.28.241,1,40
163.33.95.148,3,2166
133.149.107.236,1,40
203.77.118.150,1,44
163.33.229.238,1,40
202.204.60.193,1,40
133.11.78.155,2,80
150.75.5.99,1,40
163.33.61.151,1,40
133.149.223.176,1,40
163.33.73.104,2,80
150.75.226.207,1,40
163.33.181.105,1,40
150.75.22.152,1,40
150.75.165.225,1,40
150.75.7.71,1,40
133.149.51.240,1,40
150.75.95.167,2,80
163.33.131.124,1,40
150.75.46.97,1,40
163.33.181.91,2,80
133.149.129.132,1,40
163.33.194.216,1,40
150.75.16.17,1,40
150.75.139.106,1,40
150.75.18.157,1,40
163.33.93.176,1,40
203.77.94.5,1,40
203.77.114.135,1,40
133.11.120.66,1,40
150.75.31.94,1,40
163.33.204.218,1,40
163.33.216.106,3,184
163.33.124.157,1,40
150.75.15.31,1,40
163.33.147.178,1,40
202.198.40.138,1,248
163.33.199.70,1,100
133.149.95.39,1,40
163.33.104.0,1,40
203.77.94.91,1,40
163.33.107.56,1,40
133.149.66.223,1,68
133.149.43.65,1,44
163.33.216.228,1,40
202.198.42.248,1,40
163.33.63.131,2,328
202.204.57.168,1,44
133.149.166.104,1,40
203.77.125.7,1,40
133.149.21.230,1,40
163.33.94.101,7,4691
163.33.112.126,1,52
133.149.133.233,5,240
163.33.243.210,1,53
133.149.28.156,1,40
150.75.183.120,1,40
133.11.90.52,1,40
163.33.235.227,1,40
203.77.109.55,1,40
150.75.133.173,1,40
163.33.173.199,1,40
150.75.2.19,4,192
163.33.84.123,1,40
133.149.37.8,1,40
133.149.73.60,1,40
150.75.164.118,1,40
163.33.229.241,1,40
133.149.240.12,1,40
150.75.57.109,1,40
163.33.108.109,1,40
133.149.175.146,1,40
150.75.234.199,1,40
203.77.48.209,1,40
163.33.28.164,1,40
133.149.233.80,1,40
150.75.101.241,1,40
150.75.63.175,1,40
163.33.93.199,2,117
163.33.50.55,1,40
133.11.79.21,1,52
163.33.220.104,1,40
202.198.62.171,1,40
163.33.54.61,1,40
202.204.63.55,1,40
133.11.119.239,1,40
163.33.46.140,2,88
133.149.244.64,1,812
163.33.58.60,2,104
133.149.179.14,1,40
150.75.192.68,1,40
150.75.145.165,1,40
150.75.253.235,1,40
203.77.123.170,1,40
133.11.122.62,1,40
163.33.85.228,1,40
133.149.232.97,1,40
150.75.33.207,1,40
203.77.10.145,1,40
203.77.4.126,7,336
163.33.255.235,1,44
163.33.116.84,27,5896
150.75.190.22,1,44
203.77.104.66,1,44
150.75.210.235,1,576
163.33.231.109,4,247
163.33.132.18,1,40
133.149.99.67,1,68
203.77.122.228,2,116
163.33.93.242,144,186470
150.75.239.60,1,40
133.149.195.220,1,68
133.149.142.31,1,40
203.77.125.215,1,40
202.198.43.108,1,40
133.149.91.226,1,40
150.75.95.128,1,40
133.149.90.62,1,40
202.198.63.34,1,40
163.33.137.63,1,40
163.33.189.152,1,40
202.198.61.29,1,40
133.11.105.76,1,40
150.75.2.193,1,40
150.75.46.174,1,40
150.75.63.32,1,40
150.75.129.160,1,40
150.75.5.141,1,40
163.33.42.0,2,84
203.77.121.134,5,4055
133.149.143.50,2,80
150.75.231.47,1,60
150.75.143.249,1,48
150.75.177.172,1,40
133.149.160.90,1,68
133.149.228.216,1,68
133.11.92.188,1,40
163.33.247.117,1,40
163.33.94.51,9,5024
133.149.154.27,1,40
133.149.100.107,1,68
133.149.126.178,1,40
133.149.174.159,2,80
133.149.36.112,1,68
133.149.117.196,1,40
133.149.189.234,1,40
133.149.222.240,3,234
150.75.198.217,1,40
202.198.25.218,1,40
150.75.177.170,1,40
163.33.112.138,1,40
133.11.90.61,1,40
150.75.35.64,1,40
133.149.80.13,1,68
133.11.78.50,1,68
163.33.16.68,1,40
163.33.2.30,1,40
150.75.98.217,1,44
163.33.233.127,3,168
133.11.99.234,1,68
133.149.9.108,1,68
150.75.35.106,1,40
163.33.140.236,6,460
163.33.43.147,1,44
163.33.175.100,1,40
133.149.177.41,1,40
150.75.19.29,1,40
133.11.80.196,1,40
133.149.120.196,1,40
133.11.100.229,1,40
133.149.240.91,1,40
133.149.132.54,1,40
150.75.127.5,1,40
150.75.148.48,1,40
150.75.232.78,1,40
163.33.125.204,1,40
133.149.170.19,1,576
133.11.69.114,1,40
150.75.241.157,1,40
203.77.2.148,2,80
150.75.133.30,1,40
133.149.119.138,1,68
202.198.59.164,1,40
133.149.185.36,1,40
163.33.99.49,15,5174
150.75.68.161,1,40
203.77.10.121,1,40
150.75.138.252,1,40
133.149.3.102,1,68
133.149.111.128,1,44
133.149.149.96,1,40
163.33.35.247,1,40
203.77.14.182,1,40
133.149.69.238,1,44
133.149.68.171,1,40
203.77.108.253,1,40
150.75.232.115,1,40
133.149.182.71,1,68
203.77.104.28,1,40
133.149.132.121,1,40
133.149.154.144,1,68
150.75.88.224,1,40
133.11.65.16,1,40
133.11.89.30,1,40
203.77.10.78,1,40
133.149.182.134,1,68
163.33.202.136,1,40
163.33.223.102,1,40
163.33.255.51,1,40
203.77.121.216,1,717
133.149.240.122,1,68
133.11.90.171,1,40
203.77.120.126,1,40
133.149.41.184,1,40
133.149.240.254,1,40
202.198.60.224,1,40
133.149.7.4,1,44
133.149.179.89,1,44
163.33.38.114,1,40
163.33.247.249,1,40
150.75.38.254,1,40
203.77.47.99,1,40
133.11.98.189,1,68
150.75.86.34,1,40
163.33.164.68,1,40
202.198.43.70,1,40
133.149.115.136,1,40
202.198.49.92,1,40
133.149.92.216,1,68
163.33.49.50,1,60
133.149.234.220,1,40
163.33.160.11,1,40
133.149.136.182,1,40
163.33.15.161,1,40
150.75.28.44,1,40
133.11.116.9,1,40
150.75.141.205,1,44
163.33.222.145,1,40
150.75.126.172,1,40
203.77.113.13,2,80
150.75.216.21,1,40
150.75.57.155,1,40
133.149.53.171,1,40
133.149.63.105,7,336
133.149.68.43,5,240
150.75.216.68,1,40
150.75.32.132,1,40
150.75.168.54,1,40
150.75.96.176,1,40
133.11.113.43,1,40
133.11.80.244,1,40
203.77.10.160,1,40
150.75.202.242,1,44
150.75.169.39,1,40
150.75.96.248,1,40
163.33.32.246,1,69
150.75.119.191,1,52
150.75.255.251,1,40
163.33.215.225,1,40
203.77.74.23,1,40
150.75.10.33,1,40
150.75.177.158,1,40
163.33.145.108,1,40
133.149.120.58,1,40
202.198.44.223,4,810
163.33.240.7,1,40
150.75.121.90,1,40
133.149.252.61,1,40
203.77.33.70,1,48
133.149.120.137,1,40
133.11.127.113,1,40
150.75.179.242,1,40
203.77.17.46,1,44
133.149.130.108,1,44
150.75.95.172,1,40
163.33.46.48,1,40
150.75.194.95,1,40
203.77.127.84,2,168
163.33.68.30,1,40
133.11.85.4,1,44
163.33.18.95,1,40
163.33.197.96,5,850
163.33.229.86,1,40
163.33.240.131,1,40
150.75.9.22,1,40
150.75.86.7,1,40
133.149.90.229,1,68
133.149.182.44,2,80
133.149.137.99,1,68
203.77.121.27,6,987
133.149.199.195,1,68
163.33.211.50,1,40
203.77.69.165,1,40
163.33.235.49,1,40
163.33.41.110,1,40
150.75.67.178,1,40
150.75.154.15,1,40
163.33.240.2,1,40
133.149.67.85,1,40
202.198.63.140,1,40
163.33.242.215,1,40
163.33.50.39,1,40
150.75.210.15,1,40
150.75.107.69,1,40
202.198.9.136,1,40
163.33.162.94,1,40
150.75.237.174,1,40
163.33.61.209,1,40
150.75.228.130,1,40
203.77.34.122,1,40
150.75.233.200,1,40
163.33.204.0,1,40
163.33.17.121,1,40
163.33.141.90,1,52
163.33.33.74,1,40
203.77.54.19,1,40
163.33.105.252,1,40
203.77.75.152,1,40
150.75.54.95,1,40
163.33.214.255,1,40
133.149.223.40,1,68
150.75.148.82,1,40
133.11.102.44,1,68
203.77.13.44,1,40
150.75.91.176,1,40
163.33.190.71,1,40
133.149.48.193,1,68
133.149.196.179,1,40
203.77.91.9,1,40
150.75.229.207,1,40
150.75.192.195,1,44
163.33.226.151,1,40
133.149.15.51,2,80
150.75.233.177,1,40
133.149.3.92,1,68
163.33.236.102,3,377
150.75.198.173,1,40
133.11.86.113,1,40
150.75.202.48,1,40
202.204.57.88,1,40
133.149.241.54,1,40
163.33.196.140,1,40
150.75.4.255,1,40
163.33.235.187,6,288
150.75.231.223,1,40
150.75.209.168,1,40
133.149.239.232,1,40
203.77.16.116,1,44
203.77.97.58,1,40
133.149.194.148,1,40
133.149.197.109,1,40
150.75.26.250,1,40
163.33.159.197,1,40
163.33.225.72,1,40
133.149.225.12,1,40
133.11.103.175,1,68
203.77.116.200,1,40
203.77.117.127,1,40
203.77.104.112,1,40
133.149.250.133,1,40
150.75.244.39,2,80
133.149.244.244,1,40
203.77.41.6,1,40
163.33.93.33,595,733498
150.75.101.215,1,52
133.149.216.63,1,44
203.77.125.98,2,80
163.33.49.252,1,40
163.33.183.138,1,40
150.75.155.65,1,40
133.11.89.221,1,40
150.75.57.207,1,40
133.149.223.13,1,40
150.75.195.45,1,40
150.75.7.190,1,40
150.75.36.245,1,40
150.75.73.111,1,40
150.75.30.111,1,40
133.149.244.222,1,68
133.149.107.65,1,68
163.33.53.158,1,40
202.204.56.93,1,40
203.166.184.154,5,1091
203.77.55.239,4,160
163.33.11.160,1,40
163.33.55.243,1,52
133.149.104.36,1,40
202.198.1.47,1,40
203.77.59.94,1,40
163.33.129.158,1,40
133.149.67.39,1,40
150.75.194.51,1,44
202.204.62.186,2,104
150.75.137.242,1,48
203.77.66.112,1,40
202.198.29.114,1,40
163.33.203.98,1,40
163.33.91.110,1,40
163.33.150.56,1,44
163.33.96.39,1,40
203.77.117.103,1,40
163.33.178.20,1,40
202.198.26.56,1,40
150.75.197.26,1,44
163.33.103.176,1,40
163.33.42.130,1,40
133.149.200.232,1,40
163.33.196.112,1,40
163.33.149.165,1,40
133.149.48.111,1,40
163.33.94.42,4,307
163.33.94.56,1,115
163.33.249.186,1,103
202.198.25.174,1,40
163.33.136.135,1,44
150.75.214.104,1,40
133.149.0.95,8,384
150.75.195.125,1,40
133.11.87.180,1,40
163.33.151.32,1,44
133.149.173.188,1,40
202.198.22.102,1,40
133.11.65.76,1,40
133.149.25.94,1,40
150.75.105.252,1,40
150.75.255.225,1,40
163.33.73.148,1,40
150.75.211.242,1,40
133.11.106.250,1,40
133.149.25.117,1,40
150.75.135.53,1,40
133.149.223.253,1,40
163.33.228.13,1,40
203.77.2.180,1,40
163.33.233.223,1,40
150.75.102.10,1,40
150.75.254.234,1,40
163.33.168.187,1,40
203.77.42.235,1,44
163.33.13.254,1,44
150.75.105.234,1,40
150.75.57.86,1,40
203.77.120.110,4,660
150.75.157.216,1,40
150.75.203.94,1,40
203.77.51.183,1,40
150.75.163.60,1,40
163.33.174.19,719,1077336
203.77.120.185,5,205
133.149.223.65,1,40
133.149.234.183,1,40
150.75.124.67,1,40
202.198.12.115,1,40
133.149.16.49,2,108
163.33.222.232,1,40
150.75.78.60,1,40
133.149.222.151,1,40
150.75.165.112,1,40
163.33.182.239,1,40
163.33.231.43,1,40
133.149.84.30,1,40
150.75.209.244,1,40
150.75.74.112,1,40
133.149.86.29,1,810
133.149.42.147,1,40
150.75.240.12,1,40
203.77.10.30,1,76
163.33.203.212,1,40
133.11.70.147,29,3009
133.11.86.93,1,40
133.11.111.198,1,40
203.77.55.100,1,40
163.33.241.193,1,40
150.75.126.210,1,40
163.33.61.39,1,40
163.33.232.133,2,810
150.75.157.254,1,44
203.77.126.59,1,84
150.75.154.202,1,40
133.149.51.27,1,40
203.77.119.49,1,40
150.75.105.177,1,40
133.149.9.153,1,40
133.149.222.60,1,40
150.75.174.134,1,40
163.33.90.114,1,40
150.75.102.119,1,40
203.77.94.27,1,40
163.33.143.63,1,40
133.11.70.198,2,272
163.33.239.185,1,40
150.75.18.113,1,40
133.149.106.101,1,68
203.77.67.89,1,40
150.75.69.209,1,40
133.11.92.164,1,68
203.77.50.14,1,40
133.149.207.62,1,40
203.77.120.80,1,40
203.77.39.250,1,40
133.11.105.90,1,40
203.77.71.177,1,40
203.77.119.66,1,40
133.149.119.24,1,68
133.149.120.191,1,40
203.77.2.23,1,40
133.149.238.92,1,40
133.149.90.26,1,68
150.75.81.232,1,44
133.11.113.105,1,68
133.149.53.75,1,40
150.75.71.106,1,40
133.11.70.132,43,4503
203.77.23.74,1,30
133.149.214.128,1,40
150.75.104.93,1,40
133.149.88.218,1,40
133.149.62.35,1,40
133.149.202.247,2,108
150.75.83.74,1,40
163.33.245.57,1,40
203.77.121.104,5,1035
163.33.157.194,1,40
150.75.70.39,1,40
133.149.10.25,1,40
163.33.236.47,2,115
203.77.15.63,1,40
150.75.219.94,1,40
163.33.203.54,1,40
163.33.94.113,14,3300
163.33.183.208,2,80
163.33.183.111,1,40
133.149.79.166,1,40
150.75.147.10,1,40
202.198.22.186,1,40
150.75.5.191,1,40
133.149.158.235,1,68
133.149.94.247,1,40
133.149.200.98,2,80
133.149.231.99,1,44
163.33.63.168,2,422
150.75.231.167,1,40
133.149.222.92,1,40
163.33.27.247,1,40
163.33.72.124,1,44
133.149.24.212,1,48
150.75.49.254,1,40
163.33.220.14,1,40
163.33.237.203,1,40
163.33.142.206,1,48
150.75.182.53,1,40
150.75.105.105,2,80
150.75.131.27,1,40
150.75.183.175,1,44
133.11.82.193,1,40
150.75.140.205,1,40
150.75.219.179,1,40
133.149.229.237,1,68
150.75.34.52,1,40
150.75.1.0,1,40
150.75.139.76,1,40
202.198.53.189,6,450
150.75.15.232,1,40
163.33.11.72,1,40
133.149.117.80,1,40
163.33.64.140,1,44
133.149.172.220,1,68
203.77.57.190,1,40
163.33.63.172,4,708
163.33.63.173,3,411
150.75.52.46,1,60
163.33.189.226,1,40
133.149.254.191,2,80
163.33.80.13,2,104
163.33.147.22,1,40
203.77.81.72,1,40
163.33.10.235,1,40
203.77.22.37,1,40
203.77.65.91,1,40
133.149.110.248,1,68
150.75.159.5,1,40
133.149.210.63,1,40
133.149.203.197,1,40
133.149.159.239,1,40
163.33.68.132,1,44
133.149.239.66,1,40
150.75.2.212,1,40
203.77.94.51,1,40
203.77.80.58,12,9089
133.11.68.245,1,40
163.33.65.189,1,44
133.149.108.96,1,40
133.149.231.81,1,40
163.33.62.162,1,44
133.149.128.73,1,68
163.33.169.82,1,40
163.33.254.104,1,44
163.33.11.88,1,40
133.149.255.85,2,272
203.77.109.140,2,80
150.75.221.97,1,40
150.75.68.80,1,40
133.11.125.37,1,40
163.33.29.40,1,40
150.75.172.228,1,40
133.149.73.149,1,68
133.11.84.16,1,40
133.149.46.154,2,88
133.149.242.156,1,40
150.75.93.158,1,40
163.33.139.41,1,40
150.75.248.21,1,40
203.77.45.68,1,40
133.149.41.67,1,68
133.149.239.235,1,40
202.25.109.174,1,40
133.11.127.172,1,40
133.149.175.37,1,68
203.77.45.158,1,40
163.33.140.52,1,40
150.75.140.178,1,40
150.75.180.165,1,40
163.33.211.82,1,40
133.149.195.167,1,40
163.33.144.238,1,40
150.75.0.213,1,40
203.77.47.53,1,40
203.77.113.193,3,233
163.33.210.199,1,40
163.33.56.176,1,294
203.77.51.187,1,40
203.77.89.223,1,52
133.149.119.33,1,44
133.149.16.186,1,40
163.33.55.122,1,40
163.33.156.220,1,40
203.77.63.98,1,40
163.33.238.177,1,40
150.75.68.46,1,40
202.198.27.48,1,40
150.75.29.126,1,40
133.149.45.206,1,40
163.33.64.125,1,44
150.75.6.42,1,40
133.11.78.230,1,40
203.77.82.178,1,40
150.75.198.177,11,528
163.33.23.102,1,40
133.11.126.216,1,40
203.77.81.36,1,40
163.33.55.190,1,40
163.33.102.189,1,44
163.33.203.125,12,897
133.149.179.88,1,40
203.77.114.221,1,40
133.11.70.154,29,2689
163.33.61.8,1,40
203.77.62.21,1,40
163.33.59.167,1,40
150.75.218.118,1,40
203.77.92.104,1,40
133.11.109.166,1,40
150.75.16.76,1,40
150.75.30.67,1,40
163.33.232.138,2,108
163.33.169.56,1,40
163.33.110.88,1,40
133.149.250.192,1,40
202.25.107.161,1,52
133.149.4.190,1,40
163.33.171.150,1,40
150.75.148.113,1,40
133.149.151.232,1,40
150.75.203.35,1,40
133.149.132.221,1,40
150.75.198.211,1,40
163.33.248.210,1,40
133.149.171.38,1,40
202.198.56.20,1,40
163.33.221.209,1,40
133.149.48.142,1,44
133.149.115.126,1,40
133.11.100.169,1,40
150.75.188.138,1,40
163.33.111.70,1,40
163.33.119.226,1,40
133.149.120.93,1,40
163.33.72.140,1,40
150.75.3.157,1,40
163.33.203.56,13,8455
150.75.222.186,1,40
163.33.116.101,1,40
133.149.15.199,1,68
133.149.12.38,1,40
150.75.14.56,1,40
163.33.152.118,1,40
150.75.199.151,1,40
150.75.37.226,1,52
150.75.12.1,1,44
163.33.73.97,1,40
133.149.155.49,1,40
150.75.65.227,1,40
133.149.72.155,1,40
133.149.171.166,1,40
150.75.108.131,1,40
133.11.94.8,1,68
203.77.62.10,1,40
133.149.94.47,1,68
133.149.64.81,1,68
203.77.124.182,2,204
150.75.208.24,1,40
133.11.125.68,1,68
133.149.97.133,1,40
150.75.151.247,1,40
133.149.32.229,1,44
163.33.25.147,1,40
133.149.60.42,1,44
163.33.215.171,1,40
133.149.160.113,1,68
133.11.121.163,1,68
133.149.123.75,1,40
163.33.40.111,1,40
150.75.34.37,1,40
150.75.190.35,1,40
150.75.37.124,1,40
133.149.153.101,1,40
150.75.47.88,1,40
163.33.20.240,1,40
133.149.138.247,1,40
133.149.237.101,1,40
150.75.180.135,1,40
133.11.83.208,1,68
202.198.2.180,1,40
203.77.42.216,1,44
133.149.158.1,1,68
133.149.46.221,1,40
150.75.42.192,2,80
163.33.248.185,1,40
163.33.204.74,1,40
150.75.179.118,1,40
163.33.228.53,1,40
203.77.23.39,2,88
133.149.45.213,1,68
163.33.239.217,3,200
150.75.180.14,1,40
133.11.111.63,1,40
133.149.120.243,1,40
203.77.45.183,1,40
203.77.108.136,1,44
203.77.103.98,1,40
133.149.106.43,1,40
150.75.34.151,1,40
150.75.254.130,1,40
163.33.93.201,2,96
133.149.121.58,1,40
163.33.28.224,2,80
133.149.50.165,1,40
163.33.239.43,1,40
202.198.11.132,1,40
163.33.7.234,1,40
203.77.29.210,1,40
163.33.56.182,1,44
203.77.7.47,1,40
150.75.187.106,1,48
163.33.12.182,22,2503
163.33.228.24,1,40
202.198.27.249,1,40
163.33.101.155,1,52
203.77.122.115,1,40
150.75.250.53,1,40
163.33.117.55,1,40
150.75.206.158,1,40
163.33.175.80,1,40
133.149.204.157,1,40
133.149.227.130,1,40
133.149.32.5,1,68
150.75.229.113,1,40
133.149.18.179,1,40
150.75.138.235,1,40
150.75.44.11,1,40
133.149.73.190,1,68
133.149.93.239,1,68
133.149.127.246,1,40
133.11.111.246,1,44
163.33.75.31,1,40
163.33.217.13,8,384
150.75.246.186,1,40
150.75.208.3,1,40
133.149.117.212,1,40
150.75.143.160,2,84
150.75.117.37,1,576
163.33.15.77,1,68
163.33.159.72,1,40
203.77.103.49,1,40
150.75.45.238,1,40
163.33.101.99,1,40
150.75.107.228,3,120
133.11.116.209,1,40
133.149.155.216,1,68
163.33.158.123,1,40
150.75.158.150,1,40
202.204.63.243,3,312
163.33.105.158,1,40
163.33.105.21,1,40
202.198.35.26,1,40
133.149.73.202,1,40
163.33.107.7,1,40
163.33.108.239,1,40
133.149.55.160,1,68
163.33.80.141,40,41690
163.33.190.246,1,44
163.33.244.135,38,5720
163.33.193.32,1,40
150.75.102.65,1,576
150.75.224.27,2,80
133.149.192.77,1,68
150.75.125.135,1,44
203.77.69.254,1,40
133.149.176.113,1,40
133.149.4.74,1,52
133.11.65.129,1,40
133.149.100.3,1,40
203.77.113.163,1,99
163.33.30.107,1,44
133.149.60.229,1,40
133.11.85.169,1,40
163.33.238.165,1,40
203.77.97.124,1,40
150.75.2.109,1,40
133.149.239.191,1,40
133.11.99.216,1,40
150.75.229.7,1,40
150.75.177.116,1,36
163.33.193.193,1,40
163.33.254.156,1,44
202.198.40.26,1,40
203.77.117.221,1,40
163.33.209.158,82,101073
150.75.163.172,1,40
203.77.8.12,1,40
150.75.186.24,1,40
133.149.9.149,2,120
150.75.102.190,1,40
133.11.70.153,42,4451
133.149.244.179,1,40
150.75.97.142,1,40
150.75.158.108,1,40
150.75.81.98,1,40
163.33.29.179,1,40
150.75.129.35,1,40
203.77.89.210,1,40
150.75.41.109,1,40
202.198.39.186,1,40
163.33.195.138,90,124852
133.11.86.146,1,40
150.75.207.107,3,164
202.198.47.132,1,40
203.77.54.250,1,40
133.149.112.123,1,40
133.149.12.169,1,44
163.33.41.254,1,40
133.149.237.55,1,40
133.11.79.6,1,40
150.75.70.17,1,40
150.75.173.173,1,40
133.149.168.245,1,40
163.33.51.95,1,40
150.75.154.63,1,40
133.149.41.27,1,40
202.198.60.18,1,40
133.149.14.172,1,40
133.149.92.212,1,40
163.33.28.191,1,40
133.149.47.92,1,40
203.77.114.67,2,240
163.33.174.26,1,52
150.75.44.49,1,40
150.75.40.200,1,40
203.77.33.241,1,40
133.149.50.115,1,40
150.75.184.177,1,40
150.75.167.214,1,40
150.75.13.87,1,40
163.33.77.110,1,40
163.33.29.101,1,40
150.75.74.207,1,40
203.77.67.86,1,40
203.77.86.5,1,40
133.149.183.117,1,40
133.149.95.184,1,576
150.75.226.164,1,40
163.33.251.189,1,40
150.75.14.203,1,40
133.11.89.194,1,60
150.75.65.148,1,52
133.149.212.207,1,40
202.198.37.35,1,40
133.149.86.215,1,40
133.149.33.105,1,121
150.75.43.12,1,40
203.77.68.180,1,40
133.149.104.233,2,80
203.77.15.129,1,40
163.33.69.74,1,40
163.33.205.103,1,40
202.204.63.47,1,40
203.77.80.165,1,40
133.149.87.13,1,40
133.11.127.15,1,40
133.149.56.147,1,40
202.198.7.111,1,40
133.149.41.141,1,40
163.33.150.240,1,40
133.149.152.47,1,68
163.33.65.137,1,40
203.77.102.135,1,40
133.149.239.230,1,40
150.75.55.111,1,40
163.33.152.70,1,40
203.77.69.140,1,40
203.77.121.246,1,40
163.33.152.64,1,40
133.149.18.242,1,68
133.11.119.118,1,40
150.75.45.136,1,40
163.33.62.15,2,80
202.204.56.143,3,108
133.149.198.198,1,40
203.77.86.23,1,40
133.149.235.34,1,40
163.33.92.120,342,468264
133.149.115.202,1,40
133.11.106.173,1,40
133.149.47.193,1,40
202.198.3.251,1,40
163.33.106.80,1,40
150.75.64.200,1,40
133.149.158.185,1,40
163.33.122.137,1,40
133.149.150.24,1,40
133.11.81.152,2,108
150.75.180.118,1,40
133.11.75.46,1,40
203.77.118.34,1,40
202.198.2.168,1,40
150.75.112.9,1,40
133.11.124.104,1,44
150.75.136.197,1,40
150.75.79.69,1,40
163.33.97.247,1,40
163.33.108.147,1,40
133.11.112.193,1,68
133.149.92.255,1,44
133.149.113.219,1,44
150.75.14.120,1,40
133.149.98.108,1,40
150.75.124.162,4,232
133.11.82.37,1,68
133.149.142.59,1,40
150.75.171.168,1,40
150.75.24.88,1,40
202.25.107.128,1,52
133.11.120.130,1,40
150.75.98.55,1,40
163.33.26.236,1,28
133.11.71.34,1,40
163.33.154.110,1,40
163.33.101.18,1,40
133.149.104.106,1,40
203.77.49.121,1,40
203.77.45.234,1,52
150.75.1.76,1,40
202.198.15.90,1,40
202.204.63.75,1,40
202.198.38.149,1,40
163.33.210.46,1,40
150.75.187.14,1,40
163.33.93.119,6,288
150.75.70.48,1,40
150.75.61.104,2,80
203.77.79.249,1,40
163.33.239.47,1,115
202.198.23.173,1,40
163.33.245.92,1,40
133.11.80.153,1,68
133.149.162.227,1,40
133.11.98.113,1,68
133.11.97.133,1,40
150.75.233.97,1,40
202.198.49.110,1,40
150.75.13.246,1,40
163.33.38.123,1,40
203.77.37.254,1,40
203.77.124.17,6,1053
133.149.116.131,1,68
133.149.218.41,1,40
163.33.153.20,9,887
150.75.134.231,1,40
150.75.114.197,1,40
133.149.224.208,1,68
163.33.243.221,1,40
150.75.178.98,1,44
150.75.13.210,1,40
133.149.196.47,1,40
133.149.179.249,1,40
150.75.114.80,1,40
163.33.236.146,1,40
150.75.216.194,1,40
133.149.214.239,4,312
203.77.84.198,1,40
133.149.173.122,1,68
150.75.215.143,1,44
133.149.0.20,1,40
150.75.244.5,1,40
163.33.0.235,2,168
163.33.221.78,1,40
163.33.210.129,1,40
163.33.18.49,1,40
133.149.221.18,1,68
150.75.121.81,1,40
163.33.114.243,1,40
163.33.188.143,2,120
163.33.20.122,1,44
150.75.53.22,1,40
150.75.188.242,1,40
163.33.255.159,1,40
163.33.171.78,1,40
163.33.27.232,1,40
133.149.171.141,1,68
150.75.157.178,2,80
133.149.123.188,1,40
150.75.117.147,1,40
133.149.129.45,1,40
163.33.56.35,1,40
150.75.7.75,1,40
203.77.78.32,1,40
150.75.34.117,1,40
203.77.122.213,2,136
150.75.12.82,1,40
150.75.102.62,1,40
133.149.58.118,1,44
150.75.10.152,1,40
150.75.46.124,1,44
133.149.99.217,1,40
163.33.201.4,19,12438
202.198.15.112,1,40
150.75.182.103,1,40
133.149.114.194,1,40
202.15.129.98,1,40
150.75.202.60,1,40
150.75.247.176,1,40
163.33.140.36,5,240
150.75.4.45,1,121
133.149.110.105,1,40
163.33.29.131,1,40
133.11.91.241,1,40
150.75.63.12,1,40
150.75.125.91,1,44
133.149.21.228,1,40
203.77.22.182,1,40
163.33.171.135,1,40
163.33.100.170,6,409
163.33.192.141,1,44
133.149.249.160,1,40
202.198.50.184,1,40
133.149.15.219,1,40
163.33.24.72,1,48
150.75.23.159,1,40
133.149.144.142,1,40
133.149.29.202,1,40
150.75.240.91,1,40
133.11.107.95,1,40
163.33.229.167,1,40
163.33.241.35,1,44
133.149.33.173,1,40
133.149.169.196,1,40
133.149.218.23,1,40
163.33.5.38,1,40
163.33.208.95,1,40
133.149.114.180,1,40
133.149.208.246,1,40
133.149.139.0,1,44
163.33.140.10,1,52
163.33.65.44,1,40
150.75.211.231,1,40
163.33.52.239,1,40
150.75.227.237,1,40
133.149.227.182,1,40
150.75.199.59,1,40
133.11.86.40,1,40
150.75.61.168,1,44
202.198.20.161,1,40
133.149.28.36,1,44
133.149.45.20,1,40
163.33.255.41,1,40
150.75.186.22,1,40
150.75.200.57,1,40
203.77.36.132,1,40
133.149.168.175,1,40
163.33.203.2,1001,1439696
150.75.66.47,1,40
150.75.79.197,1,40
133.149.106.106,1,48
163.33.221.145,1,40
163.33.207.69,1,40
133.149.0.238,1,44
133.11.123.224,17,816
163.33.123.31,1,40
150.75.2.96,1,40
133.149.45.90,1,40
163.33.119.244,1,40
150.75.68.79,2,84
133.149.154.43,1,40
203.77.122.236,1,40
150.75.21.2,1,40
203.77.10.23,1,40
202.204.57.47,1,40
150.75.243.3,1,40
133.149.151.115,1,40
150.75.109.30,1,40
133.149.104.222,1,68
133.149.175.216,1,68
133.149.108.48,1,40
133.149.46.115,1,68
163.33.203.130,1,40
150.75.85.192,1,40
133.11.112.153,1,40
133.11.102.120,1,68
133.149.192.99,1,40
150.75.65.221,1,40
150.75.183.48,1,40
203.77.30.130,1,40
150.75.26.38,2,138
133.149.179.236,1,40
163.33.254.190,1,44
150.75.183.14,1,40
150.75.122.3,1,40
163.33.140.21,1,40
150.75.35.155,1,40
150.75.225.219,1,40
150.75.41.88,1,44
133.11.124.43,1,60
133.11.89.110,1,40
133.149.108.61,1,68
150.75.108.137,1,40
203.77.4.44,1,41
133.149.64.8,1,68
150.75.42.238,1,40
150.75.249.238,1,60
150.75.122.40,1,40
133.149.122.5,1,40
133.149.213.195,1,68
163.33.95.47,1,40
133.149.97.54,1,68
133.149.38.169,1,68
203.77.127.30,4,184
150.75.161.111,1,40
163.33.74.64,1,40
133.11.70.211,1,52
150.75.1.98,1,40
203.77.118.241,1,40
133.149.211.58,1,68
133.149.28.117,1,40
203.77.107.114,1,40
133.11.78.33,1,68
202.198.8.71,1,40
133.11.64.74,1,40
203.77.22.255,1,48
150.75.108.204,1,40
163.33.119.6,1,40
163.33.141.145,1,40
150.75.71.226,1,40
150.75.129.183,2,80
150.75.151.121,1,40
163.33.165.206,1,48
150.75.62.5,1,40
150.75.100.77,1,40
163.33.184.169,1,40
150.75.230.172,1,40
163.33.243.166,1,40
133.149.146.139,1,40
163.33.40.147,1,52
133.149.34.69,1,68
150.75.62.42,1,40
163.33.243.187,1,40
203.77.84.23,1,40
163.33.241.80,1,40
202.198.48.104,1,40
163.33.117.196,1,40
133.11.95.95,1,44
203.77.76.32,1,40
133.11.90.20,1,44
150.75.128.176,1,40
150.75.50.14,1,40
203.77.113.209,10,420
203.77.81.230,1,60
203.77.93.207,1,40
150.75.163.107,1,40
150.75.61.134,1,40
150.75.255.58,1,40
163.33.70.39,1,40
133.149.11.63,1,68
163.33.194.197,1,40
150.75.42.73,2,80
150.75.148.92,1,40
203.77.51.90,1,40
163.33.160.14,1,40
133.149.115.255,1,40
163.33.215.183,1,40
150.75.128.247,1,40
163.33.64.51,1,40
163.33.186.144,1,40
202.198.21.163,1,40
163.33.123.165,1,44
210.128.12.69,2,231
163.33.251.54,1,40
133.149.38.148,1,40
133.149.133.126,1,76
150.75.140.107,1,40
202.198.54.106,1,40
150.75.90.144,1,40
203.77.34.124,1,40
150.75.153.153,1,44
203.77.83.16,1,40
133.149.109.238,1,68
133.149.254.11,2,84
133.149.36.139,1,68
133.11.83.177,2,88
133.149.9.49,1,68
202.204.60.194,103,92543
133.149.0.13,1,40
163.33.169.33,2,80
203.77.116.78,1,92
150.75.58.66,1,52
163.33.186.164,1,40
133.149.67.216,1,40
133.149.72.154,1,40
150.75.137.102,1,40
133.149.173.199,1,40
163.33.201.40,1,40
150.75.243.20,1,40
163.33.15.42,1,40
163.33.195.80,1,58
163.33.62.63,1,44
163.33.169.173,1,40
163.33.191.238,4,431
150.75.133.103,1,40
133.149.123.220,1,68
133.149.160.21,1,576
163.33.94.228,18,1584
150.75.238.109,1,40
150.75.88.24,1,40
133.149.57.135,1,40
163.33.95.73,3,156
133.11.113.96,1,68
203.77.83.29,1,40
150.75.35.125,1,40
133.11.69.231,2,84
150.75.35.56,1,40
203.77.121.102,4,260
150.75.135.98,1,40
133.149.114.229,1,68
133.149.114.150,1,40
133.149.237.183,1,40
133.149.36.150,1,68
133.149.14.75,1,44
203.77.105.62,1,40
163.33.160.253,1,40
202.198.45.178,1,64
150.75.231.78,1,257
133.149.72.199,1,40
133.149.20.82,1,40
133.149.29.252,1,40
150.75.21.196,1,40
163.33.117.56,1,40
150.75.74.104,1,40
150.75.116.160,1,40
133.11.107.24,1,40
163.33.67.231,1,40
163.33.46.55,1,44
163.33.28.232,1,40
150.75.197.170,1,40
133.149.154.212,1,48
133.11.107.88,1,40
133.149.65.197,1,40
150.75.83.56,1,60
202.198.15.163,2,256
163.33.97.38,1,40
150.75.55.34,1,40
163.33.106.205,1,40
133.149.170.2,1,40
163.33.60.41,1,40
203.77.80.229,1,40
133.11.65.71,1,44
150.75.188.100,1,40
150.75.188.184,1,40
133.11.99.126,1,44
150.75.231.36,1,257
133.149.104.54,1,40
163.33.78.47,1,44
203.77.28.126,1,40
133.149.216.4,1,40
163.33.240.103,1,40
150.75.165.156,1,40
133.149.58.87,1,40
163.33.146.223,1,40
163.33.0.61,1,40
133.149.29.219,1,40
150.75.233.153,1,40
203.77.49.106,1,40
163.33.143.87,1,40
163.33.33.19,1,40
150.75.158.206,1,52
133.149.85.12,1,40
163.33.153.69,1,40
133.11.86.87,1,40
150.75.247.108,1,40
133.149.117.139,1,40
163.33.189.140,1,40
133.11.125.243,1,40
163.33.20.41,1,40
163.33.166.26,1,103
133.11.101.57,1,40
203.77.55.14,1,40
150.75.153.247,1,28
133.149.204.220,1,68
133.11.111.36,1,68
133.149.5.115,1,40
133.149.197.37,1,40
203.77.20.196,1,40
150.75.89.179,1,40
133.149.145.147,1,40
163.33.198.136,1,40
150.75.39.28,1,28
163.33.243.225,1,40
163.33.199.86,1,44
150.75.129.110,1,48
133.149.108.190,1,68
133.11.103.31,1,40
202.198.43.93,1,40
133.11.108.145,1,40
133.149.104.141,1,68
163.33.242.235,1,40
133.149.85.202,1,40
163.33.50.86,1,40
150.75.153.20,2,80
133.149.148.227,1,68
163.33.193.103,1,44
150.75.195.155,1,40
163.33.236.13,1,40
163.33.186.251,1,44
163.33.160.220,1,40
150.75.19.1,1,40
150.75.83.200,1,40
133.149.77.187,1,68
163.33.28.129,1,40
163.33.60.109,1,40
163.33.207.101,1,40
203.77.67.9,1,40
133.149.169.110,1,40
133.149.146.59,1,40
163.33.168.11,1,68
163.33.184.27,1,44
133.149.40.179,1,40
150.75.80.43,1,48
150.75.231.170,1,40
203.77.110.114,1,40
133.149.200.97,1,40
150.75.51.25,1,40
133.11.122.29,1,40
133.149.204.238,1,40
150.75.85.194,1,40
133.149.116.153,1,78
202.204.59.173,1,123
163.33.181.157,1,44
163.33.20.219,1,40
150.75.68.144,1,40
163.33.205.231,1,40
203.77.6.64,1,40
133.11.92.62,2,80
150.75.21.50,2,80
133.11.72.120,1,40
133.149.127.43,1,68
203.77.6.93,1,40
163.33.60.210,1,40
163.33.45.215,1,68
163.33.168.39,1,68
163.33.186.35,1,40
133.149.194.35,1,40
133.149.31.229,1,40
133.149.13.156,1,68
133.11.76.171,1,40
150.75.47.179,1,40
150.75.211.92,1,44
133.149.164.46,1,40
163.33.137.20,1,56
203.77.46.44,1,40
163.33.128.225,1,40
133.11.117.130,2,80
150.75.238.46,1,40
203.77.10.100,1,40
150.75.119.2,1,40
133.149.12.20,1,44
163.33.105.112,1,40
133.149.162.167,1,40
133.149.223.186,1,68
163.33.94.55,7,2963
133.149.29.179,1,68
203.77.99.177,1,40
202.198.2.34,1,60
133.149.77.64,1,40
150.75.190.221,1,44
163.33.182.142,1,40
202.198.15.159,1,60
133.149.69.188,1,40
202.198.27.112,1,40
163.33.73.230,1,44
203.77.80.124,1,40
150.75.103.93,1,40
133.11.66.49,1,40
202.198.47.9,1,40
202.198.17.4,1,40
163.33.29.147,1,40
163.33.112.234,1,40
133.149.19.90,1,44
163.33.83.116,1,52
163.33.93.104,2,128
133.11.109.152,1,68
203.77.106.28,1,40
163.33.41.63,1,40
163.33.187.125,1,40
133.149.97.85,1,68
150.75.50.84,1,40
163.33.45.246,1,68
150.75.40.159,1,40
150.75.125.27,1,40
202.198.57.152,1,40
203.77.0.157,1,40
133.149.54.28,1,44
150.75.127.47,1,40
133.149.16.145,1,44
133.149.169.51,1,40
133.149.116.169,1,44
163.33.187.127,1,40
203.77.45.25,1,40
150.75.34.204,1,40
163.33.211.165,1,52
203.77.74.193,1,40
133.149.53.5,1,40
202.198.59.241,1,43
133.149.70.133,2,80
133.11.99.251,1,52
202.198.12.197,1,40
202.198.59.49,1,40
163.33.137.167,1,40
202.198.1.184,2,80
203.77.16.136,1,40
163.33.63.166,1,40
133.149.252.245,1,40
150.75.106.186,1,40
150.75.57.254,6,288
133.149.121.122,1,40
203.77.100.172,1,40
163.33.172.181,1,40
203.77.124.58,1,44
150.75.104.210,1,40
133.149.9.132,1,40
133.149.116.70,1,44
133.149.16.70,1,40
163.33.112.75,1,40
150.75.195.231,1,40
150.75.207.200,1,40
133.149.167.212,1,40
133.149.53.254,1,40
150.75.92.239,1,40
203.77.82.0,1,40
133.11.111.136,1,40
133.11.64.145,1,40
133.149.55.112,1,40
133.149.3.195,1,40
163.33.219.175,1,40
203.77.60.197,1,40
133.149.102.21,1,40
150.75.114.250,1,40
163.33.81.205,1,44
163.33.57.24,4,1738
150.75.77.24,1,40
150.75.89.56,1,40
133.149.230.61,1,40
203.77.120.108,1,40
133.149.96.90,1,40
203.77.28.157,1,40
203.77.97.176,1,40
133.149.244.3,1,40
133.149.159.31,1,40
133.149.196.141,1,68
133.149.71.124,1,40
150.75.115.124,1,44
202.204.58.105,12,1888
163.33.130.96,1,40
150.75.227.168,1,40
150.75.180.67,1,40
163.33.202.134,1,44
133.149.44.175,1,40
163.33.61.37,1,40
133.149.216.173,1,40
163.33.210.185,1,40
163.33.73.187,1,44
150.75.171.230,1,40
163.33.201.61,1,40
150.75.67.147,1,40
163.33.180.124,1,113
163.33.78.49,1,44
133.149.200.15,1,40
133.149.176.2,1,40
150.75.205.133,1,40
133.149.97.97,1,68
163.33.71.119,1,40
133.149.51.218,1,40
133.149.223.189,1,40
133.149.254.222,1,68
163.33.57.13,1,75
133.11.69.186,1,40
150.75.182.34,2,80
203.77.90.40,2,80
203.77.34.193,1,44
203.77.110.139,1,40
133.149.135.227,20,960
150.75.190.195,1,40
203.77.12.149,1,40
163.33.49.67,1,40
133.149.5.31,1,40
133.149.143.82,1,40
133.149.64.154,1,68
203.77.121.32,1,52
202.204.58.71,1,40
163.33.158.144,1,40
133.149.231.194,1,40
163.33.69.140,1,40
133.149.140.30,1,40
202.198.62.96,1,40
163.33.250.252,1,44
163.33.213.178,1,40
202.198.63.234,1,40
202.204.61.93,1,40
163.33.76.180,1,40
163.33.99.51,1,50
150.75.226.1,1,40
150.75.71.107,1,40
203.77.121.97,5,288
133.11.70.174,4,216
133.149.66.104,1,40
133.149.169.121,1,40
163.33.55.96,1,40
133.149.179.107,1,40
133.149.191.64,1,40
203.77.125.53,4,537
133.11.70.252,1,40
150.75.1.243,1,40
203.77.115.165,1,44
133.149.42.227,1,40
133.11.81.174,1,40
203.77.118.26,2,80
163.33.199.88,1,40
150.75.160.78,1,40
163.33.94.30,79,112510
203.77.96.235,1,60
163.33.209.145,7,364
133.149.200.16,1,40
150.75.57.202,1,40
133.11.116.138,1,68
133.11.90.104,1,68
203.77.32.254,1,40
133.149.80.159,1,68
133.149.84.38,1,40
150.75.186.158,1,40
133.11.109.53,1,40
163.33.199.103,1,40
202.198.38.102,1,52
203.77.99.20,1,40
163.33.104.25,1,40
133.11.107.164,1,68
133.149.90.27,1,68
163.33.72.84,1,40
163.33.75.137,1,40
202.198.61.203,1,40
202.198.14.80,1,40
133.149.9.16,1,68
163.33.69.201,1,40
163.33.172.141,1,40
133.149.153.34,1,68
203.77.66.100,1,44
163.33.243.29,1,40
150.75.223.193,1,40
133.149.28.176,1,44
202.198.29.244,1,40
163.33.126.217,1,44
150.75.66.4,1,40
133.11.73.227,1,40
133.149.240.226,1,68
150.75.159.108,1,40
133.149.232.117,1,40
133.149.41.18,1,68
133.149.9.176,1,40
133.149.78.49,1,68
202.198.20.125,1,71
150.75.153.44,1,40
133.11.116.183,1,40
133.149.149.129,1,40
163.33.238.255,2,142
203.77.9.185,1,40
133.149.77.115,1,40
163.33.99.76,1,40
163.33.189.190,1,40
163.33.245.204,1,48
133.149.51.143,1,40
202.204.62.185,6,717
150.75.109.212,1,40
163.33.239.27,1,40
150.75.217.30,1,40
150.75.252.88,1,44
163.33.172.73,1,40
133.149.176.231,1,40
163.33.194.88,1,40
133.149.15.141,1,68
163.33.40.126,1,40
133.149.103.91,1,40
163.33.27.124,1,40
133.149.184.143,1,40
133.149.74.154,1,48
150.75.253.60,1,40
203.77.5.127,1,40
133.149.164.124,1,40
150.75.30.90,1,40
150.75.115.48,1,40
133.149.242.56,1,40
150.75.177.166,1,40
203.77.76.169,1,40
202.198.40.100,1,40
133.11.95.45,1,40
163.33.222.37,1,40
150.75.118.146,1,40
163.33.255.198,1,40
133.11.123.176,1,40
133.149.238.190,1,44
133.149.201.14,1,68
133.11.71.151,1,40
163.33.55.162,1,40
163.33.253.198,1,40
133.149.118.155,1,40
133.149.9.56,1,40
163.33.59.207,1,40
202.198.33.222,1,44
150.75.181.167,1,40
203.77.30.206,1,40
133.149.80.95,1,40
202.198.57.104,1,40
133.11.82.236,1,40
150.75.134.210,1,40
163.33.204.151,1,40
133.149.80.201,1,40
133.11.93.58,1,40
163.33.210.245,1,60
133.149.181.49,1,48
133.149.21.100,2,80
203.77.80.179,1,40
133.11.107.160,4,192
133.149.53.98,1,44
133.149.220.222,1,40
163.33.231.116,1,44
150.75.138.142,1,40
133.149.218.73,1,40
133.149.157.22,1,40
150.75.197.151,1,44
163.33.207.96,1,40
150.75.22.76,1,44
150.75.191.130,1,40
150.75.134.57,1,40
133.149.61.237,1,40
133.11.95.199,1,40
150.75.127.177,1,40
150.75.228.199,1,40
163.33.192.135,1,40
133.11.114.143,1,40
163.33.122.193,1,40
133.149.33.18,1,68
150.75.127.172,1,40
133.11.125.96,1,40
150.75.248.112,1,44
133.149.9.116,1,40
150.75.93.22,1,40
150.75.56.140,1,40
163.33.24.140,1,64
150.75.197.114,1,40
150.75.46.150,1,40
202.198.17.149,1,40
203.77.74.140,1,44
150.75.33.184,1,40
163.33.174.16,3,309
163.33.120.46,1,40
150.75.2.92,1,40
163.33.228.163,1,52
133.149.220.152,1,40
133.149.42.238,1,40
163.33.44.53,1,40
202.25.107.221,1,52
133.11.127.222,1,40
163.33.215.137,2,80
133.11.121.8,1,40
133.149.94.54,1,44
133.149.0.244,1,40
133.149.80.197,1,576
150.75.96.209,1,44
150.75.147.138,1,40
150.75.160.94,1,40
150.75.167.236,1,44
133.149.54.41,1,68
202.198.56.176,1,40
133.149.0.14,1,44
133.149.159.208,1,68
133.11.82.136,1,40
150.75.24.7,1,40
202.198.55.80,1,40
203.77.91.96,1,40
150.75.170.141,1,40
163.33.13.163,1,40
133.149.103.1,1,52
150.75.254.99,1,40
133.149.239.233,1,40
133.149.102.152,1,40
163.33.66.172,1,40
133.149.45.18,2,80
163.33.95.116,2,96
163.33.138.160,1,40
133.149.226.134,1,40
150.75.20.111,1,44
203.77.2.75,1,40
150.75.236.72,1,40
163.33.98.250,2,80
163.33.13.92,2,80
150.75.96.25,1,40
203.77.10.176,1,40
163.33.168.94,1,40
133.149.72.55,1,40
163.33.146.113,1,44
133.149.79.171,1,40
150.75.77.104,1,40
133.11.120.53,1,44
133.149.5.9,1,40
133.149.186.120,1,40
133.149.186.164,1,40
203.77.17.63,1,40
163.33.228.249,1,40
163.33.177.91,1,40
203.77.20.232,1,40
163.33.108.217,1,44
163.33.86.24,1,44
163.33.161.82,1,40
163.33.89.64,1,40
163.33.211.240,2,260
133.149.44.3,1,40
150.75.63.127,1,40
133.149.42.216,3,156
133.149.61.232,1,44
133.149.48.48,1,44
163.33.75.209,1,40
163.33.134.72,1,40
133.149.97.53,1,44
150.75.95.207,1,40
163.33.51.245,3,120
133.149.213.93,1,40
163.33.120.38,1,40
163.33.183.44,1,40
150.75.130.57,1,40
163.33.254.152,1,40
150.75.85.62,1,40
133.149.229.115,1,68
150.75.178.82,1,44
133.149.219.173,1,44
163.33.126.101,1,40
133.149.186.35,1,40
133.149.251.18,1,40
203.77.104.10,1,40
133.11.111.77,1,40
150.75.6.176,1,44
133.11.108.102,1,68
133.149.46.232,1,40
133.11.116.160,1,68
150.75.154.117,1,40
133.149.153.29,1,68
150.75.142.154,1,40
163.33.165.127,1,40
133.149.27.97,2,84
133.149.219.202,1,40
133.149.142.120,1,40
163.33.186.63,1,44
133.149.157.33,1,40
163.33.101.33,1,44
133.11.80.32,1,68
150.75.134.14,1,40
133.149.114.7,1,40
133.149.113.30,1,40
202.198.45.59,1,40
203.77.46.214,1,40
133.11.111.11,1,40
150.75.2.120,1,40
133.149.184.40,1,68
150.75.203.185,1,40
202.198.4.49,1,40
133.149.35.80,1,40
133.149.227.172,1,40
163.33.252.123,2,104
163.33.199.214,1,40
133.149.130.189,1,68
163.33.223.87,1,40
150.75.180.244,2,80
203.77.89.94,1,44
133.149.161.145,1,40
150.75.197.88,1,40
150.75.211.135,1,40
133.11.125.35,1,40
163.33.131.249,1,40
163.33.39.114,1,40
163.33.166.70,24,14675
133.11.104.227,1,40
133.149.98.54,1,44
133.11.99.36,1,44
163.33.143.178,2,161
150.75.222.84,1,40
133.11.106.211,1,40
163.33.189.149,1,40
133.149.70.231,1,60
133.149.11.234,1,40
163.33.77.70,1,40
133.149.215.207,1,40
202.198.53.50,1,40
150.75.77.55,1,40
133.149.48.72,1,44
133.149.20.238,1,40
150.75.184.224,1,40
203.77.1.73,1,40
163.33.68.226,1,40
133.11.127.160,1,44
202.198.23.151,1,40
133.11.125.197,1,40
133.149.157.21,1,40
150.75.96.233,1,60
133.149.24.41,1,40
203.77.46.213,1,40
133.11.88.48,1,40
150.75.29.179,1,40
163.33.64.197,1,40
203.77.85.255,1,40
150.75.89.155,1,40
133.149.18.171,1,40
202.198.1.1,1,40
133.149.90.43,1,40
133.149.171.106,1,40
150.75.213.210,1,40
133.149.149.231,1,40
150.75.68.243,1,40
203.77.62.77,1,40
203.77.50.118,1,40
150.75.81.119,1,40
202.204.56.92,1,40
150.75.192.91,1,40
163.33.32.161,1,40
202.198.60.96,1,44
163.33.102.154,1,40
133.149.120.126,1,44
133.149.73.222,1,40
133.149.126.65,1,40
133.11.87.141,1,68
163.33.147.6,1,40
133.11.96.4,1,40
163.33.233.202,1,40
133.149.0.78,1,68
202.198.55.53,1,40
133.149.107.3,1,40
133.149.201.139,6,288
150.75.185.39,1,40
150.75.224.46,1,576
133.149.230.209,1,68
202.204.62.48,2,165
150.75.180.216,1,40
133.149.17.237,1,40
163.33.131.201,1,40
133.149.214.15,2,156
203.77.85.225,1,40
150.75.93.11,1,40
133.149.57.156,1,40
150.75.70.154,1,40
150.75.210.32,1,60
133.149.80.180,1,68
150.75.244.101,1,40
133.149.210.34,1,68
150.75.134.85,1,40
150.75.60.177,1,40
163.33.118.164,1,40
133.149.216.57,1,40
133.149.124.186,1,44
150.75.160.213,1,44
133.149.11.222,1,40
203.77.22.113,1,40
163.33.189.37,1,40
133.149.164.235,1,40
133.149.127.212,1,40
202.198.40.31,2,80
163.33.187.144,1,44
150.75.120.190,1,40
133.149.173.30,1,40
203.77.70.108,1,40
163.33.134.192,1,40
163.33.252.140,1,60
133.149.69.7,1,40
202.198.54.232,1,40
150.75.174.58,1,40
163.33.147.59,1,40
133.149.121.172,1,40
133.11.82.253,1,48
163.33.175.90,1,40
150.75.82.170,1,40
133.149.133.26,1,40
133.11.113.56,1,40
203.77.55.114,1,40
163.33.204.50,1,40
163.33.2.171,1,40
203.77.10.73,1,40
203.77.37.38,1,40
133.11.95.168,1,68
150.75.73.168,1,40
203.77.98.220,1,44
150.75.200.175,1,40
133.149.91.140,1,40
150.75.181.121,1,40
133.149.220.83,1,40
202.198.41.92,1,40
150.75.233.29,1,40
133.149.83.69,1,40
133.149.17.137,1,40
150.75.174.2,1,40
150.75.190.164,1,40
133.149.2.177,1,68
133.11.87.201,1,68
133.149.57.203,1,40
163.33.149.43,1,40
203.77.121.70,1,52
150.75.106.159,1,40
163.33.23.47,1,40
203.77.27.245,1,40
163.33.21.17,1,40
202.204.56.226,1,60
163.33.229.132,1,40
133.149.52.226,1,40
203.77.24.69,1,40
133.149.134.34,1,40
150.75.49.192,1,40
133.11.111.255,1,40
133.149.227.215,1,40
202.204.60.2,24,6997
133.149.21.66,1,68
133.149.155.152,1,40
133.11.92.83,1,44
133.149.210.203,1,40
150.75.162.222,1,40
203.77.61.243,1,40
133.149.237.7,1,44
203.77.11.121,1,40
202.198.12.129,1,52
133.149.17.81,1,68
150.75.224.119,1,40
133.149.82.30,1,40
133.149.32.47,1,40
163.33.23.177,1,40
202.198.38.89,1,40
133.149.90.95,1,44
202.198.4.150,1,40
202.198.4.131,1,40
203.77.14.78,1,52
150.75.184.176,1,40
150.75.107.50,1,40
202.198.51.41,1,44
163.33.252.90,1,40
133.149.137.180,1,40
163.33.78.122,1,48
150.75.163.48,1,40
150.75.79.71,1,40
133.149.119.245,1,40
133.11.97.219,1,40
202.198.8.136,1,40
163.33.2.77,2,80
150.75.200.55,1,40
150.75.15.196,1,40
150.75.107.11,1,40
163.33.218.13,1,40
202.198.47.222,1,44
150.75.165.121,1,40
150.75.139.173,1,40
133.149.166.162,1,40
133.149.109.66,2,80
203.77.17.161,1,40
202.198.16.46,1,69
150.75.231.148,1,40
150.75.68.52,1,44
202.198.25.84,1,40
202.198.29.121,1,40
203.77.67.93,1,40
150.75.71.50,1,40
150.75.215.235,1,40
150.75.237.41,1,40
133.149.190.68,1,40
133.149.154.182,1,40
163.33.195.225,1,40
163.33.79.131,1,40
163.33.140.103,3,428
202.25.109.67,1,40
150.75.7.66,1,40
163.33.18.197,1,40
150.75.147.5,1,40
133.149.4.211,1,68
203.77.70.56,1,40
133.11.120.212,1,40
203.77.20.177,1,40
133.149.137.37,1,40
133.11.108.125,1,68
163.33.94.53,744,1032023
150.75.181.158,1,60
133.149.226.172,1,68
150.75.67.116,1,40
150.75.133.105,1,52
202.198.8.40,1,40
202.25.109.89,1,40
133.149.115.5,1,40
150.75.100.191,1,40
133.149.213.74,2,80
133.149.24.239,1,40
133.149.253.196,1,40
163.33.253.228,1,40
133.149.30.209,1,40
150.75.247.28,1,40
203.77.110.219,1,40
133.11.81.23,1,40
203.77.108.187,1,40
150.75.55.158,1,40
163.33.91.21,1,40
150.75.53.119,1,40
202.25.109.179,1,40
150.75.96.192,1,40
203.77.85.138,1,40
133.149.16.50,1,40
133.149.155.207,1,40
133.11.94.2,1,40
133.149.185.160,1,40
203.77.109.186,1,44
203.77.126.32,2,80
163.33.220.10,1,40
163.33.229.10,1,40
150.75.137.74,1,40
150.75.149.42,1,44
163.33.52.89,1,121
133.149.155.181,1,40
133.149.60.202,1,40
202.204.63.9,1,40
163.33.172.209,1,40
163.33.52.6,3,377
133.11.111.216,1,40
150.75.92.109,1,44
133.149.37.5,1,40
133.149.154.246,2,80
150.75.13.31,1,40
133.11.84.21,1,40
133.149.114.129,1,40
133.149.169.126,1,40
163.33.173.105,1,44
133.11.101.165,1,68
202.198.0.249,1,40
150.75.90.107,1,40
133.149.175.217,1,40
150.75.214.190,1,40
133.149.134.26,1,40
133.149.21.160,1,40
203.77.62.159,1,52
150.75.182.24,1,40
202.204.57.252,1,40
203.77.44.239,1,40
133.149.233.193,1,68
163.33.140.128,1,40
203.77.121.69,1,115
163.33.41.11,1,40
150.75.218.78,1,44
203.77.108.180,2,80
133.149.161.174,1,44
150.75.101.71,1,40
133.149.27.109,1,40
163.33.41.191,1,40
133.11.65.50,1,68
133.149.125.119,1,40
202.198.39.22,1,40
150.75.138.11,1,40
150.75.0.146,1,40
133.149.33.239,1,40
203.77.20.251,1,40
133.149.224.121,1,68
150.75.6.221,1,40
202.198.17.166,1,40
163.33.194.120,1,40
133.149.133.60,1,68
133.149.194.5,1,44
163.33.159.195,1,40
133.149.53.63,1,52
133.149.175.98,1,40
150.75.45.249,1,40
202.198.24.224,1,40
133.149.185.26,1,40
133.149.67.20,1,40
163.33.70.68,1,40
150.75.191.117,1,40
133.149.219.244,2,108
163.33.234.44,5,5796
203.77.95.147,1,40
133.149.178.51,1,40
133.149.225.139,1,68
163.33.237.156,2,80
133.149.3.207,1,40
133.149.65.4,1,40
133.149.42.206,1,40
163.33.210.47,1,40
163.33.94.81,1,40
133.149.81.197,1,48
133.149.110.68,1,68
133.149.175.165,1,40
163.33.244.152,2,135
203.77.32.156,1,40
133.149.172.129,1,68
133.149.60.12,1,40
133.149.87.196,2,92
150.75.8.204,1,40
133.149.134.35,1,68
133.11.82.210,1,40
163.33.221.89,1,40
163.33.13.194,1,40
163.33.141.221,5,1802
163.33.149.109,1,40
133.149.222.32,1,40
163.33.247.179,2,80
203.77.95.114,1,40
163.33.19.57,1,52
163.33.194.215,1,40
203.77.126.151,1,40
150.75.0.171,1,40
133.149.106.113,1,40
150.75.69.15,2,88
163.33.174.29,1,40
133.149.189.209,1,40
133.149.156.112,1,40
150.75.10.243,1,40
150.75.130.77,1,40
133.149.194.234,1,40
133.11.81.135,1,40
150.75.108.20,2,104
163.33.221.212,1,40
150.75.205.248,1,44
133.149.88.199,1,60
133.149.154.181,1,68
150.75.243.0,1,40
202.198.1.43,1,40
163.33.71.113,1,40
133.149.24.96,1,40
163.33.44.98,2,80
133.149.122.215,1,40
133.149.103.247,1,40
163.33.153.198,1,40
150.75.64.94,1,44
133.149.192.46,1,40
133.149.118.182,1,40
163.33.58.137,1,40
133.11.125.237,1,40
163.33.203.126,2,155
133.149.209.122,1,68
133.149.186.128,1,40
133.149.228.9,1,40
163.33.166.44,1,112
163.33.126.15,1,40
203.77.33.125,1,40
163.33.246.27,1,40
133.149.118.103,1,40
150.75.211.132,1,40
150.75.124.25,1,40
133.11.65.102,2,108
202.198.20.18,1,40
150.75.226.55,1,40
163.33.44.10,1,40
133.149.106.223,1,40
203.77.44.116,1,40
163.33.199.157,3,215
150.75.217.181,2,88
133.149.3.181,1,40
163.33.168.121,1,40
150.75.135.22,1,40
133.149.40.238,2,92
133.149.103.80,1,68
150.75.95.16,1,40
133.149.223.239,1,40
163.33.143.226,2,80
133.149.3.135,1,40
133.11.70.163,3,164
133.149.43.168,1,40
163.33.17.88,1,40
202.198.56.151,1,52
133.149.221.10,1,40
163.33.243.1,1,40
163.33.187.153,1,40
133.11.88.111,1,40
202.198.6.155,1,40
150.75.126.148,2,80
133.149.193.31,1,40
150.75.241.119,1,44
202.198.16.148,1,40
163.33.23.54,1,40
202.198.14.132,1,40
133.149.92.171,1,40
133.149.25.4,1,40
133.149.45.142,1,40
133.149.0.208,1,40
150.75.124.247,1,40
203.77.18.206,1,40
203.77.102.171,1,40
133.149.166.250,1,40
163.33.183.215,1,40
133.149.37.146,1,40
133.149.13.252,1,40
163.33.237.36,2,153
133.149.199.85,1,40
163.33.219.229,1,40
202.204.58.143,1,48
150.75.187.10,1,40
163.33.229.76,1,40
203.77.112.179,1,52
150.75.60.248,2,112
163.33.210.121,1,44
163.33.107.210,1,40
163.33.25.80,1,52
150.75.220.107,1,40
163.33.211.22,1,40
133.149.117.151,1,40
133.149.205.79,1,40
203.77.91.217,1,40
203.77.109.202,1,44
203.77.11.13,1,40
163.33.201.247,70,3640
163.33.23.211,1,44
150.75.114.174,1,52
150.75.108.214,1,44
150.75.24.93,1,40
203.77.61.119,1,40
150.75.180.226,1,52
203.77.56.197,1,40
150.75.151.157,1,40
163.33.51.215,1,40
150.75.90.24,1,40
133.149.146.8,1,68
163.33.140.135,1,67
133.149.61.82,1,40
133.149.215.29,1,40
133.149.71.96,1,68
150.75.102.197,1,52
202.198.55.94,1,44
133.149.29.10,1,40
133.149.40.46,1,121
133.149.154.100,1,68
203.77.107.179,1,40
163.33.169.45,1,40
133.149.118.108,1,40
133.11.97.104,1,44
163.33.82.36,2,84
133.149.248.6,1,40
133.149.73.243,1,40
133.11.85.101,1,48
163.33.95.40,4,247
133.149.7.74,1,40
202.198.34.24,1,40
133.149.41.25,1,68
163.33.217.80,1,40
150.75.140.39,1,40
133.149.192.240,1,40
150.75.155.40,1,40
133.149.219.77,1,40
150.75.108.91,1,40
150.75.144.118,1,40
203.77.58.67,1,40
150.75.247.88,1,40
133.149.122.31,1,40
150.75.69.52,1,44
163.33.174.17,2,143
203.77.75.161,1,40
133.149.1.168,1,40
133.11.104.242,1,40
163.33.236.210,1,52
150.75.128.237,1,40
133.149.237.234,1,68
150.75.202.91,1,40
133.149.112.33,1,40
150.75.211.9,1,40
133.149.79.204,1,40
133.149.175.170,1,68
133.149.8.126,1,40
203.77.106.92,1,44
133.149.32.253,1,52
133.149.45.163,1,40
202.198.45.54,1,40
133.149.179.97,1,40
133.11.102.183,1,68
133.149.166.241,1,40
163.33.166.228,1,40
150.75.171.221,1,40
133.149.159.159,1,40
150.75.97.255,2,88
150.75.194.224,1,40
150.75.224.120,1,40
150.75.188.131,1,40
150.75.168.172,1,44
133.149.128.210,1,40
163.33.66.149,1,40
163.33.38.10,1,40
133.149.217.251,1,44
133.149.95.106,1,68
163.33.120.160,1,40
163.33.202.207,1,40
150.75.45.202,1,40
133.149.121.242,1,68
203.77.95.76,1,40
163.33.221.207,1,40
133.11.100.138,1,40
150.75.240.5,1,40
133.149.234.248,1,40
133.149.27.218,1,40
203.77.49.105,1,44
203.77.122.74,1,64
150.75.160.11,1,40
203.77.91.234,1,40
150.75.69.22,1,40
163.33.174.35,1,313
150.75.92.150,1,40
163.33.210.236,1,40
133.149.118.174,1,40
133.149.105.199,1,40
150.75.114.231,1,40
133.149.73.75,1,40
133.149.243.75,1,68
133.11.115.240,1,44
133.149.105.235,1,68
133.149.64.63,1,44
150.75.151.237,1,40
133.149.196.252,1,40
203.77.127.28,2,88
163.33.225.187,1,40
133.149.234.162,1,40
163.33.73.251,1,44
133.149.94.211,1,44
133.149.171.241,1,44
133.149.71.184,1,40
150.75.65.241,1,40
202.198.26.177,1,40
133.149.248.74,1,40
133.149.199.5,1,68
133.149.113.173,1,40
163.33.225.231,1,40
133.149.27.127,1,68
203.77.76.79,1,40
150.75.164.18,1,40
150.75.117.183,1,40
133.149.72.72,1,40
133.149.71.245,1,40
133.149.191.101,1,44
133.149.64.109,1,68
150.75.210.177,1,40
133.149.49.178,1,68
150.75.47.101,1,40
150.75.51.50,1,40
203.77.5.32,1,40
133.11.87.143,1,40
133.149.51.18,1,44
163.33.41.127,1,40
150.75.91.20,1,40
133.149.189.94,1,44
133.149.195.129,1,44
133.149.22.31,1,68
202.198.54.57,1,44
133.11.89.41,1,40
150.75.155.180,1,40
202.204.57.152,1,40
163.33.156.124,1,40
163.33.175.28,1,40
133.11.89.171,1,68
133.149.67.118,1,44
133.149.79.179,1,68
133.149.138.96,1,40
133.149.114.126,1,40
163.33.218.40,1,40
133.149.15.52,1,68
203.77.4.4,1,44
133.11.88.33,1,40
203.77.52.34,1,40
163.33.185.201,1,40
150.75.226.247,1,40
150.75.178.56,1,40
133.149.35.33,1,40
163.33.37.201,1,40
150.75.55.38,1,40
150.75.113.90,1,40
203.77.37.79,1,40
202.198.11.118,1,40
133.11.113.114,1,40
202.198.21.203,1,40
163.33.195.189,1,40
133.149.96.244,1,40
163.33.7.180,1,40
133.149.31.61,1,44
203.77.113.231,1,40
163.33.66.13,1,40
150.75.23.250,1,40
133.149.167.228,1,40
163.33.25.101,2,80
133.11.110.248,1,40
150.75.139.92,1,40
133.11.110.87,1,44
150.75.85.112,1,40
133.11.97.205,1,68
163.33.248.34,1,40
150.75.25.86,1,40
163.33.79.79,1,40
202.204.56.91,1,40
163.33.218.116,1,40
133.149.6.103,1,40
133.149.1.130,1,68
150.75.231.161,1,40
133.11.72.138,1,44
150.75.231.169,1,40
133.149.23.109,1,40
133.149.135.105,1,40
202.198.17.46,1,40
133.149.64.97,1,40
133.149.30.53,1,40
163.33.94.43,1,40
150.75.40.80,1,40
133.149.120.98,1,40
133.149.127.55,1,40
133.149.216.157,2,80
163.33.9.171,1,40
133.149.146.9,1,40
133.149.130.15,1,40
163.33.213.228,1,44
133.149.242.241,1,40
163.33.8.64,1,40
133.149.99.51,1,40
163.33.15.136,1,40
150.75.231.13,1,40
163.33.242.62,1,40
133.149.63.57,1,40
133.149.57.106,1,40
163.33.99.175,1,81
163.33.245.84,1,44
163.33.37.64,1,40
163.33.203.37,3,794
163.33.27.235,1,40
150.75.231.194,1,40
133.149.60.5,1,40
133.11.94.4,1,40
163.33.163.188,1,40
133.149.20.189,1,40
133.149.9.196,2,80
202.198.21.220,1,40
203.77.21.188,1,44
133.11.68.189,1,68
163.33.37.27,1,40
150.75.246.105,1,40
133.149.25.48,1,52
150.75.117.201,1,40
133.149.16.144,1,40
133.149.218.55,1,40
150.75.118.220,1,40
150.75.142.201,1,40
163.33.49.203,1,40
163.33.218.0,1,40
133.149.87.173,1,40
163.33.246.156,5,262
150.75.80.206,1,40
133.149.42.9,1,40
133.149.216.252,1,40
150.75.245.98,1,40
150.75.144.66,1,40
202.204.62.102,2,80
203.77.109.136,1,44
163.33.23.96,1,40
150.75.164.73,1,40
133.149.144.6,1,68
150.75.20.43,1,40
133.11.90.125,1,40
133.149.201.80,1,68
133.149.54.50,1,40
133.149.153.154,1,44
150.75.40.216,1,40
133.149.157.224,1,68
150.75.155.158,1,40
203.77.52.63,1,40
203.77.58.203,1,40
163.33.218.107,2,80
133.149.240.7,1,68
133.11.84.203,1,40
133.149.205.197,1,68
163.33.114.138,1,40
202.198.51.216,1,44
163.33.92.194,4,374
150.75.235.233,1,44
163.33.46.179,1,40
150.75.172.197,1,30
163.33.63.130,5,765
203.77.13.132,1,40
150.75.164.65,2,80
133.149.80.24,1,40
150.75.97.129,1,40
150.75.87.248,1,40
203.77.125.124,2,80
150.75.113.246,1,40
163.33.113.48,1,40
163.33.212.246,1,40
150.75.54.166,1,40
163.33.202.46,1,40
163.33.76.255,1,40
133.149.78.175,1,68
203.77.33.197,1,40
203.77.97.182,1,40
150.75.168.239,1,40
133.149.127.129,1,40
203.77.76.211,1,40
163.33.252.139,10,4995
133.149.80.27,1,40
150.75.15.147,1,40
133.149.115.173,1,68
133.11.92.61,1,44
203.77.79.238,1,40
150.75.164.146,1,40
150.75.164.63,1,40
150.75.161.207,1,40
163.33.9.216,1,44
202.198.17.121,1,40
150.75.29.165,1,576
133.149.91.130,1,40
163.33.160.114,1,40
150.75.242.191,1,40
133.149.157.230,1,40
133.149.135.161,1,40
133.149.116.239,1,40
133.149.201.22,1,40
203.77.118.144,4,216
150.75.15.135,1,40
163.33.193.236,1,40
150.75.11.86,1,40
163.33.63.129,3,466
163.33.85.249,1,40
133.11.125.61,1,68
163.33.71.102,1,40
133.149.103.224,1,44
150.75.224.111,1,52
163.33.112.233,1,60
133.149.95.127,1,40
150.75.247.67,1,48
133.149.88.63,1,40
202.204.58.195,1,40
163.33.30.224,1,40
133.149.106.162,1,40
133.149.180.179,1,40
203.77.75.178,1,40
163.33.57.212,1,40
133.149.240.136,1,68
150.75.171.216,1,40
163.33.95.201,1,40
163.33.30.89,1,40
163.33.235.185,1,40
163.33.12.36,1,40
133.149.185.112,1,68
163.33.186.177,1,40
133.11.116.127,1,52
133.149.89.177,1,40
163.33.31.189,1,40
133.11.80.65,1,40
150.75.24.43,1,40
150.75.198.62,1,40
163.33.88.195,1,860
133.149.200.114,1,40
163.33.133.252,1,40
163.33.239.42,1,115
203.77.125.122,2,80
163.33.207.114,1,40
150.75.79.212,1,58
163.33.246.157,4,1139
150.75.91.21,2,80
133.11.68.67,1,68
133.149.50.65,2,108
163.33.244.65,4,2122
150.75.226.119,1,40
203.77.16.101,1,40
150.75.244.103,1,44
150.75.157.146,1,40
133.149.187.228,1,40
203.77.120.93,3,377
163.33.90.143,1,40
133.11.105.199,1,40
202.204.59.174,1,40
163.33.185.123,1,44
163.33.195.114,1,40
150.75.212.38,1,40
150.75.57.27,1,40
202.198.35.22,1,40
203.77.28.26,1,40
133.149.160.227,1,40
133.149.162.68,1,40
133.149.29.25,1,44
163.33.44.93,1,40
202.198.50.15,1,40
133.11.121.112,1,40
150.75.82.146,1,40
133.11.100.197,1,40
133.149.169.104,1,40
163.33.47.169,2,80
133.149.114.124,1,40
133.149.92.247,1,44
133.149.49.211,1,68
203.77.118.65,2,80
163.33.70.130,1,40
133.149.248.149,1,68
163.33.11.53,1,40
133.149.123.65,1,44
133.149.122.149,1,40
133.149.157.70,1,40
133.149.42.164,1,68
133.11.125.155,1,40
133.11.101.238,1,40
163.33.167.234,1,40
133.149.11.104,2,80
150.75.124.248,1,40
150.75.161.29,1,40
203.77.13.115,1,44
202.198.18.169,1,40
150.75.5.130,1,40
163.33.115.204,1,40
133.11.86.55,1,68
202.198.29.199,1,40
133.149.89.63,1,68
150.75.244.66,1,40
133.149.169.17,1,40
133.149.31.176,1,68
133.149.138.22,1,40
133.149.24.72,1,68
163.33.7.158,1,40
150.75.242.62,1,40
150.75.124.174,1,40
133.149.136.253,1,68
133.149.206.237,1,68
163.33.85.204,1,40
150.75.48.206,1,40
133.149.232.255,1,40
203.77.11.92,1,40
133.149.220.210,1,40
150.75.95.177,1,40
203.77.36.118,1,40
163.33.30.204,1,44
202.198.22.92,1,40
163.33.210.64,1,40
133.149.103.205,1,52
163.33.152.128,1,40
163.33.141.172,1,113
133.11.111.39,1,68
203.77.112.35,1,40
133.149.158.197,1,40
202.198.52.111,1,40
133.11.92.121,1,44
163.33.240.121,1,40
133.149.235.66,1,40
163.33.232.142,16,1231
150.75.212.153,1,44
150.75.116.121,1,44
163.33.92.117,3,411
150.75.43.14,1,40
163.33.235.229,1,40
150.75.101.151,1,60
202.204.60.48,1,44
163.33.25.102,1,40
133.149.10.222,1,40
133.149.56.140,1,40
203.77.127.205,1,40
150.75.159.203,1,40
133.149.6.54,1,68
150.75.126.9,1,44
203.77.73.239,1,40
150.75.212.133,1,40
203.77.119.180,2,188
133.11.101.214,1,40
203.77.1.199,1,48
133.149.160.147,1,40
133.149.11.252,1,68
203.77.117.67,5,420
163.33.42.179,1,40
163.33.142.107,1,44
133.11.100.180,1,40
150.75.66.17,1,40
202.198.10.69,1,40
133.149.115.200,1,68
163.33.109.3,1,40
133.149.209.24,1,40
203.77.126.155,1,40
202.198.10.15,1,40
133.149.206.175,1,60
163.33.166.85,1,40
150.75.204.114,1,60
150.75.253.136,1,40
133.149.1.66,1,40
163.33.69.64,1,40
150.75.122.140,1,40
133.11.120.105,1,40
163.33.179.146,1,44
133.149.226.140,1,40
150.75.235.107,1,40
163.33.218.60,1,40
163.33.2.227,1,40
163.33.122.79,1,40
133.149.123.244,1,40
133.11.120.234,1,40
150.75.62.71,1,40
163.33.160.134,1,40
133.11.113.14,1,68
163.33.236.202,1,52
202.198.53.40,1,40
133.149.193.39,1,40
133.11.81.159,1,40
133.149.141.138,1,68
150.75.130.226,1,40
163.33.221.13,1,40
133.11.93.128,1,40
203.77.71.60,1,40
133.11.107.86,1,68
150.75.67.192,1,40
203.77.99.55,1,40
150.75.86.137,1,44
133.149.48.62,1,68
133.149.84.215,1,68
133.11.105.143,1,40
203.77.18.125,1,127
163.33.136.84,1,40
150.75.102.5,1,40
163.33.92.200,44,59153
133.149.219.142,1,40
163.33.123.52,1,40
203.77.114.134,1,40
203.77.12.39,1,40
133.149.1.104,1,40
150.75.236.162,1,40
163.33.28.225,1,40
150.75.134.238,1,40
202.198.37.53,1,44
163.33.209.175,1,40
150.75.222.200,1,40
150.75.128.123,1,40
163.33.72.39,1,40
202.198.24.138,2,80
163.33.152.32,1,40
150.75.58.237,1,44
133.149.160.65,1,40
133.149.145.252,1,40
163.33.10.179,1,40
133.11.113.70,1,40
150.75.234.87,1,40
163.33.80.182,1,40
133.149.158.221,1,40
163.33.95.26,1,40
150.75.109.94,1,121
133.149.209.53,1,52
163.33.170.101,1,40
150.75.92.173,1,40
133.11.122.147,1,40
163.33.40.163,1,40
133.149.6.215,1,40
163.33.14.52,1,40
203.77.0.159,1,40
163.33.141.146,1,40
150.75.63.14,1,40
202.25.109.177,1,36
133.149.150.139,1,44
163.33.254.241,1,52
150.75.93.227,1,40
150.75.225.116,1,44
163.33.171.5,1,40
150.75.113.214,1,40
133.149.92.177,1,40
163.33.69.152,1,40
150.75.39.238,1,40
203.77.77.220,1,40
150.75.65.108,1,40
133.149.209.25,1,40
133.11.102.158,1,68
133.149.96.200,1,40
203.77.28.12,1,40
163.33.92.49,1,40
133.149.143.114,1,40
133.149.86.229,1,40
203.77.124.19,1,40
150.75.50.132,1,60
133.11.85.98,1,48
133.149.32.129,1,44
133.149.187.149,1,68
203.77.105.107,1,40
133.149.234.9,1,40
133.149.68.137,1,40
163.33.207.118,1,40
150.75.35.250,1,40
203.77.74.227,1,40
133.149.68.153,1,40
133.149.245.4,1,126
133.149.182.16,1,40
163.33.151.161,1,44
163.33.17.166,1,40
133.149.28.97,1,68
163.33.126.203,1,40
163.33.121.78,1,44
133.11.93.41,1,68
163.33.66.20,1,40
163.33.138.142,1,40
163.33.156.102,1,40
150.75.194.115,1,40
150.75.70.167,1,40
150.75.52.168,1,40
133.149.96.82,1,40
163.33.179.209,1,40
133.149.122.206,1,68
163.33.168.168,2,92
203.77.125.72,1,40
163.33.47.239,1,40
133.149.21.159,1,40
150.75.220.153,1,40
133.11.68.100,1,40
163.33.203.0,2,364
203.77.69.192,1,40
203.77.39.23,1,40
163.33.139.133,1,40
203.77.3.27,1,40
133.11.89.224,1,68
203.77.5.76,2,80
133.11.97.47,1,60
203.77.104.238,1,40
203.77.15.25,1,30
150.75.79.93,1,40
163.33.11.41,2,282
133.149.203.84,1,40
133.149.147.82,1,68
150.75.148.168,1,40
133.149.49.55,1,68
133.149.91.92,1,40
133.149.32.137,1,40
133.11.126.135,1,44
133.11.126.30,1,68
133.149.69.70,1,68
202.198.32.57,1,44
150.75.248.143,1,40
133.11.124.253,1,68
150.75.187.132,1,40
133.149.58.126,1,68
150.75.31.80,1,40
133.11.90.48,1,40
133.149.64.241,1,68
150.75.232.118,1,40
133.11.92.123,1,68
163.33.150.153,1,40
150.75.227.231,1,44
150.75.25.105,1,40
133.149.96.176,1,52
133.149.98.238,1,44
163.33.96.176,1,40
150.75.160.200,1,40
133.149.253.131,1,68
203.77.107.156,1,40
150.75.30.203,1,40
203.77.105.33,1,44
203.77.47.130,1,40
163.33.113.144,1,40
163.33.154.165,1,40
150.75.184.62,1,40
150.75.185.168,1,40
133.149.211.27,1,40
163.33.49.184,1,40
150.75.65.144,1,40
150.75.114.84,1,40
203.77.5.133,1,44
150.75.241.246,1,40
133.149.45.252,1,40
150.75.178.197,1,44
133.149.237.212,1,40
150.75.241.241,2,120
163.33.95.136,1,40
163.33.140.12,1,40
202.198.38.113,1,40
163.33.92.85,45,53380
133.149.103.227,1,40
133.149.97.4,1,68
150.75.104.44,1,40
133.11.104.193,1,68
150.75.99.159,1,40
163.33.224.210,1,44
133.149.151.127,1,40
133.149.240.35,1,68
150.75.252.124,1,40
133.149.50.225,1,44
133.11.96.89,1,40
163.33.140.9,1,40
150.75.114.100,1,40
163.33.53.161,1,40
150.75.95.79,1,60
150.75.65.94,1,40
150.75.34.178,1,40
150.75.94.1,1,40
133.149.30.129,1,40
133.149.121.155,1,40
150.75.19.113,1,40
150.75.175.50,1,40
133.11.125.209,1,92
133.11.73.135,1,44
133.149.17.161,1,68
202.198.5.82,1,44
150.75.242.59,1,40
133.149.242.165,1,40
203.77.113.92,1,40
150.75.15.58,1,60
150.75.149.143,1,40
133.11.67.72,1,40
133.149.22.87,1,40
133.11.91.212,1,40
150.75.135.221,1,40
203.77.20.142,1,40
163.33.83.183,1,40
133.149.245.44,1,68
133.149.75.173,1,68
202.204.63.41,1,40
133.149.120.147,1,40
133.149.149.178,1,68
150.75.227.192,1,44
202.198.17.132,1,220
203.77.117.188,1,40
133.149.8.14,1,40
163.33.226.210,1,40
150.75.66.77,1,40
133.149.139.125,1,60
203.77.66.137,1,40
150.75.242.111,1,40
133.11.114.241,1,40
133.149.124.3,1,40
133.149.157.209,1,40
163.33.23.12,1,40
202.198.61.57,1,60
133.11.74.181,1,44
150.75.97.225,1,40
203.77.114.171,1,44
163.33.147.108,1,40
133.149.157.85,1,68
150.75.37.136,1,40
150.75.105.82,1,40
202.25.109.231,1,40
133.149.242.192,1,60
133.149.152.62,1,40
202.198.55.233,1,60
133.149.76.78,1,40
133.11.85.17,1,40
203.77.30.192,1,40
150.75.98.169,1,40
133.149.98.5,1,40
150.75.66.162,1,40
150.75.105.24,1,44
133.149.163.8,1,40
133.149.235.126,1,40
133.149.237.251,1,40
133.149.233.38,1,68
133.149.179.226,1,40
163.33.159.111,1,40
163.33.215.113,1,40
150.75.35.228,1,44
150.75.90.135,1,40
163.33.50.245,1,44
133.149.15.61,1,40
133.149.151.121,1,40
150.75.243.209,1,40
150.75.130.34,1,40
203.77.106.253,1,48
133.149.222.10,1,44
163.33.63.175,1,111
150.75.243.63,1,40
203.77.54.38,1,40
150.75.60.165,1,40
163.33.248.162,2,111
163.33.99.192,1,61
163.33.58.110,1,121
150.75.110.22,1,44
133.11.87.58,1,40
133.149.149.166,1,68
150.75.65.22,1,40
150.75.184.170,1,40
133.149.255.244,2,80
133.149.93.22,1,52
133.149.93.68,1,68
150.75.141.197,1,40
133.149.8.204,1,40
133.149.39.212,1,40
150.75.186.5,1,40
133.149.61.115,1,68
133.149.90.197,1,40
133.149.149.83,1,68
163.33.165.36,1,40
133.149.39.210,1,68
150.75.67.184,1,40
163.33.72.249,1,40
203.77.46.107,1,40
163.33.111.206,1,40
203.77.48.65,1,40
202.198.35.132,1,40
150.75.131.56,1,40
133.11.76.60,1,40
133.149.37.97,1,40
133.149.134.123,1,68
133.149.31.39,1,92
150.75.250.89,1,40
150.75.155.135,1,40
163.33.142.94,1,44
203.77.68.52,1,45
163.33.135.35,1,40
163.33.190.167,1,40
133.149.189.235,1,68
150.75.39.63,1,40
150.75.198.130,1,40
202.198.58.224,1,44
203.77.48.252,1,40
163.33.240.184,1,40
133.11.124.179,1,68
150.75.21.201,1,40
163.33.191.200,1,98
133.11.72.6,1,44
150.75.137.201,1,40
133.11.95.19,1,68
133.149.52.119,1,68
163.33.154.47,1,40
150.75.158.21,1,40
163.33.52.56,1,40
133.11.100.93,1,68
203.77.88.188,1,40
150.75.242.46,1,40
163.33.123.41,2,104
203.77.66.211,1,40
133.11.83.80,1,48
133.149.68.174,1,68
150.75.218.227,1,52
133.149.43.231,1,68
133.149.192.179,1,40
163.33.234.38,1,48
133.149.153.206,1,40
163.33.245.65,1,40
150.75.129.32,1,40
150.75.136.227,1,52
133.149.1.56,1,68
150.75.163.149,1,40
203.77.39.205,1,40
202.198.9.97,1,40
133.149.135.24,1,68
133.149.21.163,1,40
202.198.26.207,2,80
163.33.199.95,1,40
203.77.110.68,1,52
163.33.226.171,1,44
203.77.113.218,1,40
133.149.1.80,1,44
163.33.252.71,2,80
163.33.254.217,1,40
150.75.201.171,1,40
150.75.17.38,1,40
150.75.56.144,1,40
203.77.63.80,1,40
133.149.111.244,1,68
163.33.214.247,1,40
133.149.72.141,1,68
202.198.51.151,1,40
163.33.196.243,1,40
202.198.38.135,1,60
150.75.55.231,1,40
203.77.52.183,1,40
133.11.98.201,1,40
163.33.235.19,1,40
133.11.83.16,1,68
163.33.112.0,1,40
163.33.138.67,1,40
163.33.104.184,1,40
133.149.37.251,1,68
163.33.30.75,1,40
203.77.92.207,1,40
203.77.57.217,1,40
163.33.203.58,1,40
163.33.98.247,1,40
150.75.21.97,1,40
163.33.155.84,1,40
163.33.242.173,1,40
163.33.181.139,1,40
163.33.245.191,1,40
150.75.104.209,1,40
150.75.21.63,1,40
133.11.65.235,1,60
133.149.244.120,1,40
150.75.139.80,1,40
133.149.206.68,1,44
163.33.157.226,1,40
150.75.156.194,1,44
163.33.135.39,1,40
133.149.12.84,1,40
133.149.18.254,1,40
163.33.184.43,1,40
133.149.79.40,1,40
202.198.63.207,1,40
133.149.74.131,1,68
202.198.25.60,1,40
202.198.5.87,1,40
163.33.108.5,1,40
133.149.102.235,1,44
163.33.141.239,1,40
133.149.47.36,1,40
150.75.153.103,1,40
163.33.109.96,1,52
150.75.55.93,1,40
163.33.86.56,1,40
133.149.102.239,1,44
133.11.74.108,1,40
163.33.198.55,1,40
150.75.236.181,1,40
133.149.49.8,1,40
203.77.106.122,1,40
150.75.129.6,1,40
163.33.207.169,1,44
150.75.241.51,1,40
150.75.229.212,1,40
163.33.215.75,1,40
150.75.229.98,1,68
163.33.60.154,1,40
150.75.117.195,1,40
163.33.173.40,1,40
133.149.217.101,1,40
150.75.83.184,1,40
202.204.62.14,1,40
203.77.66.109,1,40
133.149.124.217,2,80
133.149.11.84,1,40
163.33.65.11,1,40
150.75.137.107,1,40
133.149.32.199,1,40
163.33.254.140,1,40
133.149.143.239,1,40
163.33.53.96,1,40
203.77.88.137,2,80
163.33.93.137,1,40
163.33.142.45,1,40
133.11.121.103,1,44
163.33.68.217,1,40
133.11.122.143,1,40
150.75.66.81,1,40
163.33.40.43,1,68
203.77.111.244,1,40
133.149.106.159,1,52
163.33.142.11,1,40
133.11.74.127,1,40
150.75.43.46,1,40
163.33.34.181,1,40
163.33.92.5,1,52
150.75.193.64,1,40
133.11.107.101,1,40
133.149.247.193,1,40
133.11.81.151,1,40
150.75.103.248,1,40
150.75.39.190,1,40
150.75.12.141,1,40
133.149.166.77,2,80
150.75.29.38,1,40
133.149.106.123,1,68
150.75.93.3,1,40
133.11.87.32,1,40
133.149.236.250,1,68
150.75.162.243,2,80
163.33.17.63,1,44
133.149.161.217,1,40
133.149.81.48,1,68
133.149.109.44,1,40
163.33.88.57,1,40
163.33.161.207,1,48
150.75.11.115,1,40
163.33.21.166,1,40
163.33.206.53,1,40
163.33.223.92,1,40
163.33.109.64,1,40
133.149.90.108,1,40
133.11.106.74,1,40
163.33.253.57,1,40
163.33.199.250,1,40
133.149.224.133,1,40
202.198.24.47,1,40
133.149.99.115,1,40
150.75.177.23,1,44
203.77.65.161,1,52
133.11.82.120,1,40
150.75.4.11,1,40
163.33.148.41,1,40
133.11.103.72,1,40
133.149.165.111,1,68
203.77.88.108,1,40
133.11.127.27,1,40
133.149.132.76,1,40
133.11.105.211,1,68
163.33.243.107,1,40
202.198.2.159,1,44
133.149.61.103,1,40
133.149.50.59,1,125
202.25.109.57,1,40
133.149.220.132,1,44
133.11.92.20,1,44
150.75.173.37,1,40
150.75.136.150,1,40
163.33.148.69,1,40
133.149.227.30,1,40
133.149.186.91,1,40
163.33.44.155,1,40
133.149.206.72,1,40
133.149.98.27,1,52
133.149.103.41,1,40
133.149.144.69,1,40
163.33.104.87,1,40
150.75.157.161,1,40
163.33.95.131,11,1595
150.75.123.113,1,40
163.33.213.119,1,44
133.11.127.62,1,40
133.149.228.109,1,44
150.75.228.214,1,40
133.149.63.62,1,40
133.11.112.62,1,40
133.149.247.157,1,40
202.25.109.160,1,40
203.77.102.211,1,40
163.33.103.222,1,40
133.149.36.166,1,68
133.149.110.10,1,40
202.198.4.120,1,40
203.77.58.51,1,40
150.75.20.51,1,52
163.33.85.107,1,40
150.75.172.181,1,40
150.75.253.83,1,44
133.149.177.128,1,68
163.33.148.92,1,40
150.75.223.175,1,40
203.77.67.108,1,40
133.149.94.238,1,68
133.149.38.194,1,68
202.198.53.109,1,40
133.149.169.190,1,40
133.149.44.181,1,68
133.149.51.241,1,40
133.149.85.68,1,40
133.11.122.200,1,120
150.75.0.231,1,40
150.75.218.13,1,40
133.149.76.112,1,44
163.33.165.236,1,40
133.149.53.88,1,68
133.149.94.249,1,68
163.33.66.223,1,40
133.149.198.155,1,40
133.149.19.183,1,40
133.11.74.139,1,40
150.75.128.217,1,40
133.11.92.69,1,68
133.149.71.242,1,40
133.149.53.231,1,40
150.75.176.158,1,40
133.11.116.203,1,40
133.149.59.68,1,40
133.149.141.60,1,44
133.149.118.32,1,68
163.33.85.31,1,40
202.198.4.234,1,60
202.198.32.197,1,40
133.149.240.68,1,40
133.149.231.88,1,40
163.33.215.156,1,40
150.75.181.168,1,40
150.75.238.138,1,40
163.33.173.208,1,40
163.33.126.174,1,40
150.75.128.220,1,40
133.149.79.49,1,40
133.149.48.242,2,108
150.75.244.29,1,40
150.75.168.233,1,40
163.33.114.9,1,44
202.198.55.17,1,40
133.149.41.62,1,40
163.33.229.7,1,40
163.33.215.125,1,40
203.77.34.236,1,40
163.33.110.221,1,40
150.75.36.199,2,80
133.149.116.10,1,68
133.149.161.247,1,40
150.75.216.58,1,40
163.33.233.101,1,40
150.75.175.45,1,40
133.11.89.209,1,40
133.149.55.150,1,40
133.149.75.63,1,68
133.149.85.80,1,40
133.149.60.25,1,40
150.75.63.104,1,40
133.149.10.189,1,68
133.149.48.22,1,68
150.75.231.144,1,40
203.77.73.166,1,40
163.33.50.96,1,40
202.198.4.151,1,40
133.149.89.5,1,40
133.149.93.187,1,68
163.33.78.206,1,40
133.149.225.56,1,44
133.149.229.250,1,68
133.149.103.45,1,68
163.33.82.147,1,40
133.149.241.172,1,40
150.75.200.131,1,40
163.33.49.198,1,40
203.77.91.162,1,40
163.33.85.136,1,40
133.149.71.56,1,68
133.149.181.204,1,40
163.33.51.104,1,40
133.149.167.140,1,68
133.149.45.177,1,68
133.149.117.0,1,68
163.33.184.108,1,40
150.75.102.194,1,40
163.33.137.18,1,56
133.149.53.29,1,40
150.75.11.52,1,40
133.149.15.97,1,68
150.75.162.151,1,40
133.11.84.10,1,40
133.149.97.187,1,40
150.75.94.105,1,40
150.75.65.192,1,40
133.149.26.128,2,108
133.11.93.82,1,40
133.149.156.176,1,40
163.33.121.172,1,40
202.198.13.120,1,40
163.33.151.170,1,40
133.149.33.170,1,40
150.75.204.144,1,40
150.75.18.13,1,40
150.75.15.201,1,40
150.75.31.153,1,40
163.33.1.149,1,40
163.33.228.224,1,40
150.75.103.39,1,40
203.77.36.151,1,40
150.75.39.55,1,44
150.75.209.247,1,40
150.75.123.131,1,40
203.77.67.139,1,40
163.33.49.220,1,40
150.75.24.101,1,40
203.77.58.61,1,40
203.77.56.136,1,40
163.33.85.60,1,52
150.75.17.99,1,44
150.75.15.224,1,40
163.33.159.226,1,40
133.11.102.205,1,40
133.11.107.40,1,44
133.149.163.19,1,40
150.75.151.186,1,40
163.33.103.84,1,44
203.77.62.157,1,40
163.33.72.44,1,44
150.75.0.92,1,40
163.33.1.173,1,40
133.11.106.187,1,40
150.75.156.220,1,40
150.75.139.110,1,40
163.33.12.10,1,40
150.75.200.188,1,40
163.33.162.154,1,40
133.149.3.175,1,68
163.33.198.4,1,40
133.149.190.230,1,44
202.198.32.74,1,40
163.33.18.58,1,40
150.75.206.241,1,40
133.149.15.232,1,40
133.149.230.143,1,40
163.33.217.34,1,40
163.33.61.102,1,40
203.77.57.125,1,40
163.33.216.118,1,44
150.75.225.67,2,80
163.33.99.117,1,44
150.75.140.212,1,40
150.75.152.252,1,40
202.204.61.110,1,40
203.77.82.115,1,40
133.149.109.93,1,44
163.33.162.69,1,40
133.149.152.247,1,68
163.33.245.26,1,44
163.33.81.200,1,40
133.149.65.80,1,40
133.11.125.34,1,40
163.33.248.134,1,44
150.75.226.250,1,40
150.75.39.8,1,40
133.11.119.202,1,68
150.75.227.111,1,40
133.149.233.11,1,40
163.33.182.71,1,40
203.77.35.250,1,40
150.75.70.113,1,44
163.33.39.40,1,40
150.75.81.42,1,40
150.75.231.55,1,40
203.77.5.44,1,40
203.77.120.105,4,446
133.149.111.158,1,68
133.149.138.76,1,40
133.149.99.160,1,40
163.33.36.234,2,172
150.75.107.153,3,120
202.198.47.178,1,40
133.149.46.98,1,40
133.149.248.38,1,68
203.77.11.101,1,40
133.149.84.10,1,44
133.11.116.242,1,68
133.149.223.235,1,40
150.75.35.123,1,40
133.149.18.189,1,40
163.33.198.216,1,40
150.75.162.1,1,40
202.198.13.41,1,40
133.149.237.245,1,68
133.149.55.135,1,40
133.149.119.247,1,40
133.149.81.51,1,40
163.33.157.19,1,40
203.77.48.92,1,40
163.33.12.53,1,52
133.11.116.191,1,40
202.204.59.236,1,40
203.77.66.201,1,40
150.75.235.208,1,40
150.75.186.232,1,40
163.33.12.188,1,40
150.75.104.140,1,40
203.77.89.63,1,40
202.198.44.154,1,40
163.33.61.205,1,40
133.149.101.18,1,40
150.75.89.24,1,40
133.149.44.95,1,68
203.77.65.17,1,40
133.11.119.2,1,68
202.198.4.162,1,40
203.77.116.244,2,219
202.198.12.26,1,40
133.149.97.25,1,68
150.75.69.101,1,40
133.11.95.216,1,40
163.33.215.179,1,44
133.149.10.22,1,68
133.11.100.113,1,68
163.33.231.152,1,40
203.77.114.74,1,57
163.33.227.32,1,44
133.149.224.187,1,40
133.149.161.61,1,68
163.33.213.227,1,44
133.11.116.170,1,40
203.77.22.57,1,40
133.149.192.146,1,40
163.33.81.128,1,40
150.75.78.228,1,40
133.149.224.200,1,40
203.77.64.25,1,40
203.77.90.26,1,40
163.33.236.226,1,60
133.149.35.74,1,40
150.75.237.140,1,40
133.149.146.181,1,40
150.75.119.38,1,40
133.149.134.233,1,40
150.75.176.88,1,40
133.149.108.6,1,40
163.33.252.27,1,40
163.33.28.36,1,40
150.75.120.233,1,40
133.149.181.158,1,40
163.33.117.32,1,52
133.11.71.7,1,40
133.149.200.206,1,40
133.149.200.189,1,40
202.204.58.137,1,48
133.11.106.245,1,44
203.77.97.61,1,40
150.75.200.164,1,40
133.149.122.117,1,44
163.33.3.234,1,40
133.149.52.131,1,40
133.149.182.148,1,68
133.149.113.182,1,40
203.77.35.108,1,40
150.75.205.34,1,40
150.75.183.189,1,40
203.77.6.81,1,40
150.75.115.108,2,92
150.75.231.0,1,40
163.33.67.242,1,40
202.198.23.96,1,40
203.77.27.189,1,40
150.75.17.137,1,28
163.33.203.102,1,40
133.149.0.55,1,44
133.11.86.195,1,68
133.149.243.139,1,40
150.75.92.140,1,60
133.149.251.32,1,68
133.149.149.230,1,40
150.75.126.10,1,52
202.198.10.70,1,40
133.149.145.214,1,68
203.77.66.118,1,40
163.33.244.191,1,40
163.33.93.98,1,115
150.75.5.55,1,40
150.75.73.105,1,40
133.11.65.170,1,40
203.77.12.193,1,40
150.75.145.110,1,40
202.198.11.131,1,40
202.198.3.47,1,40
133.149.9.162,1,44
133.149.44.116,1,68
133.149.139.42,1,40
133.149.244.245,1,40
150.75.85.36,1,40
133.11.69.115,1,40
163.33.211.19,5,795
163.33.194.92,1,44
202.198.48.245,1,40
133.149.128.244,1,40
150.75.202.103,1,40
150.75.135.249,1,40
133.149.24.142,1,40
133.11.81.238,1,68
133.149.150.144,1,68
150.75.91.6,1,40
150.75.126.158,1,40
133.149.213.109,1,68
163.33.215.247,1,44
203.77.120.29,1,40
203.77.62.40,1,40
150.75.192.122,1,40
203.77.86.175,1,40
133.149.201.48,1,48
202.198.40.204,1,40
203.77.12.156,1,40
133.11.73.153,1,68
133.11.126.226,1,68
133.11.108.170,1,68
133.149.235.53,1,40
150.75.58.35,1,40
163.33.124.255,1,40
163.33.187.197,1,40
133.149.61.62,1,40
150.75.7.187,1,40
163.33.244.187,1,74
150.75.140.169,1,44
163.33.154.219,1,40
133.149.72.178,1,40
202.198.40.24,1,40
150.75.154.140,1,40
202.198.52.153,1,40
133.149.191.3,1,40
163.33.251.62,1,40
163.33.192.255,1,44
163.33.120.120,1,40
150.75.62.96,1,40
133.149.162.126,1,40
150.75.146.20,2,80
202.25.107.202,1,40
133.11.90.143,1,68
133.11.108.239,1,40
133.149.111.157,1,40
150.75.188.233,1,40
150.75.63.27,1,40
133.149.87.41,1,68
150.75.0.106,1,44
150.75.251.67,1,40
133.149.92.77,1,40
133.149.80.140,1,121
163.33.106.113,1,40
150.75.192.74,1,40
133.149.5.58,1,40
133.149.161.47,1,68
133.11.79.236,1,40
150.75.252.203,1,40
150.75.82.193,1,40
203.77.88.247,1,44
202.198.60.159,1,40
202.198.39.181,1,40
163.33.151.8,1,40
133.149.244.89,1,40
203.77.62.18,1,40
150.75.57.165,1,40
133.149.144.28,1,40
163.33.0.30,1,40
163.33.107.251,8,4605
202.25.109.42,1,40
203.77.51.231,1,40
150.75.188.130,1,40
133.11.64.6,1,40
203.77.37.220,1,40
163.33.23.238,1,40
163.33.236.117,1,40
150.75.159.21,1,40
163.33.144.246,1,40
163.33.98.221,1,40
150.75.252.238,1,40
150.75.189.7,1,40
150.75.240.68,1,40
203.77.83.214,1,40
133.149.48.3,1,40
150.75.62.161,1,40
150.75.62.41,1,40
150.75.33.88,1,40
203.77.89.42,1,40
163.33.251.32,1,48
133.11.121.92,1,40
133.149.99.96,1,40
133.11.95.188,1,40
150.75.229.149,1,40
163.33.42.190,1,40
163.33.37.156,1,40
150.75.219.132,1,40
163.33.59.30,1,40
203.77.63.219,1,52
133.149.247.133,1,40
203.77.15.140,1,40
163.33.255.169,3,377
203.77.116.224,1,40
163.33.107.221,8,4605
163.33.23.239,1,40
203.77.71.195,1,40
163.33.244.87,1,40
133.149.70.118,1,40
150.75.51.27,1,40
133.149.183.197,1,68
150.75.126.0,1,40
203.77.30.222,1,44
203.77.116.210,4,294
202.198.32.82,1,40
133.11.104.174,1,68
150.75.205.132,1,40
150.75.168.151,1,40
133.149.30.135,1,40
133.149.240.161,1,40
150.75.95.220,1,40
133.11.66.96,1,40
133.11.68.170,1,68
150.75.76.143,1,40
163.33.105.7,1,40
150.75.36.24,1,40
163.33.82.41,1,40
163.33.220.211,1,44
133.149.95.252,2,104
202.198.10.107,1,40
133.149.165.34,1,40
133.149.62.25,1,40
133.149.10.225,1,68
203.77.15.130,1,40
133.149.220.226,1,40
163.33.6.232,1,40
203.77.81.138,1,40
203.77.70.83,1,40
133.11.90.203,1,40
163.33.38.106,1,40
163.33.156.145,1,40
150.75.84.26,1,40
150.75.152.80,1,40
203.77.79.127,1,40
133.149.166.239,1,68
133.11.96.247,1,48
150.75.214.76,1,44
150.75.243.249,1,40
163.33.2.65,1,40
150.75.178.59,1,40
203.77.111.46,1,40
203.77.119.253,1,40
163.33.246.93,6,4291
163.33.220.99,1,40
150.75.133.161,1,40
133.149.199.218,1,68
163.33.174.22,1,40
203.77.57.63,1,44
163.33.165.37,1,40
133.149.227.236,1,40
133.11.90.90,1,40
150.75.167.40,1,40
133.149.183.44,1,40
133.149.239.249,1,40
133.11.87.87,1,40
150.75.126.34,1,40
163.33.223.196,1,40
133.149.91.211,1,40
133.11.107.147,1,40
150.75.166.244,1,40
163.33.82.130,1,52
163.33.254.249,1,40
133.149.168.9,1,68
163.33.68.82,1,40
133.149.160.210,1,40
133.11.123.120,1,40
133.149.19.172,1,40
163.33.203.173,1,40
150.75.194.50,1,40
163.33.254.103,1,44
203.77.22.205,1,48
163.33.235.215,2,104
133.149.164.160,1,40
133.149.183.121,1,68
203.77.79.222,1,40
133.149.244.249,1,40
150.75.31.170,1,40
133.149.88.49,1,68
202.198.15.3,1,40
133.149.206.100,1,40
163.33.48.150,1,40
203.77.40.222,1,40
133.149.14.76,1,40
133.149.149.58,1,40
133.149.169.131,1,68
163.33.215.176,1,60
133.149.69.53,1,44
133.149.29.18,1,40
133.149.72.134,1,40
133.149.123.130,1,40
163.33.193.194,1,40
150.75.10.129,1,40
150.75.9.45,1,40
203.77.90.79,1,40
133.149.7.142,1,40
203.77.119.235,1,44
150.75.135.230,1,40
133.149.118.80,1,68
163.33.3.239,1,40
150.75.214.35,1,40
163.33.24.67,1,40
133.149.13.89,1,40
163.33.222.153,1,40
202.198.17.91,1,40
163.33.228.230,1,40
133.11.120.119,1,40
133.149.57.38,1,68
133.149.64.11,1,40
163.33.176.242,1,40
133.149.70.170,1,68
163.33.244.93,1,40
163.33.140.35,1,60
150.75.128.2,1,44
203.77.98.82,1,40
163.33.100.65,1,40
150.75.169.110,1,40
163.33.193.102,1,40
150.75.100.204,1,40
163.33.207.70,1,121
203.77.95.127,1,40
150.75.12.86,1,40
203.77.74.130,1,40
202.198.55.96,1,40
133.11.80.57,1,40
203.77.31.113,1,44
203.77.88.56,1,40
133.149.106.172,1,40
163.33.203.79,1,52
163.33.15.123,1,40
203.77.100.80,1,40
150.75.39.159,1,40
150.75.14.140,1,40
133.11.76.244,1,40
163.33.211.133,1,40
133.149.165.84,1,40
133.11.90.113,1,40
150.75.163.141,1,40
163.33.233.106,1,103
163.33.39.87,1,40
163.33.62.173,2,208
133.149.46.140,1,44
133.149.153.10,1,68
133.11.117.231,2,84
150.75.101.225,1,40
163.33.196.148,1,58
150.75.103.114,1,40
133.149.250.63,1,40
133.149.37.77,1,48
133.149.55.25,1,40
203.77.103.48,1,40
133.149.119.121,1,40
163.33.245.169,1,40
150.75.209.45,1,40
133.149.121.161,1,40
202.198.6.224,1,44
133.149.215.86,1,40
150.75.237.245,1,44
163.33.159.31,1,40
163.33.41.42,1,40
203.77.126.112,1,40
163.33.235.73,1,40
163.33.1.59,1,48
133.149.17.153,1,40
163.33.91.39,1,40
150.75.214.188,1,40
163.33.199.163,1,40
163.33.101.103,1,40
163.33.83.9,1,40
202.198.9.251,1,40
133.149.88.119,1,40
150.75.32.206,1,40
163.33.226.164,1,40
133.11.104.230,1,40
202.198.25.27,1,40
202.25.109.236,1,44
150.75.28.52,1,40
163.33.178.86,1,40
163.33.176.81,1,52
150.75.128.184,1,40
150.75.2.207,1,40
150.75.142.49,1,40
163.33.95.189,2,80
133.149.47.91,1,40
163.33.183.119,1,40
150.75.164.39,1,40
133.149.143.107,1,48
150.75.33.202,1,40
150.75.198.145,1,40
163.33.206.129,1,127
133.149.219.146,1,40
163.33.21.65,1,44
133.149.197.100,1,40
202.25.107.134,1,52
150.75.51.167,1,40
150.75.226.173,1,40
163.33.235.58,1,40
203.77.48.156,1,40
203.77.5.126,1,40
163.33.226.49,1,40
163.33.235.51,1,40
133.149.206.176,1,40
150.75.37.232,1,40
150.75.80.90,1,40
203.77.28.213,1,40
150.75.139.56,1,40
150.75.134.74,1,44
150.75.152.82,1,44
163.33.41.166,1,40
133.149.66.37,1,40
203.77.6.218,1,40
133.11.75.88,1,40
133.149.8.38,1,40
133.11.90.35,1,40
150.75.250.95,1,40
150.75.11.54,1,40
133.11.115.52,1,68
150.75.64.80,1,52
150.75.164.56,1,40
202.198.22.50,1,40
150.75.11.113,1,40
163.33.155.145,1,40
163.33.175.66,1,52
163.33.21.127,1,40
163.33.230.119,1,40
150.75.22.54,1,48
133.11.95.91,1,40
150.75.221.30,1,40
150.75.92.67,1,40
203.77.47.160,1,40
150.75.69.135,1,44
203.77.85.71,1,40
133.149.141.55,1,45
133.11.74.237,1,68
133.149.132.246,1,40
150.75.169.182,1,40
133.149.12.57,2,108
202.198.21.182,2,80
133.149.211.51,1,68
163.33.108.168,1,40
150.75.92.7,1,40
150.75.222.155,1,40
202.198.60.236,1,40
133.149.10.236,1,40
150.75.188.15,1,40
133.149.230.219,1,40
203.77.28.134,1,40
150.75.108.152,1,40
163.33.58.32,1,40
133.149.79.229,1,40
133.149.102.20,1,44
133.149.78.169,1,40
150.75.108.203,1,40
163.33.174.23,1,115
133.149.95.118,1,40
150.75.45.25,1,40
163.33.162.189,1,40
150.75.128.187,1,40
133.149.223.14,1,68
133.149.222.20,1,40
163.33.230.188,1,40
163.33.34.31,1,40
203.77.91.193,1,40
202.198.20.61,1,40
163.33.142.96,1,44
163.33.124.186,1,40
150.75.132.163,2,88
163.33.8.73,1,40
150.75.154.188,1,40
203.77.54.200,1,40
133.149.118.123,1,68
203.77.110.129,1,40
203.77.16.148,1,40
133.149.74.231,1,68
203.77.27.94,1,40
133.11.82.90,1,40
163.33.94.216,1,40
163.33.95.207,1,40
133.149.189.178,1,68
150.75.201.183,1,60
202.198.7.144,1,40
203.77.62.115,1,40
150.75.128.218,1,40
133.149.55.94,1,40
133.149.120.115,1,40
203.77.69.159,1,40
163.33.80.31,9,4506
150.75.178.80,1,40
163.33.62.97,1,40
163.33.176.49,1,40
202.198.36.251,1,40
133.11.127.1,1,576
133.149.78.163,1,40
203.77.12.197,1,40
133.149.217.235,1,40
163.33.39.134,1,44
203.77.123.61,1,40
203.77.47.140,1,44
150.75.204.236,1,40
133.149.178.219,1,68
150.75.177.195,1,40
163.33.31.14,1,44
150.75.222.112,1,40
133.11.87.82,1,48
133.149.208.202,1,40
133.149.247.189,1,44
133.149.246.68,1,68
150.75.62.25,1,40
133.149.167.184,1,40
202.198.11.224,1,40
203.77.125.154,1,52
163.33.176.104,1,40
150.75.146.73,1,40
202.198.53.184,2,80
163.33.246.18,1,40
163.33.0.35,1,40
203.77.120.201,1,96
133.149.115.171,1,40
202.198.48.171,1,40
133.149.125.93,1,44
133.149.53.99,1,52
150.75.98.38,1,40
133.149.44.45,1,40
133.149.40.86,1,40
133.149.169.221,1,40
163.33.164.91,1,40
163.33.196.123,1,40
202.198.20.198,1,40
133.11.97.49,1,68
150.75.155.82,1,40
163.33.140.222,5,879
150.75.10.17,1,44
133.149.202.198,1,40
150.75.38.23,1,52
202.198.38.154,1,40
133.149.228.199,1,40
133.149.100.131,1,40
133.149.193.210,1,44
202.198.0.171,1,40
203.77.79.197,1,44
150.75.120.34,1,40
163.33.15.36,1,40
133.149.79.236,1,40
150.75.148.198,1,40
133.149.123.76,1,68
163.33.169.0,1,40
150.75.95.122,1,40
133.149.13.88,1,40
203.77.60.24,1,44
202.204.60.8,4,237
150.75.55.132,1,40
133.11.81.96,1,40
150.75.121.2,1,40
163.33.229.255,1,40
150.75.55.20,1,40
203.77.49.46,1,40
133.149.65.238,1,40
133.11.108.64,1,40
150.75.217.185,2,616
203.77.7.4,1,40
163.33.54.105,1,40
133.11.110.251,1,68
163.33.162.104,2,88
150.75.44.98,1,40
163.33.7.68,1,40
150.75.238.226,1,40
133.149.126.232,1,68
133.149.132.6,1,68
163.33.107.15,1,40
163.33.138.75,1,124
133.149.241.29,1,68
203.77.108.250,1,40
202.198.49.38,1,40
150.75.140.153,1,40
150.75.77.73,1,60
133.149.186.255,1,40
163.33.168.153,1,52
150.75.69.145,1,40
133.149.1.60,1,40
203.77.33.210,1,44
163.33.193.105,1,40
203.77.33.110,1,44
150.75.245.150,1,40
163.33.90.244,1,40
133.149.186.3,1,40
133.149.42.158,1,40
163.33.83.187,1,40
163.33.244.167,1,40
150.75.13.204,1,44
133.11.91.217,1,68
150.75.197.211,1,40
150.75.72.80,1,40
150.75.213.11,1,40
202.204.60.112,5,418
163.33.95.98,2,135
133.149.240.224,1,40
133.149.187.95,1,44
150.75.111.89,2,1152
150.75.189.46,1,40
163.33.169.92,1,40
163.33.158.4,1,44
150.75.155.173,1,40
203.77.56.140,1,40
133.149.35.0,1,68
150.75.135.168,1,40
202.198.2.91,1,52
133.149.160.204,1,68
150.75.162.180,1,40
150.75.4.42,1,40
150.75.7.144,1,40
150.75.100.153,1,40
202.198.57.38,1,40
163.33.195.165,1,40
133.149.95.196,1,40
163.33.142.74,1,40
133.149.69.75,1,40
133.149.176.209,1,40
133.149.94.220,1,40
163.33.141.191,1,48
163.33.30.158,1,40
203.77.113.202,1,44
133.149.180.22,1,40
133.149.221.194,1,40
133.149.35.230,1,40
133.149.30.17,1,44
133.149.222.23,1,68
150.75.22.226,1,40
150.75.187.8,1,40
133.149.185.68,1,40
163.33.230.49,1,40
150.75.184.229,1,40
163.33.249.124,1,49
150.75.57.211,1,40
163.33.28.194,1,40
150.75.141.99,1,40
133.149.11.25,1,68
133.149.184.38,1,40
203.77.20.243,1,40
163.33.138.68,1,40
163.33.62.90,1,40
163.33.70.115,1,58
150.75.99.173,1,40
163.33.74.24,1,40
133.149.108.152,1,40
203.77.85.173,1,40
163.33.38.138,1,40
203.77.95.153,1,40
163.33.250.224,1,40
133.11.107.235,1,44
133.149.243.188,1,40
133.149.156.107,1,68
133.149.29.87,1,40
133.11.70.172,3,179
133.11.81.95,1,40
150.75.230.118,1,40
150.75.174.209,1,40
203.77.44.29,1,40
163.33.250.143,1,40
133.149.222.144,1,40
202.198.28.185,1,40
203.77.14.104,1,40
163.33.240.157,1,40
133.149.72.2,1,40
133.149.29.200,1,68
133.149.189.60,1,60
150.75.74.187,1,60
150.75.236.89,1,40
203.77.126.140,2,80
150.75.222.166,1,40
150.75.47.210,1,40
163.33.45.222,1,40
133.149.114.20,1,40
133.149.181.174,1,40
163.33.41.116,1,44
150.75.44.35,1,40
133.149.152.221,1,40
203.77.108.31,1,40
163.33.240.202,1,40
163.33.198.239,1,40
150.75.157.92,1,40
163.33.83.103,1,40
150.75.1.139,1,40
150.75.176.25,1,40
150.75.78.85,1,40
150.75.255.75,1,40
133.149.24.67,1,40
133.149.106.145,1,40
133.11.70.188,1,40
163.33.27.61,1,40
150.75.16.130,1,40
133.149.221.243,1,40
133.149.137.54,1,40
150.75.54.203,1,40
150.75.126.124,1,40
133.149.29.177,1,40
163.33.22.88,1,40
163.33.86.248,1,40
163.33.198.148,1,40
150.75.26.167,1,40
150.75.59.85,1,40
133.149.94.5,1,40
133.149.212.73,1,40
133.149.240.113,1,40
150.75.42.157,1,40
133.149.202.107,1,40
133.149.119.230,1,40
150.75.60.140,1,40
133.149.132.232,1,40
163.33.20.61,1,40
150.75.182.1,1,40
150.75.30.28,1,44
163.33.140.94,1,40
203.77.45.60,1,40
133.11.76.238,1,68
150.75.107.13,1,40
150.75.129.106,1,40
150.75.89.54,1,40
163.33.59.107,1,44
150.75.36.198,1,40
133.149.35.192,1,40
133.149.151.56,1,68
133.149.23.242,1,44
202.198.22.171,1,44
163.33.165.19,1,40
133.149.226.37,1,40
163.33.61.59,1,40
133.149.225.32,1,40
133.149.25.75,1,44
150.75.171.28,2,80
163.33.133.248,1,40
163.33.235.134,1,40
133.11.75.127,1,40
150.75.39.51,1,40
150.75.15.146,1,121
163.33.206.179,1,48
150.75.172.122,1,40
133.11.109.149,1,40
150.75.13.222,1,40
163.33.26.156,1,40
133.11.101.8,1,40
133.11.69.107,1,44
163.33.22.128,1,40
150.75.127.94,1,40
163.33.249.167,1,40
202.198.10.199,1,40
163.33.93.232,1,101
150.75.213.34,1,40
150.75.216.38,1,40
163.33.141.200,2,112
133.149.106.143,1,40
202.198.53.21,1,40
150.75.248.252,1,44
163.33.247.140,4,661
150.75.36.242,1,40
163.33.123.122,1,40
133.149.210.51,1,576
163.33.4.40,1,40
203.77.112.84,2,80
203.77.90.234,1,44
133.149.96.24,1,40
203.77.60.171,1,44
133.11.81.83,1,40
150.75.126.171,1,40
150.75.101.72,1,40
133.11.103.127,1,68
150.75.158.117,1,40
133.11.89.24,1,68
150.75.238.10,1,40
163.33.226.249,1,40
133.149.52.51,1,68
133.149.194.19,1,40
133.149.21.53,1,68
203.77.117.46,1,40
203.77.92.74,1,40
133.11.86.209,1,68
133.149.65.137,1,68
133.149.171.55,1,44
133.149.213.29,1,68
150.75.172.134,1,40
133.11.86.213,1,40
133.149.32.64,1,40
163.33.203.238,1,40
133.149.95.191,1,40
203.77.112.157,1,44
203.77.49.122,1,40
133.149.110.166,1,40
133.149.162.108,1,40
133.149.117.49,1,68
163.33.209.136,1,40
133.149.15.8,1,40
133.149.156.62,1,68
133.149.136.66,1,68
133.149.226.30,1,40
133.11.114.45,1,40
150.75.236.184,1,40
203.77.36.157,1,40
150.75.56.69,1,40
163.33.95.194,1,40
133.11.83.85,1,40
133.149.59.126,1,40
133.149.76.101,1,52
133.149.244.106,1,40
133.149.137.98,1,40
150.75.236.152,1,40
202.198.49.213,1,40
133.149.88.38,1,40
203.77.82.253,1,40
163.33.117.30,1,40
133.149.91.155,1,40
202.198.27.176,1,40
163.33.140.105,1,40
202.198.56.105,1,40
150.75.85.149,1,44
133.149.73.210,1,40
202.198.5.47,1,40
150.75.219.81,1,40
150.75.112.144,1,40
150.75.219.193,1,40
150.75.152.217,2,108
150.75.246.50,1,40
203.77.5.85,1,40
133.149.175.137,1,68
133.149.188.78,1,40
133.149.212.144,1,40
150.75.86.100,1,40
203.77.58.102,1,40
133.149.88.122,1,40
133.149.103.129,1,40
163.33.221.133,1,40
133.149.228.57,1,40
133.149.63.71,1,40
150.75.91.0,1,40
133.149.107.177,1,40
133.149.63.64,1,40
150.75.61.129,1,40
133.149.142.250,1,68
133.149.173.238,1,68
202.204.63.84,1,40
133.149.196.127,1,44
133.149.57.194,1,68
133.149.222.86,1,40
133.149.150.185,1,40
133.11.84.161,1,44
150.75.179.248,1,40
133.149.198.15,1,68
203.77.1.209,1,40
163.33.223.43,1,40
163.33.141.224,2,139
163.33.102.138,1,40
163.33.52.142,1,52
163.33.153.230,2,80
150.75.246.152,1,40
133.149.61.107,1,40
133.149.235.28,1,40
163.33.239.66,1,103
133.149.133.139,1,40
150.75.157.34,1,40
133.149.248.23,1,68
163.33.251.60,1,44
163.33.236.129,1,40
133.149.164.15,1,44
133.149.92.52,1,40
133.149.94.176,1,40
163.33.139.4,1,40
163.33.109.215,1,40
150.75.226.165,1,40
163.33.62.230,1,40
150.75.62.229,1,40
163.33.149.160,1,40
133.11.97.153,1,68
150.75.40.189,1,40
133.149.100.240,1,40
133.11.86.135,1,40
203.77.28.112,1,40
150.75.104.225,1,40
163.33.244.38,1,52
133.149.172.125,1,40
150.75.34.22,1,40
203.77.32.162,1,40
163.33.187.176,1,40
150.75.250.152,1,40
163.33.121.134,1,44
203.77.79.210,1,40
163.33.246.4,1,40
150.75.235.180,1,40
163.33.20.142,1,40
150.75.235.31,1,40
133.149.100.230,1,40
163.33.204.234,1,40
150.75.69.99,1,40
150.75.87.215,1,40
150.75.224.214,1,40
150.75.34.98,1,40
133.149.140.24,1,40
133.149.13.56,1,68
202.198.36.43,1,40
163.33.83.93,1,44
150.75.61.138,1,40
150.75.252.172,1,40
163.33.132.86,3,156
133.149.188.185,1,40
203.77.111.17,1,40
150.75.148.79,1,40
133.149.193.47,1,40
133.149.197.226,1,40
202.198.23.138,1,40
133.149.69.54,1,68
163.33.252.92,1,40
133.149.72.17,1,68
150.75.34.229,1,40
133.149.205.32,1,40
202.198.27.194,1,40
163.33.69.181,1,40
150.75.20.92,1,40
133.149.4.80,1,40
150.75.59.150,1,44
150.75.194.158,1,40
133.149.179.133,1,44
163.33.104.75,1,40
150.75.128.44,1,44
202.198.55.150,1,40
133.149.121.128,1,40
150.75.86.19,1,40
150.75.77.129,1,44
150.75.176.74,1,40
150.75.148.9,1,40
133.149.35.103,1,40
163.33.63.149,1,40
133.149.196.245,1,68
163.33.4.140,1,40
203.77.125.76,1,40
133.149.198.85,1,40
150.75.197.85,1,40
163.33.49.227,1,40
163.33.208.132,1,40
133.149.232.254,1,68
163.33.242.157,1,40
133.149.2.98,1,40
133.149.48.240,1,40
133.149.239.226,1,40
163.33.46.54,1,40
133.11.94.216,1,68
163.33.186.0,1,40
133.149.78.76,1,40
163.33.185.67,1,40
133.149.103.20,1,40
163.33.60.30,1,44
150.75.177.114,1,40
163.33.157.105,1,44
133.149.59.34,1,68
133.149.209.13,1,40
163.33.0.94,1,44
163.33.185.228,7,1601
202.198.1.170,1,40
133.149.226.141,1,40
202.198.56.227,1,40
150.75.243.1,1,40
163.33.237.80,1,40
133.149.76.123,1,40
133.149.14.200,1,40
150.75.188.22,1,40
163.33.239.86,1,52
133.11.116.54,1,68
203.77.86.77,1,40
163.33.27.101,1,40
150.75.94.21,1,40
133.149.190.181,1,68
150.75.6.91,1,40
133.11.103.202,1,40
163.33.136.52,1,44
133.149.120.140,1,68
133.149.137.137,1,40
133.11.105.64,1,68
150.75.219.93,1,40
133.149.24.89,1,40
163.33.73.64,1,40
133.149.157.198,1,40
150.75.99.192,1,40
150.75.17.105,1,40
150.75.15.38,1,40
150.75.167.18,1,40
202.198.21.224,1,40
133.149.253.102,1,68
150.75.109.230,1,40
133.149.161.187,1,68
133.149.5.193,1,68
203.77.38.142,1,40
163.33.188.149,2,104
150.75.199.50,1,40
150.75.43.18,1,40
133.149.2.156,1,40
150.75.71.36,1,40
133.11.66.82,1,40
133.149.86.0,1,44
133.149.85.175,1,40
163.33.138.185,1,40
133.149.136.53,1,40
150.75.33.15,1,44
203.77.3.11,1,40
150.75.29.164,1,40
133.149.54.130,1,40
133.149.69.184,1,40
150.75.35.224,1,40
150.75.102.17,1,40
150.75.63.18,1,40
150.75.21.93,1,40
133.149.232.37,1,44
133.149.181.26,1,68
133.149.183.58,1,44
203.77.95.104,1,40
133.149.164.68,1,44
163.33.27.187,1,40
203.77.37.144,1,40
203.77.74.11,1,40
203.77.80.114,1,40
150.75.92.159,1,40
133.149.103.250,1,40
133.149.222.243,1,40
150.75.190.150,2,80
202.198.28.167,1,40
163.33.214.126,1,40
133.149.149.109,1,40
133.149.12.255,1,44
150.75.200.129,1,40
163.33.126.99,1,40
202.25.109.105,1,40
133.149.157.13,1,40
150.75.208.124,1,40
150.75.56.216,1,40
150.75.171.47,1,40
163.33.223.93,1,44
133.11.96.225,1,68
163.33.39.208,1,44
133.149.104.231,1,40
163.33.239.223,1,40
150.75.79.245,1,40
150.75.226.4,1,40
133.149.24.167,1,68
133.149.62.123,1,40
133.149.92.82,1,40
203.77.108.111,1,40
202.198.58.216,1,40
150.75.29.71,1,40
163.33.94.122,1,40
133.149.8.140,1,68
150.75.97.204,1,40
133.11.86.7,1,40
203.77.97.205,1,40
203.77.79.244,1,40
133.149.171.165,1,40
133.149.44.54,1,40
133.149.159.181,1,40
133.149.167.159,1,68
133.149.184.12,1,40
163.33.75.205,1,40
150.75.238.78,1,40
202.198.52.252,1,44
150.75.25.240,1,40
203.77.113.46,1,40
163.33.6.199,1,40
133.149.112.41,1,40
163.33.105.17,1,40
202.198.54.58,1,40
133.149.69.126,1,40
163.33.201.112,1,40
150.75.184.100,1,40
163.33.187.181,1,40
150.75.166.249,1,40
202.198.18.42,1,40
163.33.21.219,1,40
163.33.223.42,1,68
163.33.122.171,1,40
133.11.92.148,1,44
163.33.87.198,1,40
163.33.213.48,1,40
203.77.79.194,1,40
133.149.166.131,1,40
133.149.59.62,1,40
133.149.147.189,1,68
150.75.159.59,1,40
163.33.39.29,1,40
133.149.106.216,1,40
203.77.120.63,2,80
133.149.103.164,1,68
133.149.83.79,1,40
203.77.36.149,1,40
133.149.61.211,1,68
150.75.127.95,1,40
133.149.109.222,1,40
133.149.218.33,1,40
150.75.140.92,1,60
203.77.112.194,1,40
133.149.228.127,1,68
163.33.61.93,1,40
150.75.254.211,2,120
163.33.234.244,1,40
133.149.242.32,1,40
150.75.115.126,1,40
133.149.143.6,1,40
133.11.107.229,1,40
133.149.53.97,1,40
163.33.199.99,1,40
203.77.115.244,1,40
150.75.243.104,1,40
133.149.172.50,1,40
202.198.54.111,1,40
202.198.44.247,1,40
133.149.53.91,1,68
163.33.56.115,1,40
163.33.226.226,1,68
150.75.114.5,1,40
133.149.54.114,1,40
133.149.164.55,1,44
163.33.70.4,1,40
133.149.95.153,1,40
203.77.103.211,1,40
150.75.248.59,1,40
163.33.150.148,1,40
150.75.179.213,1,44
150.75.77.127,1,40
163.33.128.162,1,40
133.149.230.121,1,40
150.75.120.223,1,40
163.33.59.47,1,40
133.149.181.205,1,40
133.149.233.164,1,40
133.11.78.189,1,40
163.33.117.142,1,44
133.149.74.192,1,40
133.149.149.111,1,40
133.11.66.238,1,40
150.75.35.26,1,40
133.11.94.215,1,52
163.33.28.238,1,40
150.75.118.207,1,40
203.77.30.86,1,44
202.25.109.40,1,40
150.75.31.186,1,40
150.75.122.177,1,40
133.149.149.218,1,40
202.198.50.24,1,40
163.33.10.150,1,40
133.11.71.56,1,68
133.149.29.83,1,40
133.149.140.84,1,40
150.75.190.196,1,44
202.198.56.195,1,40
150.75.167.80,1,40
163.33.251.146,1,60
133.149.38.207,1,68
150.75.90.165,1,40
203.77.7.156,1,40
163.33.29.151,4,646
163.33.170.211,1,40
133.11.115.211,1,68
133.149.169.21,1,68
203.77.107.104,1,40
150.75.148.187,1,40
133.149.120.166,1,68
163.33.21.184,1,40
150.75.249.47,1,40
150.75.134.21,1,40
150.75.57.197,1,40
163.33.164.55,1,40
133.149.214.151,1,68
150.75.69.136,1,52
150.75.18.125,1,40
203.77.67.0,1,40
202.198.0.95,1,40
163.33.201.39,1,40
150.75.71.139,1,40
203.77.96.15,1,40
133.149.83.235,1,40
150.75.1.37,1,40
150.75.147.20,1,40
202.198.5.16,1,40
150.75.138.135,1,40
163.33.159.233,2,80
163.33.193.131,1,44
133.11.121.93,1,44
202.204.56.32,1,40
133.149.20.20,1,68
202.198.29.107,1,40
133.11.83.42,1,40
202.198.44.148,1,40
133.149.254.88,2,106
163.33.204.227,1,40
150.75.98.242,1,40
133.149.82.20,1,68
150.75.248.138,1,40
133.11.127.247,1,40
163.33.199.107,2,80
150.75.139.231,1,40
203.77.61.171,1,40
163.33.31.72,1,40
133.149.118.225,1,40
133.149.93.19,1,68
163.33.79.153,1,40
133.149.204.38,1,40
150.75.216.188,1,40
163.33.217.167,1,40
150.75.102.229,1,40
163.33.38.163,1,40
163.33.95.186,1,40
203.77.97.23,1,40
163.33.132.130,2,104
150.75.152.176,1,44
150.75.140.238,1,40
150.75.143.31,1,40
163.33.199.171,1,40
133.149.102.171,1,40
150.75.229.145,1,40
163.33.12.204,2,80
150.75.79.13,1,40
163.33.50.44,1,44
150.75.217.235,1,40
163.33.7.209,1,40
163.33.242.66,1,40
163.33.91.41,1,40
163.33.125.238,1,40
150.75.71.7,1,40
133.149.7.233,1,40
133.149.166.101,1,40
163.33.13.233,1,40
150.75.166.154,1,40
163.33.91.236,1,40
133.149.172.75,1,40
203.77.12.75,1,44
150.75.75.125,1,40
133.149.57.229,2,88
203.77.33.42,1,40
203.77.3.246,1,40
150.75.46.8,1,40
203.77.58.155,1,40
133.11.127.22,1,40
150.75.1.10,1,40
163.33.140.233,1,40
133.11.70.205,1,60
163.33.68.54,1,40
133.149.160.47,1,40
150.75.166.123,1,40
150.75.251.213,1,40
150.75.217.68,1,40
133.149.72.85,1,40
163.33.97.202,1,40
203.77.91.6,1,40
133.11.84.163,1,40
133.149.208.191,1,40
133.149.166.141,2,80
133.149.164.246,1,44
163.33.57.54,1,103
133.149.168.166,1,40
150.75.91.39,1,40
133.149.197.54,1,40
163.33.212.157,1,40
150.75.45.80,1,576
163.33.228.235,1,52
133.149.97.219,1,68
150.75.202.181,1,44
133.149.19.77,1,40
203.77.84.205,1,40
163.33.240.77,1,40
133.149.111.242,1,68
163.33.106.93,1,40
150.75.12.174,1,40
133.11.80.234,1,40
202.198.14.25,1,40
150.75.138.76,1,576
163.33.222.255,1,40
150.75.165.57,1,40
203.77.105.211,1,40
133.11.81.21,1,44
150.75.12.124,1,40
133.149.185.2,1,40
133.149.62.222,1,40
133.11.102.180,2,108
133.149.202.152,1,576
150.75.91.56,1,40
150.75.224.242,1,40
150.75.131.115,1,40
133.149.161.199,1,40
150.75.146.26,1,40
163.33.164.7,1,44
150.75.241.99,1,40
203.77.27.109,1,40
150.75.233.0,1,40
150.75.141.148,1,40
133.149.70.21,1,52
163.33.250.63,1,40
133.11.88.192,1,40
163.33.110.17,1,40
133.149.16.48,1,40
163.33.242.17,1,40
203.77.26.28,1,40
202.198.23.191,1,40
163.33.99.251,1,40
150.75.77.16,1,40
163.33.63.156,1,40
163.33.206.4,1,40
163.33.55.155,1,40
133.149.35.69,1,40
150.75.14.62,1,40
202.198.59.158,1,40
133.149.34.253,1,68
150.75.189.135,1,40
150.75.113.198,1,40
133.149.240.15,1,68
133.149.69.166,1,68
133.149.50.189,1,40
150.75.35.192,1,40
133.149.62.12,1,40
150.75.242.114,1,40
163.33.148.193,1,40
163.33.95.44,1,52
133.11.106.15,1,40
163.33.164.247,1,40
150.75.111.74,1,40
133.149.218.239,1,44
163.33.35.204,1,40
133.11.125.16,1,40
133.11.104.238,1,40
133.149.153.63,1,40
133.149.220.130,1,40
150.75.219.180,1,40
150.75.141.202,1,40
133.149.72.80,1,40
133.149.24.241,1,40
163.33.69.124,1,40
150.75.176.92,1,40
163.33.244.73,1,40
133.11.102.164,1,48
150.75.94.169,1,40
163.33.190.148,1,40
150.75.94.236,1,40
202.204.60.101,1,40
150.75.221.181,2,80
202.198.18.75,1,44
150.75.30.127,1,40
150.75.134.158,1,40
133.149.3.105,1,40
163.33.222.34,1,40
133.149.241.10,1,40
202.198.44.246,1,40
163.33.148.73,1,40
163.33.67.90,1,40
150.75.128.60,1,40
133.149.7.165,1,44
202.198.25.133,1,44
133.149.213.193,1,40
163.33.10.215,1,40
163.33.68.251,1,40
133.149.197.81,1,44
163.33.40.106,1,40
150.75.99.199,1,40
133.149.25.228,1,68
133.149.18.238,1,40
150.75.140.203,1,40
163.33.98.1,1,40
133.149.121.194,1,68
133.149.85.134,1,44
133.149.126.76,1,68
203.77.127.56,3,480
202.198.15.52,1,40
150.75.102.59,1,40
150.75.104.204,1,40
133.11.88.157,1,40
163.33.124.15,1,40
133.149.179.149,1,40
133.149.156.249,1,40
202.198.10.243,1,40
202.198.60.145,1,40
133.149.73.87,1,40
133.149.91.145,1,40
150.75.94.40,1,30
150.75.140.170,1,40
133.11.101.253,1,40
150.75.228.44,1,40
203.77.53.56,1,40
133.149.84.178,1,40
133.149.128.146,1,68
150.75.188.234,1,40
150.75.38.66,1,40
163.33.34.71,1,40
133.149.164.36,1,40
133.149.210.223,1,68
163.33.250.137,1,40
203.77.50.131,1,40
163.33.188.47,1,64
133.149.238.88,1,52
150.75.180.145,1,576
163.33.101.131,1,40
163.33.191.226,3,225
150.75.196.132,1,40
150.75.225.136,1,40
203.77.88.146,1,40
150.75.189.179,1,40
163.33.89.18,1,52
150.75.63.112,1,40
150.75.209.99,1,40
133.149.85.190,1,40
133.149.228.245,1,40
202.198.49.9,1,40
203.77.27.211,1,40
133.149.147.116,1,68
203.77.52.182,1,40
133.149.107.162,1,40
163.33.69.250,1,40
163.33.234.9,1,40
150.75.218.185,1,40
133.149.34.237,1,68
133.149.252.67,1,40
133.149.34.149,1,40
133.149.57.221,1,40
150.75.214.17,1,40
133.149.115.101,1,40
150.75.126.122,1,40
203.77.11.104,1,40
163.33.16.129,1,40
133.11.118.141,1,40
150.75.188.98,1,40
203.77.20.11,1,40
203.77.95.186,1,40
202.198.41.131,1,40
133.149.157.71,1,40
133.149.28.53,1,40
150.75.244.60,1,40
163.33.232.82,1,40
133.11.110.56,1,40
133.149.147.59,1,68
203.77.12.164,1,40
133.149.83.246,1,40
133.149.190.112,1,40
133.149.230.165,1,68
150.75.126.112,1,40
133.149.71.123,1,68
150.75.45.108,1,40
133.149.114.177,1,40
133.149.197.111,1,44
163.33.255.18,1,40
133.149.43.27,1,68
163.33.207.95,1,40
150.75.253.74,1,40
133.149.189.198,1,40
150.75.159.171,1,40
133.149.134.71,1,40
163.33.35.98,1,40
133.149.44.238,1,68
150.75.186.51,1,40
163.33.100.17,1,40
150.75.120.209,1,40
163.33.112.192,1,44
202.198.35.155,1,40
163.33.250.25,1,121
133.149.84.39,1,68
150.75.108.232,1,40
150.75.168.112,1,40
133.11.109.0,1,40
150.75.210.114,1,40
150.75.214.166,1,48
133.149.29.229,1,68
203.77.79.183,1,40
203.77.49.8,1,52
133.11.122.112,1,44
163.33.184.190,1,40
133.11.97.175,1,40
133.149.22.230,1,68
133.149.38.190,1,40
133.149.250.118,1,40
163.33.57.0,1,312
203.77.69.242,1,220
163.33.149.59,1,40
133.149.199.90,1,40
133.149.94.40,1,40
202.198.33.58,1,40
133.11.65.251,1,40
133.11.66.170,1,68
150.75.213.124,1,40
163.33.201.35,1,40
133.11.109.237,1,40
150.75.36.76,1,40
150.75.19.80,1,40
133.149.144.173,1,52
163.33.164.186,1,40
163.33.35.212,1,40
163.33.246.102,1,40
133.149.238.148,1,40
163.33.121.244,1,40
202.198.2.108,1,40
163.33.235.14,2,113
202.198.47.100,1,40
150.75.97.31,1,40
150.75.190.73,1,40
203.77.118.154,1,40
163.33.212.113,1,40
203.77.73.65,1,40
163.33.139.195,1,40
203.77.80.130,1,40
202.198.58.108,1,40
163.33.101.109,1,40
150.75.26.12,1,40
203.77.82.21,1,40
150.75.209.83,1,40
163.33.240.45,1,40
202.198.51.152,1,40
150.75.85.140,1,40
202.198.9.29,1,40
133.149.25.159,1,68
150.75.133.82,1,40
150.75.134.113,1,40
163.33.232.37,1,40
150.75.249.169,1,52
133.149.233.63,1,48
133.11.98.186,1,40
133.11.88.188,1,68
133.149.10.4,1,60
202.25.109.224,1,40
163.33.168.155,1,986
163.33.45.48,1,40
163.33.73.93,1,40
133.149.52.30,1,68
150.75.53.111,1,40
163.33.194.204,1,52
203.77.7.97,1,40
150.75.164.165,1,40
133.149.227.34,1,40
133.11.82.138,1,68
202.198.49.116,1,40
150.75.114.67,1,40
150.75.196.53,1,40
202.198.52.185,1,40
133.149.167.93,1,68
133.149.245.219,1,40
150.75.171.37,1,40
150.75.103.183,1,40
133.149.108.205,1,40
163.33.141.152,471,636781
133.149.116.133,1,40
133.149.72.158,1,68
202.198.34.1,1,40
133.149.222.179,1,44
163.33.96.69,1,40
202.198.23.2,2,88
133.149.235.194,1,68
150.75.88.83,1,40
203.77.16.162,1,40
133.149.156.166,1,40
163.33.194.74,1,40
133.149.12.158,1,48
203.77.50.4,1,40
150.75.231.45,1,40
133.149.128.147,1,60
133.149.115.74,1,40
202.198.8.15,1,40
202.204.59.109,1,40
163.33.209.200,1,40
150.75.97.200,1,40
133.149.197.128,1,40
133.149.124.146,1,44
202.198.15.206,1,40
133.149.228.115,1,40
133.149.219.136,1,40
150.75.188.29,1,40
150.75.139.240,1,40
150.75.159.225,1,44
133.149.29.143,1,40
163.33.92.220,2,166
203.77.22.142,1,40
163.33.7.215,1,40
150.75.193.62,1,40
163.33.160.36,1,40
133.149.72.232,1,40
150.75.97.248,1,40
163.33.238.215,1,40
133.149.114.48,1,40
133.149.154.169,1,40
133.149.212.253,1,68
163.33.48.253,1,40
163.33.231.35,1,40
150.75.223.229,1,40
203.77.124.67,2,168
163.33.132.39,7,5966
150.75.212.97,1,40
203.77.90.162,1,52
150.75.87.10,1,40
133.149.124.33,1,40
163.33.194.200,1,40
163.33.170.247,1,40
133.149.137.100,1,68
133.149.169.145,1,40
203.77.100.11,1,40
163.33.72.61,1,40
133.11.110.229,1,68
202.198.2.231,2,84
133.149.115.42,1,68
133.149.70.59,1,68
202.198.1.24,1,40
163.33.232.2,1,40
133.149.110.182,1,44
203.77.64.148,1,40
202.198.41.55,1,44
202.198.20.6,1,40
163.33.12.100,2,208
203.77.113.245,9,961
163.33.35.182,1,40
133.11.80.160,1,68
150.75.12.207,1,48
202.198.42.63,1,40
150.75.78.15,1,40
150.75.215.52,1,40
150.75.31.219,1,40
203.77.72.20,1,44
202.198.54.214,1,40
163.33.253.159,1,40
133.11.72.154,1,40
163.33.20.196,1,40
133.149.199.61,1,40
133.149.92.78,1,68
133.149.81.59,1,40
133.149.3.220,1,40
133.11.109.240,1,40
133.149.201.138,1,68
133.149.34.186,1,44
133.149.80.250,1,68
150.75.205.15,1,40
133.149.235.61,1,40
133.11.99.26,1,68
163.33.48.248,1,40
163.33.201.101,1,40
133.149.195.236,1,68
150.75.107.159,1,44
133.149.97.220,1,68
133.149.115.19,1,40
163.33.156.135,2,104
163.33.103.152,1,40
133.149.89.142,1,40
163.33.165.209,1,40
133.11.125.32,1,40
203.77.116.114,1,40
202.198.52.121,1,40
163.33.146.194,1,40
203.77.100.47,1,40
163.33.173.50,1,40
203.77.93.148,1,40
150.75.122.193,1,40
133.149.221.254,1,40
133.149.156.139,1,68
163.33.165.207,1,40
133.149.157.75,1,40
163.33.238.174,1,40
133.11.111.146,1,68
150.75.52.34,1,40
203.77.126.245,1,40
133.149.53.203,1,40
163.33.239.61,1,40
133.149.115.91,1,40
150.75.52.53,1,40
163.33.43.136,1,40
202.204.61.55,1,40
133.11.69.123,1,48
163.33.137.19,1,56
203.77.120.14,1,40
163.33.248.80,1,40
202.198.43.201,1,44
163.33.170.244,1,40
203.77.67.37,1,40
203.77.76.116,1,40
150.75.247.11,1,40
163.33.254.168,5,1101
150.75.120.244,1,40
150.75.162.104,1,40
150.75.95.213,1,40
163.33.205.166,1,60
163.33.135.0,1,40
150.75.97.174,1,40
133.11.80.92,1,40
163.33.244.172,1,40
150.75.53.80,2,80
163.33.160.247,1,40
203.77.80.232,1,40
133.149.115.235,1,40
150.75.223.120,1,576
150.75.160.16,1,40
133.149.8.178,1,44
163.33.93.35,1,40
133.149.47.138,1,68
163.33.29.119,1,40
203.77.2.184,1,40
163.33.236.197,1,40
203.77.83.248,1,40
202.204.63.213,1,40
202.198.11.192,1,40
202.198.62.114,1,48
133.149.246.23,1,68
163.33.139.111,1,40
163.33.219.166,1,40
150.75.36.124,1,40
203.77.16.236,1,40
150.75.39.150,1,40
202.198.11.136,1,40
133.11.89.163,2,100
163.33.237.194,1,40
133.149.120.11,1,68
133.11.70.18,1,40
133.149.56.67,1,68
163.33.3.161,1,40
133.149.186.195,1,68
150.75.25.249,1,44
202.198.60.128,1,40
163.33.102.206,1,40
133.11.98.170,1,48
203.77.57.204,1,76
203.77.112.78,1,40
202.198.55.85,1,40
163.33.214.226,1,60
163.33.175.247,1,52
150.75.19.51,1,44
203.77.35.60,1,40
163.33.135.41,1,40
163.33.176.62,1,40
163.33.234.1,1,40
133.149.227.122,1,40
163.33.15.171,1,40
133.149.219.158,1,40
133.149.134.195,1,68
150.75.76.96,1,40
150.75.38.170,1,40
133.11.64.108,1,40
202.204.60.61,1,72
150.75.219.80,1,40
133.149.118.116,1,68
203.77.14.16,1,40
202.198.32.66,1,40
150.75.212.110,1,40
150.75.116.229,1,40
203.77.110.49,1,40
163.33.176.115,1,40
133.149.228.45,1,40
133.149.158.126,1,40
150.75.180.72,1,40
203.77.85.243,1,52
202.198.54.156,1,44
133.149.239.119,1,40
203.77.64.26,1,60
163.33.141.163,1,40
133.149.87.23,1,40
133.149.29.231,1,40
133.11.91.71,1,40
150.75.231.222,1,40
163.33.94.148,1,40
133.11.121.150,1,40
133.149.223.178,1,68
150.75.163.224,1,40
133.149.94.213,1,68
150.75.136.210,1,40
163.33.136.220,3,413
133.11.79.25,1,48
133.149.208.197,1,68
163.33.46.243,1,40
203.77.47.8,1,40
150.75.169.138,1,40
163.33.24.249,1,40
163.33.240.243,1,40
203.77.26.118,1,40
133.149.223.9,1,40
203.77.115.172,2,80
133.149.74.94,1,40
163.33.210.158,1,40
133.149.40.1,1,40
133.149.110.121,1,40
133.11.70.209,1,52
202.198.63.82,1,40
133.149.211.3,1,40
150.75.108.104,1,40
163.33.44.86,1,40
163.33.210.63,1,40
163.33.117.232,1,40
150.75.5.234,1,40
163.33.220.73,2,84
150.75.83.193,1,40
133.149.161.241,1,40
133.149.1.159,1,40
163.33.231.12,1,40
163.33.227.166,1,40
150.75.151.229,1,40
133.149.148.212,1,40
150.75.102.168,1,40
150.75.204.39,1,40
133.149.89.38,1,68
150.75.134.27,1,40
150.75.49.169,1,44
202.198.61.120,1,40
203.77.127.57,1,84
163.33.80.101,1,40
133.149.9.154,1,40
202.198.7.126,9,863
133.149.85.159,1,68
203.77.75.43,1,60
133.149.196.4,1,68
133.11.103.60,1,40
133.11.74.97,1,68
133.149.14.237,1,68
133.11.104.77,1,40
163.33.224.64,1,40
133.149.173.141,1,40
133.11.86.32,1,40
133.11.97.186,1,68
203.77.85.35,1,28
203.77.26.70,1,40
203.77.16.147,1,40
163.33.193.214,1,40
163.33.208.174,1,40
133.149.44.99,1,40
150.75.12.237,1,40
150.75.103.98,1,40
150.75.213.242,1,40
163.33.141.192,4,1644
133.149.20.249,1,40
133.149.187.135,1,40
150.75.246.250,1,40
150.75.37.237,1,40
150.75.14.234,1,576
150.75.165.49,1,40
133.11.124.51,1,40
163.33.138.93,1,105
163.33.236.190,1,40
163.33.249.172,1,40
133.149.244.164,1,40
150.75.39.203,1,40
163.33.96.97,1,44
150.75.233.182,1,40
150.75.29.223,1,40
150.75.69.148,1,40
163.33.231.222,1,40
133.149.237.197,1,40
203.77.71.69,1,40
133.149.22.188,1,40
133.149.141.198,1,40
133.149.96.7,1,40
133.11.83.92,1,68
163.33.14.102,1,40
133.149.139.93,1,68
133.149.104.74,1,68
133.149.249.61,1,40
133.149.126.108,1,40
163.33.50.60,1,40
163.33.244.215,1,40
133.149.47.22,1,40
133.149.55.53,1,40
150.75.9.64,1,40
203.77.67.12,1,40
163.33.100.196,1,40
163.33.32.27,1,40
133.11.109.75,1,40
163.33.115.80,1,40
203.77.5.103,1,40
202.204.57.254,5,224
163.33.27.129,1,40
133.11.99.99,1,40
163.33.229.224,1,40
163.33.36.196,1,60
133.149.216.140,1,40
163.33.5.173,1,40
150.75.150.214,1,40
133.149.171.232,1,40
163.33.140.93,3,237
202.198.57.218,1,40
203.77.105.19,1,40
163.33.28.240,1,40
133.149.148.119,1,40
133.11.67.215,1,40
133.11.79.103,1,40
203.77.68.144,1,52
203.77.59.215,1,40
150.75.122.227,1,40
150.75.152.96,1,40
163.33.222.21,1,40
133.149.113.100,1,40
163.33.114.78,1,44
150.75.174.10,1,40
163.33.28.78,1,40
133.149.173.108,1,44
203.77.62.183,1,40
150.75.203.210,1,52
133.149.147.238,1,40
133.11.119.137,1,40
150.75.134.164,2,80
133.149.206.131,1,40
163.33.40.80,1,40
150.75.180.205,1,40
133.11.100.142,1,68
133.149.29.251,1,68
163.33.93.138,1,52
133.149.96.17,2,108
163.33.32.113,1,40
203.77.125.29,1,729
133.149.148.64,1,40
163.33.185.42,1,40
203.77.62.44,1,52
133.149.124.172,1,40
133.149.166.22,1,68
150.75.92.16,1,40
133.149.115.112,1,40
202.198.47.145,1,40
203.77.85.188,1,40
150.75.33.176,1,40
150.75.117.120,1,44
150.75.134.201,1,40
133.149.203.161,1,40
163.33.129.93,1,40
150.75.23.236,1,40
203.77.80.97,1,40
133.149.205.145,1,68
150.75.33.231,1,40
133.149.135.153,1,68
133.149.110.241,1,40
133.149.65.179,1,576
133.149.161.66,1,40
150.75.198.188,1,40
203.77.125.155,1,52
133.149.203.133,3,120
163.33.161.164,1,40
202.198.53.251,1,40
133.149.45.62,1,40
150.75.93.65,1,40
133.149.209.38,1,68
150.75.222.66,1,40
133.149.60.60,1,68
133.149.115.249,1,52
203.77.88.5,1,40
133.11.91.11,1,40
150.75.4.215,1,40
133.149.96.194,1,44
163.33.19.186,1,40
203.77.46.126,1,40
150.75.252.105,1,40
150.75.162.212,1,40
133.149.1.148,1,40
163.33.125.201,1,40
202.198.28.162,1,40
203.77.53.123,1,40
133.149.243.51,1,40
150.75.226.49,1,40
150.75.73.0,1,40
133.149.205.240,1,40
163.33.54.21,1,40
150.75.47.221,1,40
150.75.2.188,1,40
133.149.178.97,1,40
163.33.83.97,1,40
133.149.199.12,1,68
150.75.187.29,1,40
133.149.96.158,1,40
133.149.198.41,1,68
163.33.244.32,1,40
202.204.60.249,1,44
150.75.212.175,1,44
150.75.70.249,1,40
163.33.173.100,1,40
150.75.209.213,2,80
133.11.106.100,1,68
202.198.57.187,1,40
163.33.21.64,1,40
150.75.172.148,1,40
163.33.195.216,1,40
133.149.91.20,1,40
163.33.84.133,1,40
150.75.7.74,1,40
163.33.57.55,8,390
202.198.21.71,1,40
133.149.235.85,1,40
150.75.43.203,1,40
133.149.132.217,1,40
133.149.92.48,1,40
150.75.145.6,1,40
133.149.200.138,1,40
163.33.209.216,1,40
202.198.33.186,1,40
163.33.124.4,1,40
133.149.66.190,1,68
133.149.164.57,1,40
133.149.163.28,1,68
203.77.125.199,1,115
163.33.26.29,1,40
163.33.18.159,1,40
202.198.26.187,1,40
203.77.88.104,1,40
163.33.11.7,1,44
163.33.223.105,1,40
163.33.104.171,1,40
163.33.219.84,1,40
133.149.130.73,1,52
203.77.42.186,1,40
150.75.97.252,1,40
202.198.6.24,1,40
133.11.71.142,1,40
133.11.91.188,1,40
133.149.177.163,1,40
150.75.130.78,1,40
133.149.206.187,1,40
202.198.52.97,1,40
150.75.47.155,1,40
133.149.217.196,1,40
163.33.71.53,1,40
163.33.144.63,1,40
133.149.100.114,1,68
163.33.232.0,1,40
203.77.67.106,1,40
150.75.250.119,1,40
133.149.196.35,1,40
150.75.239.189,1,40
163.33.141.148,1,40
150.75.86.62,1,40
150.75.176.48,1,40
202.198.45.91,1,40
163.33.113.97,1,40
133.149.0.126,1,40
133.149.248.119,1,68
133.149.144.117,1,68
150.75.187.36,1,44
203.77.114.11,1,40
150.75.147.164,1,40
133.11.80.157,1,48
163.33.197.2,1,44
133.149.234.133,1,40
202.198.8.59,1,40
133.149.88.141,1,44
150.75.190.130,1,40
150.75.91.191,1,40
150.75.176.85,1,40
133.149.6.199,1,40
163.33.218.182,1,40
150.75.125.225,1,40
133.149.7.127,1,40
133.149.24.170,1,40
150.75.144.144,1,40
133.149.1.176,1,40
150.75.47.28,1,40
163.33.103.78,1,40
163.33.202.170,1,40
133.149.203.236,1,40
133.149.163.169,1,40
150.75.59.246,1,40
133.149.54.195,1,40
150.75.189.236,1,44
163.33.76.58,1,40
150.75.147.0,1,40
133.149.255.25,1,68
133.149.168.233,1,68
202.198.48.72,1,40
163.33.208.106,1,40
150.75.38.165,1,40
133.149.245.101,1,40
150.75.152.197,1,40
133.149.110.127,1,40
163.33.196.6,1,40
150.75.176.78,1,40
163.33.181.129,1,40
163.33.123.251,1,40
163.33.56.82,1,40
133.149.200.158,1,40
150.75.131.140,1,40
150.75.236.155,1,40
203.77.80.100,1,40
150.75.95.32,1,40
150.75.22.48,1,40
133.149.180.162,1,40
150.75.177.103,1,40
203.77.22.46,1,40
133.149.149.215,1,44
133.149.212.118,1,40
150.75.22.86,1,40
150.75.8.47,1,40
150.75.45.3,1,40
133.149.122.199,1,44
163.33.219.120,1,44
163.33.57.114,1,40
203.77.120.223,1,60
163.33.193.177,1,40
133.149.177.88,1,40
133.149.7.25,1,40
163.33.173.162,1,40
202.198.63.48,1,40
133.149.149.139,1,68
163.33.156.249,1,40
203.77.113.192,1,64
202.198.15.5,1,40
133.149.125.74,1,40
202.198.41.146,1,40
203.77.60.3,1,40
150.75.22.78,1,40
163.33.55.34,1,40
133.149.100.167,1,40
133.149.20.225,1,40
133.11.86.205,1,40
202.198.20.124,1,40
150.75.185.106,1,40
163.33.68.44,1,40
133.11.65.109,1,40
203.77.16.218,1,40
163.33.97.97,1,40
150.75.123.181,1,40
202.198.2.203,1,40
133.11.99.245,1,40
202.198.3.72,1,40
163.33.224.50,1,40
133.149.101.212,1,40
202.198.53.98,1,44
202.198.24.190,1,40
133.149.82.42,1,68
133.11.80.97,1,40
133.149.245.24,1,68
163.33.28.109,2,90
133.11.125.127,1,40
133.149.132.55,1,40
163.33.232.200,1,40
133.11.107.41,1,40
150.75.39.42,1,40
133.149.143.22,1,40
133.149.150.83,1,68
133.149.144.246,1,68
150.75.139.99,1,40
150.75.78.111,1,40
133.149.110.227,1,68
150.75.78.3,1,40
133.149.196.182,1,68
133.149.40.245,1,40
150.75.118.155,1,40
163.33.169.29,1,40
150.75.175.49,1,48
150.75.228.3,1,52
163.33.166.63,1,40
150.75.209.72,1,40
133.149.97.211,1,68
133.149.235.110,1,40
203.77.49.36,1,40
150.75.26.147,1,40
133.149.220.21,1,40
133.11.110.139,1,40
150.75.32.175,1,40
133.149.34.184,1,40
133.149.145.254,1,40
163.33.57.196,1,58
203.77.120.182,1,40
133.149.198.97,1,40
203.77.96.251,1,40
203.77.104.153,1,40
133.11.65.181,1,60
163.33.56.2,1,40
133.149.114.251,1,40
133.149.16.157,1,68
133.149.125.114,1,40
203.77.39.254,1,44
133.149.126.73,1,40
133.149.177.35,1,40
150.75.193.24,1,40
133.149.203.199,1,68
163.33.86.250,1,40
163.33.158.166,1,40
203.77.120.13,1,40
133.11.96.21,1,40
133.11.126.122,1,40
133.149.216.160,1,68
133.149.58.96,1,68
163.33.252.4,1,40
163.33.167.49,1,40
150.75.125.93,1,40
163.33.141.33,1,91
133.149.141.241,1,40
150.75.242.147,1,40
133.11.73.235,1,40
163.33.61.139,1,40
133.149.222.127,1,40
150.75.7.157,1,40
133.11.64.98,2,80
150.75.90.38,1,40
163.33.117.94,2,120
163.33.124.83,1,40
203.77.52.3,1,40
133.149.122.57,1,68
202.198.40.71,1,40
203.77.9.111,1,40
133.149.37.127,1,40
163.33.46.226,1,40
133.11.82.33,1,40
150.75.66.131,1,40
133.149.190.198,1,40
203.77.91.211,1,40
203.77.106.82,1,40
150.75.203.201,1,40
150.75.110.242,1,40
133.149.175.233,1,40
163.33.119.84,1,40
203.77.14.173,1,40
133.11.65.212,1,68
203.77.126.213,1,40
163.33.178.157,1,40
133.149.39.250,1,68
150.75.223.210,1,44
150.75.212.204,1,40
202.198.45.198,1,40
133.149.30.212,1,68
150.75.89.230,1,40
133.149.85.133,1,40
203.77.6.43,1,40
163.33.80.189,1,28
203.77.125.145,1,40
133.149.94.185,1,40
163.33.5.20,1,40
203.77.121.71,1,40
133.149.97.44,1,40
133.149.172.181,1,68
150.75.154.206,1,40
133.149.189.138,1,40
150.75.210.147,1,40
163.33.45.128,1,40
133.11.100.101,1,68
150.75.23.23,1,40
163.33.138.172,1,40
133.11.109.98,1,40
133.11.103.131,1,40
150.75.225.66,1,40
133.11.109.230,1,68
133.11.98.119,1,40
203.77.115.237,1,60
133.149.35.94,1,44
163.33.38.0,1,40
133.11.77.19,1,40
150.75.23.38,1,40
133.149.107.94,1,40
163.33.98.120,1,40
150.75.236.69,1,40
133.149.198.42,1,68
150.75.100.43,1,40
133.149.27.157,1,40
163.33.242.8,1,40
133.149.1.24,1,40
203.77.105.158,1,40
133.149.224.154,1,68
133.149.46.170,1,40
150.75.51.2,1,40
163.33.128.140,1,40
202.198.5.94,1,40
133.149.145.30,1,40
203.77.69.59,1,40
202.198.53.14,1,40
163.33.251.93,1,52
203.77.85.161,1,40
163.33.236.83,1,40
163.33.165.138,1,40
150.75.137.136,1,40
133.149.67.63,1,40
133.149.143.29,1,40
150.75.226.17,1,44
150.75.176.215,1,40
133.149.157.91,1,68
133.149.10.9,1,40
163.33.62.168,1,96
133.149.29.201,1,40
150.75.8.143,1,40
133.149.4.164,1,44
133.149.204.118,1,576
163.33.183.240,1,40
150.75.225.218,1,40
133.149.46.101,1,68
133.149.121.219,1,68
150.75.172.9,1,40
150.75.48.24,1,44
203.77.6.12,1,40
133.149.239.75,1,68
163.33.233.64,1,40
163.33.41.81,1,40
202.198.23.251,1,40
163.33.47.207,1,40
133.149.67.169,1,68
163.33.206.164,1,40
133.149.230.144,1,40
202.198.62.58,1,60
163.33.201.152,1,40
133.149.91.177,1,68
203.77.88.238,1,40
163.33.129.59,1,40
202.198.46.143,1,40
202.198.3.217,2,104
133.149.41.254,1,40
163.33.28.192,1,40
133.149.49.223,1,52
133.11.75.57,1,40
133.149.236.1,1,40
133.149.237.42,2,112
133.149.120.208,1,68
150.75.36.225,1,40
163.33.182.160,1,40
203.77.118.64,1,40
150.75.233.26,1,40
133.149.151.47,1,40
203.77.86.147,1,44
163.33.222.48,1,40
133.149.122.167,1,40
150.75.85.52,1,40
150.75.220.231,1,40
163.33.251.125,34,4443
163.33.168.172,1,50
163.33.62.237,1,40
150.75.158.233,1,48
163.33.254.24,1,40
203.77.76.107,1,40
163.33.175.11,1,40
150.75.64.82,1,40
150.75.162.218,1,40
133.149.78.140,1,40
163.33.38.221,1,40
133.149.232.164,1,68
203.77.12.11,1,40
150.75.85.207,1,40
133.149.110.85,1,40
163.33.208.245,1,40
202.198.3.8,1,40
202.204.60.87,1,40
150.75.47.242,1,40
150.75.46.105,1,53
150.75.179.63,1,121
133.149.167.35,1,68
133.149.180.203,1,60
163.33.191.3,1,40
163.33.215.59,1,40
163.33.195.254,1,40
150.75.231.39,1,40
150.75.69.59,1,40
133.149.135.115,1,68
202.198.44.115,1,48
150.75.116.124,1,40
163.33.180.178,1,115
163.33.141.123,1,44
133.149.118.133,1,40
150.75.25.114,1,44
133.149.69.147,1,68
133.11.89.187,1,40
163.33.216.231,25,9875
163.33.8.169,1,40
150.75.30.126,1,44
203.77.113.178,1,40
163.33.62.134,3,285
163.33.64.155,1,40
133.149.50.31,1,40
163.33.226.180,1,40
133.149.245.160,1,68
150.75.199.102,1,40
133.149.65.104,1,68
163.33.222.68,1,40
150.75.87.218,1,40
163.33.65.33,1,45
150.75.159.151,1,40
203.77.42.77,1,40
163.33.232.52,1,40
150.75.231.102,1,40
202.198.52.165,1,40
163.33.30.151,1,40
150.75.28.169,1,40
133.149.204.247,1,40
133.149.22.233,1,68
150.75.222.235,1,40
133.149.228.246,1,40
150.75.57.110,1,40
203.77.57.145,1,40
202.204.62.137,1,40
150.75.164.83,1,40
150.75.99.13,1,40
133.149.198.89,1,40
203.77.127.41,1,44
163.33.148.154,1,40
133.149.218.2,1,68
203.77.14.93,1,40
203.77.59.106,1,44
163.33.162.73,1,40
150.75.31.69,1,40
133.11.88.7,1,40
202.198.19.215,1,48
202.198.32.88,1,40
150.75.57.67,1,40
203.77.90.1,1,40
203.77.38.194,1,40
150.75.56.125,2,80
163.33.78.61,1,40
150.75.108.127,1,44
133.149.250.85,1,40
133.149.127.81,1,68
163.33.130.167,1,40
203.77.35.190,1,40
202.198.59.110,1,44
133.11.89.46,1,60
133.149.239.234,1,40
150.75.23.249,1,40
150.75.54.61,1,40
150.75.86.96,1,40
163.33.21.153,1,44
133.149.130.196,1,40
163.33.86.234,1,40
163.33.115.82,1,40
163.33.246.127,1,28
150.75.23.194,1,40
133.149.117.59,1,68
163.33.221.217,1,40
150.75.139.223,1,40
163.33.193.98,1,40
150.75.60.44,1,40
133.149.6.131,2,80
163.33.87.46,1,40
150.75.173.10,1,40
203.77.62.119,1,40
150.75.205.167,1,40
150.75.249.231,1,40
163.33.41.194,1,40
133.149.242.249,10,752
203.77.29.169,1,40
202.198.56.53,1,40
163.33.38.33,1,40
133.149.73.148,1,68
163.33.72.244,1,40
133.149.81.238,1,40
133.149.138.27,1,44
133.11.121.18,1,68
203.77.66.216,1,40
203.77.72.150,1,40
150.75.43.86,1,40
163.33.133.19,1,40
150.75.46.80,2,93
203.77.61.175,1,40
163.33.30.9,1,40
133.149.200.101,1,40
150.75.63.20,1,44
133.149.114.69,1,40
163.33.222.247,1,40
203.77.34.176,1,40
133.149.253.179,1,44
133.149.153.192,1,68
203.77.58.76,1,40
163.33.146.229,1,40
133.149.138.237,1,40
133.11.71.168,1,44
150.75.187.215,1,40
163.33.121.87,1,40
163.33.244.102,1,40
150.75.16.36,1,40
150.75.146.108,2,80
150.75.231.179,1,40
150.75.200.210,1,48
202.204.62.36,4,390
133.11.108.23,1,40
133.149.145.224,1,68
202.204.57.234,1,40
133.149.228.173,1,68
163.33.203.87,28,5097
133.149.154.130,1,68
203.77.97.104,1,40
163.33.43.48,1,40
133.149.177.13,1,68
133.149.200.235,1,40
133.149.107.93,1,40
163.33.98.65,1,40
133.149.76.231,1,40
150.75.165.183,1,40
150.75.44.176,1,40
133.11.124.211,1,40
133.149.197.64,2,84
163.33.121.160,1,40
203.77.70.208,1,40
163.33.78.156,1,52
150.75.19.213,1,40
133.11.110.1,1,44
150.75.136.226,1,40
150.75.180.173,1,40
203.77.41.238,1,44
163.33.56.124,1,40
150.75.1.251,1,40
150.75.7.65,1,40
133.149.11.8,1,68
163.33.53.231,1,40
150.75.161.157,1,40
202.198.16.238,1,40
150.75.140.41,1,40
133.149.25.49,1,40
133.149.211.243,1,40
163.33.170.124,1,28
133.149.75.200,1,40
150.75.49.131,1,40
133.11.93.160,1,40
203.77.108.184,1,40
163.33.196.190,1,40
133.149.93.247,1,40
150.75.153.143,1,40
133.149.239.243,1,40
163.33.71.190,1,40
133.149.34.206,1,52
163.33.25.182,1,40
133.149.155.82,1,40
163.33.30.4,1,48
163.33.188.98,1,40
133.149.181.87,1,44
150.75.202.85,1,40
163.33.221.239,1,40
203.77.48.245,1,40
163.33.94.67,376,446220
163.33.234.132,1,40
202.204.63.42,1,44
202.198.53.30,1,44
150.75.216.182,1,40
133.149.155.107,1,40
133.11.94.196,1,60
133.149.179.217,1,40
203.77.67.7,1,40
150.75.84.190,1,40
150.75.240.175,1,40
150.75.199.126,1,44
203.77.123.10,1,40
133.11.78.243,1,44
203.77.99.232,1,40
133.149.168.242,1,40
163.33.30.47,1,40
133.149.77.46,1,68
203.77.67.56,1,40
203.77.115.255,1,44
133.11.70.199,1,52
133.149.6.245,1,40
203.77.7.243,1,40
163.33.41.242,1,40
163.33.123.152,1,40
133.11.80.51,1,44
133.149.214.91,1,40
203.77.6.110,1,40
150.75.184.132,1,40
133.11.86.17,1,48
150.75.113.137,1,40
163.33.76.234,1,40
203.77.87.234,1,44
133.149.74.121,1,68
133.11.114.177,1,40
133.149.88.109,1,40
133.149.245.15,1,40
163.33.131.177,1,40
133.149.88.219,1,40
133.149.99.39,1,68
133.149.170.66,1,68
163.33.186.94,1,40
150.75.164.104,1,40
163.33.122.47,1,40
163.33.123.147,1,40
150.75.82.246,1,40
133.149.1.241,1,44
150.75.203.194,1,40
163.33.228.220,1,40
150.75.205.20,1,40
133.149.153.3,1,40
133.11.66.213,1,52
133.149.222.213,1,40
163.33.63.230,1,40
133.11.67.167,1,44
163.33.72.156,1,40
133.11.112.20,1,40
150.75.210.7,1,40
203.77.48.12,1,40
202.198.8.152,1,45
133.149.214.81,1,68
133.149.61.172,1,40
163.33.113.212,1,40
150.75.98.172,1,40
150.75.119.159,1,40
150.75.99.76,1,40
133.11.92.64,1,68
133.149.255.225,1,68
133.149.140.56,1,40
133.149.104.28,1,68
133.149.125.19,1,40
163.33.210.181,1,40
203.77.51.21,1,40
150.75.243.224,1,40
133.11.77.22,1,48
133.149.3.223,1,40
203.77.118.80,1,40
133.11.97.34,1,40
150.75.254.97,1,40
150.75.0.190,1,40
202.204.62.233,1,40
202.198.11.97,1,40
163.33.146.192,1,40
203.77.69.31,1,44
202.198.33.143,1,40
163.33.6.235,1,40
133.11.75.7,1,40
163.33.36.154,1,40
202.198.52.150,1,40
202.198.53.218,1,40
203.77.2.131,1,40
133.149.52.2,1,44
133.11.92.25,1,68
163.33.244.36,4,208
133.11.76.202,1,60
133.149.212.202,1,40
163.33.63.28,1,44
163.33.21.206,1,40
150.75.101.113,1,40
133.149.98.152,1,68
163.33.95.88,7,1947
202.198.3.127,1,40
150.75.123.221,1,40
163.33.157.200,1,40
163.33.208.173,1,40
203.77.113.58,1,40
133.11.69.162,1,52
133.149.233.154,1,52
163.33.147.103,1,60
203.77.9.169,1,40
163.33.108.220,1,44
163.33.245.152,2,104
133.149.137.145,1,44
203.77.29.93,1,40
163.33.36.227,1,105
150.75.24.74,1,68
163.33.248.99,1,40
133.149.181.126,1,40
203.77.53.134,1,40
133.149.72.47,1,40
150.75.25.77,1,52
133.149.166.80,1,40
133.149.41.253,1,68
133.11.75.186,1,40
133.149.222.164,1,40
203.77.46.41,1,44
203.77.122.220,1,69
133.11.99.212,1,68
203.77.0.239,1,40
133.149.17.61,1,40
133.149.14.89,1,40
150.75.197.245,1,48
150.75.8.221,1,40
133.149.70.140,1,60
150.75.193.198,1,40
202.198.21.145,1,44
150.75.196.214,1,40
133.149.35.140,1,40
133.149.146.35,1,40
163.33.130.120,1,40
150.75.102.192,1,40
133.11.67.192,1,40
150.75.178.204,1,40
150.75.50.10,1,40
133.149.222.16,1,40
133.11.117.162,1,40
202.198.53.3,1,44
133.149.219.96,1,40
203.77.98.239,1,40
163.33.130.205,1,40
163.33.114.198,1,40
150.75.189.250,1,40
163.33.35.40,1,40
150.75.239.167,1,40
163.33.130.55,1,40
150.75.113.102,1,40
163.33.238.45,2,92
133.149.203.85,1,40
163.33.135.146,2,80
202.198.51.130,1,40
203.77.41.104,1,40
203.77.17.56,1,40
150.75.15.108,1,40
163.33.251.91,1,40
163.33.159.90,1,40
150.75.203.251,1,40
163.33.6.223,1,40
203.77.109.246,1,60
133.149.181.121,1,40
202.198.60.142,1,40
163.33.240.31,1,40
202.198.27.126,1,40
150.75.74.91,1,40
133.11.69.207,1,68
163.33.73.146,1,44
133.149.94.134,1,40
133.11.67.183,1,40
133.149.244.133,1,40
133.149.100.194,1,68
133.149.154.172,1,68
202.198.7.228,1,40
163.33.17.36,1,40
150.75.231.3,1,48
163.33.236.166,5,566
150.75.45.51,1,40
133.11.70.114,2,112
133.149.87.12,1,40
133.149.229.98,1,40
133.149.137.199,1,40
133.11.107.108,1,44
150.75.226.44,1,40
133.11.108.25,1,44
133.149.38.149,1,40
150.75.38.217,1,40
133.11.127.227,1,68
163.33.150.90,1,40
163.33.176.144,1,40
150.75.32.36,1,40
150.75.38.186,1,40
133.149.6.126,1,40
202.198.54.191,1,40
203.77.77.92,1,44
150.75.139.134,1,40
150.75.219.175,1,40
133.11.125.173,1,40
133.149.20.10,1,68
163.33.142.7,1,40
150.75.219.151,1,40
163.33.85.145,1,40
163.33.195.191,1,40
150.75.93.210,1,40
163.33.254.13,1,40
133.149.106.108,1,68
133.149.140.11,1,68
133.149.70.247,1,40
163.33.95.130,4,424
150.75.219.247,1,40
203.77.127.52,1,40
133.11.126.210,1,40
163.33.189.77,1,40
133.149.109.9,1,40
163.33.85.35,1,40
133.11.122.189,1,68
202.198.28.120,1,40
163.33.64.172,1,40
133.149.244.94,1,40
202.198.34.189,1,40
150.75.250.180,1,44
203.77.105.239,1,40
163.33.231.49,1,40
150.75.155.123,1,40
150.75.187.65,1,48
150.75.238.160,1,40
150.75.13.238,1,60
133.149.122.22,1,40
202.204.60.224,1,44
150.75.232.97,1,40
133.149.207.111,1,40
150.75.231.126,1,40
150.75.122.153,1,40
163.33.122.233,1,40
163.33.59.77,1,40
163.33.182.8,1,40
150.75.232.146,1,40
133.149.162.80,1,40
163.33.122.38,1,40
163.33.101.203,1,40
203.77.107.35,1,40
133.149.67.90,1,40
150.75.122.170,1,40
203.77.29.194,1,44
150.75.229.119,1,40
133.11.127.163,1,40
133.149.238.219,1,52
150.75.164.23,1,40
133.149.80.149,1,131
133.149.61.24,1,40
203.77.21.196,1,40
163.33.130.9,2,80
202.198.44.191,1,40
203.77.120.127,1,40
150.75.137.65,1,40
133.149.148.69,1,40
133.149.110.108,1,44
133.11.101.32,1,40
163.33.18.136,1,40
133.149.197.231,1,40
203.77.24.142,1,44
150.75.146.36,1,40
203.77.90.131,1,40
203.77.9.146,1,40
163.33.173.191,1,40
150.75.215.243,1,40
133.11.125.93,1,40
203.77.52.4,1,40
133.149.85.254,1,68
150.75.197.183,1,40
150.75.118.70,1,40
163.33.70.37,1,40
163.33.162.43,1,40
150.75.86.114,1,40
163.33.233.51,1,44
150.75.217.55,1,40
150.75.139.143,1,40
202.198.59.88,1,40
203.77.113.246,2,80
163.33.33.206,1,40
150.75.152.229,1,40
133.11.69.211,1,40
133.149.196.216,1,40
133.149.208.75,1,40
202.198.26.149,1,44
150.75.110.24,1,40
133.149.206.135,1,40
150.75.234.15,1,40
150.75.173.122,1,40
133.149.94.253,1,40
150.75.192.187,1,40
150.75.187.189,1,40
133.149.217.52,1,40
133.149.145.191,1,40
203.77.35.30,1,40
150.75.66.41,1,40
133.149.1.105,1,68
150.75.133.162,1,40
163.33.49.58,2,80
133.11.116.94,1,68
150.75.42.85,1,40
133.149.12.164,1,40
150.75.178.51,1,40
150.75.213.255,1,40
150.75.72.232,1,40
150.75.175.193,1,40
133.149.196.140,1,40
163.33.13.188,1,40
163.33.216.160,1,40
150.75.90.153,1,40
202.198.15.168,1,44
133.11.91.29,1,40
150.75.125.44,1,40
133.11.64.45,1,40
203.77.49.214,1,40
163.33.152.135,1,40
163.33.191.38,1,40
133.149.68.151,1,40
163.33.124.76,1,40
150.75.79.81,1,40
163.33.178.179,1,40
133.149.225.92,1,40
202.198.26.16,1,40
203.77.69.156,1,40
150.75.184.220,1,40
133.11.94.219,1,40
163.33.112.180,1,40
150.75.60.183,1,40
150.75.150.65,1,40
150.75.121.85,1,40
163.33.224.71,1,40
163.33.18.163,1,40
133.11.76.196,1,40
150.75.205.221,1,40
150.75.108.19,1,40
133.149.19.254,1,40
163.33.115.225,1,40
133.11.64.225,1,40
163.33.64.21,1,40
150.75.31.238,1,40
133.149.202.28,1,40
133.149.90.153,1,40
203.77.57.64,1,40
150.75.205.188,1,44
150.75.243.23,1,40
133.149.23.13,1,68
150.75.184.14,1,40
203.77.79.233,1,44
163.33.237.170,1,40
163.33.94.177,1,40
163.33.90.88,1,40
203.77.24.148,1,40
163.33.167.190,1,40
133.11.127.241,1,44
163.33.98.189,1,40
163.33.111.230,1,40
202.198.8.135,1,40
133.149.124.22,1,44
133.149.21.143,1,40
150.75.167.123,1,40
163.33.14.34,1,44
133.149.134.127,1,52
163.33.17.227,1,40
150.75.237.19,1,40
150.75.244.3,1,40
150.75.241.25,1,40
150.75.145.12,1,40
150.75.109.29,1,40
150.75.154.16,1,40
163.33.77.96,1,40
203.77.115.85,1,40
133.149.134.252,1,68
133.11.95.220,1,40
163.33.177.63,1,40
163.33.98.195,1,40
150.75.154.158,1,40
163.33.12.246,1,40
133.11.90.99,1,68
133.149.8.133,1,40
133.149.33.1,1,40
163.33.246.210,2,108
150.75.239.223,1,40
163.33.138.173,1,40
133.149.35.61,1,40
133.149.94.111,1,40
150.75.191.84,1,40
150.75.240.235,1,40
150.75.170.43,1,40
163.33.124.209,1,40
203.77.57.205,1,40
163.33.65.228,1,40
133.11.75.254,1,44
163.33.55.91,1,40
133.149.53.244,1,40
163.33.239.18,1,40
203.77.94.122,1,44
163.33.159.158,1,40
203.77.78.80,1,40
150.75.49.232,1,40
133.149.118.22,1,40
163.33.98.160,1,40
150.75.145.149,1,40
133.149.159.195,1,40
163.33.124.233,1,40
202.198.57.93,1,40
202.198.14.243,1,44
163.33.115.18,1,40
150.75.36.111,1,40
133.11.122.44,1,40
150.75.63.117,1,40
133.149.173.110,1,44
202.198.60.140,1,44
163.33.50.219,1,40
163.33.72.24,1,40
163.33.2.81,1,40
133.149.243.46,1,40
163.33.229.97,1,40
163.33.60.22,2,80
150.75.135.28,1,40
150.75.244.75,1,40
203.77.108.231,1,40
133.149.243.93,1,40
150.75.137.77,1,40
150.75.173.28,1,40
133.149.240.217,1,44
202.15.129.65,2,80
150.75.70.222,1,40
133.149.48.239,1,44
163.33.95.214,1,52
133.149.25.193,1,40
133.11.106.244,1,68
133.149.172.42,1,40
133.149.184.4,1,40
202.198.26.13,1,40
133.149.15.128,2,58
133.149.54.32,1,68
133.11.122.195,1,40
150.75.144.255,1,40
163.33.139.241,1,40
150.75.156.47,1,44
133.11.91.80,1,40
150.75.86.186,2,88
163.33.57.47,1,40
133.149.254.207,1,40
133.149.127.68,1,68
163.33.43.101,1,40
163.33.132.74,1,83
203.77.57.193,1,40
133.149.111.104,1,40
133.149.155.87,1,40
133.11.77.226,1,40
133.11.126.17,1,40
133.149.49.217,1,40
163.33.60.229,1,44
202.198.39.114,1,40
150.75.245.18,1,40
150.75.193.129,1,40
133.149.129.43,1,40
150.75.198.170,1,40
163.33.95.176,1,40
150.75.31.250,1,40
133.11.112.81,1,40
150.75.31.67,1,40
133.149.26.127,1,40
133.11.120.78,1,68
133.149.5.94,1,40
163.33.250.217,1,40
133.149.176.43,1,44
150.75.244.151,1,40
163.33.253.205,1,40
163.33.241.109,1,40
150.75.23.139,1,40
150.75.51.19,1,40
133.149.235.190,1,44
203.77.32.136,1,40
202.198.54.167,1,44
133.11.83.205,1,44
150.75.112.18,1,40
150.75.66.147,1,40
163.33.80.192,1,40
133.149.63.44,1,40
203.77.32.120,1,40
150.75.151.252,1,40
133.149.102.195,1,40
150.75.255.120,1,40
133.149.254.142,1,40
133.149.228.206,1,40
163.33.143.199,1,44
150.75.38.18,1,40
133.11.113.150,1,40
133.149.21.133,1,40
163.33.198.6,1,40
163.33.29.231,1,40
133.11.78.179,1,40
133.149.117.128,1,68
163.33.245.14,1,40
150.75.239.191,1,40
203.77.13.220,1,40
133.149.16.189,1,40
150.75.211.155,1,40
163.33.219.192,1,40
150.75.66.165,1,40
133.149.13.169,1,40
163.33.143.9,1,192
150.75.255.93,1,40
150.75.163.26,1,40
133.149.236.231,1,40
163.33.26.2,1,40
133.11.118.252,1,40
133.11.116.99,1,40
203.77.79.15,1,40
150.75.166.45,1,40
133.149.74.29,1,68
150.75.139.66,1,40
203.77.118.237,1,44
163.33.91.165,1,40
150.75.57.139,1,40
133.11.117.26,1,40
203.77.60.1,1,40
150.75.28.111,1,40
202.198.36.220,1,40
203.77.96.150,1,44
150.75.202.0,1,40
163.33.253.185,1,40
163.33.130.152,1,40
133.149.40.32,1,40
163.33.173.216,1,40
150.75.65.102,1,40
133.11.65.202,1,60
133.149.250.84,1,68
163.33.131.57,1,40
133.149.237.114,1,68
163.33.163.72,1,60
133.149.1.254,1,40
150.75.39.146,1,40
202.198.45.63,1,40
133.11.103.232,1,44
133.11.107.145,2,88
163.33.95.160,1,40
150.75.77.141,1,40
163.33.61.48,1,40
150.75.200.153,1,60
163.33.231.147,1,40
133.149.238.144,1,68
203.77.56.181,1,40
133.149.9.118,1,40
150.75.119.82,1,40
133.11.96.43,1,44
163.33.245.51,1,71
150.75.19.22,1,44
203.77.70.194,1,40
163.33.141.132,1,40
163.33.129.197,1,44
133.149.83.8,1,40
203.77.6.254,1,40
133.149.118.113,1,68
202.198.32.3,1,44
133.149.173.5,1,40
133.149.210.22,1,40
133.11.84.124,1,40
150.75.194.42,1,40
150.75.101.180,1,40
163.33.246.78,1,76
133.11.111.57,1,40
203.77.105.66,1,44
133.149.24.165,1,68
150.75.159.55,1,40
150.75.216.109,1,40
202.198.28.122,1,40
150.75.18.232,1,40
133.11.83.210,1,44
163.33.55.110,1,40
163.33.125.207,1,40
163.33.106.109,1,40
133.149.127.4,1,68
163.33.88.189,1,40
163.33.200.185,1,44
150.75.228.152,1,40
202.198.60.202,1,40
133.149.71.249,1,40
150.75.188.247,1,40
163.33.217.64,1,44
163.33.207.241,1,40
133.149.20.250,1,40
150.75.113.175,1,44
150.75.143.149,1,40
163.33.187.124,1,40
133.149.131.177,1,44
133.11.105.249,1,40
163.33.91.188,1,40
202.25.107.186,1,52
203.77.10.66,1,40
133.149.90.98,1,40
133.11.75.153,1,40
203.77.54.46,1,40
150.75.125.238,1,40
133.149.121.14,1,40
163.33.166.137,1,40
163.33.185.146,1,40
150.75.166.24,1,48
163.33.61.95,1,122
133.149.227.225,1,40
163.33.1.254,1,40
133.149.118.137,1,40
203.77.50.124,1,40
163.33.105.172,1,40
133.149.18.247,1,68
133.11.94.154,1,68
150.75.113.208,1,40
133.149.232.155,1,40
150.75.28.25,1,40
133.149.192.242,1,40
150.75.212.180,1,40
150.75.62.37,1,40
150.75.239.220,1,40
133.149.105.69,1,68
163.33.149.45,1,40
203.77.27.223,1,40
133.149.81.20,1,40
133.149.46.151,1,68
150.75.122.134,1,40
150.75.192.2,1,40
163.33.181.164,1,40
203.77.79.241,1,40
133.149.106.130,1,68
133.149.150.145,1,68
163.33.209.64,1,40
133.149.252.201,1,40
163.33.18.215,1,40
163.33.232.148,1,40
150.75.217.138,1,40
133.149.186.65,1,40
133.11.121.21,1,40
133.149.173.63,1,68
133.149.98.87,1,40
163.33.94.110,1,40
133.149.11.255,1,40
203.77.41.67,1,40
150.75.200.15,1,40
133.11.85.198,1,40
163.33.106.94,1,40
133.149.207.183,1,68
163.33.58.70,1,40
150.75.83.0,1,40
150.75.159.70,1,40
203.77.58.212,1,40
133.149.132.47,1,68
133.149.162.41,1,68
203.77.49.58,1,44
150.75.203.239,1,40
163.33.161.232,1,40
133.149.148.211,1,68
163.33.135.86,1,40
133.149.77.23,1,40
133.149.183.196,2,80
133.149.16.3,1,40
133.149.69.66,1,40
133.149.192.247,1,40
150.75.194.70,1,40
133.149.21.238,1,40
163.33.206.43,1,40
133.149.252.235,1,40
163.33.89.229,1,44
150.75.11.100,1,40
150.75.16.198,1,40
203.77.123.39,1,64
150.75.76.132,1,40
133.149.58.31,1,40
163.33.158.25,1,40
163.33.131.190,1,121
163.33.117.165,1,40
133.149.138.125,1,44
163.33.121.140,1,40
133.149.99.216,1,40
150.75.10.251,1,40
163.33.240.29,1,40
133.11.84.72,1,48
150.75.153.169,1,40
133.149.59.172,1,40
150.75.252.83,1,40
133.149.63.144,1,40
203.77.111.100,1,44
133.149.251.216,1,44
150.75.75.87,1,40
203.77.70.254,1,40
150.75.24.146,1,40
150.75.175.63,1,40
150.75.127.56,1,40
163.33.39.86,1,40
150.75.95.165,1,40
203.77.76.214,1,40
133.11.102.179,1,48
133.149.64.180,1,44
133.149.158.145,1,40
150.75.220.55,1,40
133.149.223.175,1,40
163.33.192.104,1,40
133.149.109.234,1,40
133.149.209.160,1,40
163.33.120.92,1,40
163.33.42.54,1,40
163.33.149.61,1,40
163.33.42.131,1,40
163.33.131.4,8,5049
203.77.58.142,1,44
133.149.53.176,1,40
163.33.120.126,1,40
163.33.90.98,1,40
163.33.232.35,1,40
133.11.103.121,1,60
202.204.62.69,1,40
150.75.41.107,1,40
203.77.109.207,1,40
133.149.51.247,1,40
163.33.62.133,1,132
203.77.117.94,1,40
163.33.97.51,1,44
202.198.1.186,2,80
203.77.113.138,1,40
163.33.69.182,1,60
150.75.45.41,1,40
133.149.114.85,1,40
203.77.75.124,1,40
163.33.63.161,1,40
203.77.125.82,1,40
133.149.223.8,1,40
202.198.14.1,1,52
133.149.198.141,1,44
202.198.42.26,1,40
133.149.13.202,1,68
150.75.63.137,1,40
133.149.5.56,1,40
163.33.133.25,1,40
202.198.44.84,1,40
163.33.234.18,1,40
150.75.144.126,1,40
163.33.63.110,1,40
202.198.61.5,1,40
163.33.94.130,2,135
150.75.155.45,1,44
150.75.145.240,1,40
133.149.212.159,1,68
150.75.35.187,1,40
163.33.170.2,1,40
150.75.106.90,1,40
133.11.103.194,1,40
203.77.120.67,1,40
163.33.130.101,1,40
150.75.137.177,1,40
150.75.86.82,1,40
203.77.125.67,1,40
202.198.34.103,1,40
163.33.103.227,1,40
163.33.36.72,1,40
202.15.129.114,1,40
133.149.137.167,1,40
133.149.139.211,1,40
133.149.249.130,1,40
150.75.138.254,1,40
163.33.84.26,1,40
163.33.222.137,1,40
150.75.161.117,1,40
203.77.115.14,1,40
150.75.192.87,1,40
202.198.59.41,1,40
133.149.187.75,1,40
133.11.72.233,1,40
133.149.123.55,1,40
202.198.2.44,1,40
133.11.98.7,1,40
203.77.105.186,1,40
150.75.252.47,1,40
163.33.178.98,1,40
202.198.1.201,2,80
163.33.131.203,1,40
150.75.139.44,1,40
163.33.66.21,1,40
150.75.200.190,1,40
203.77.38.48,1,40
202.198.23.45,1,40
150.75.22.112,1,40
133.149.31.19,1,68
202.198.54.25,1,40
163.33.164.165,1,40
163.33.121.142,1,121
203.77.44.50,1,40
133.149.25.51,1,44
163.33.88.64,1,40
203.77.88.85,1,40
163.33.121.113,1,40
150.75.124.118,1,40
133.149.190.81,1,40
163.33.62.47,1,40
163.33.230.79,1,52
133.149.176.74,1,40
133.149.79.180,1,40
163.33.31.129,1,40
133.11.92.237,1,40
133.149.80.175,1,40
163.33.57.234,1,40
133.149.165.88,1,40
133.11.89.73,1,40
150.75.192.34,1,40
163.33.11.119,1,44
133.149.142.29,1,40
163.33.6.58,2,505
150.75.163.187,1,40
133.149.1.157,1,40
133.149.191.44,1,68
163.33.137.17,1,56
150.75.142.232,1,40
133.11.73.219,1,68
150.75.252.205,1,40
133.149.37.147,1,68
150.75.193.14,1,40
150.75.6.242,1,40
133.149.238.104,1,68
163.33.122.89,1,40
150.75.135.218,1,40
163.33.62.174,1,112
133.149.117.168,1,40
163.33.193.69,1,40
150.75.79.85,1,40
163.33.96.213,1,40
150.75.180.126,1,40
163.33.9.246,1,40
163.33.194.12,1,40
133.149.174.188,1,52
163.33.55.13,1,40
133.149.230.120,1,40
163.33.93.17,1,204
202.198.17.49,1,40
133.11.87.222,1,40
150.75.181.248,1,44
163.33.186.227,1,40
133.149.212.182,1,44
133.149.16.155,1,68
150.75.129.14,1,40
150.75.36.182,1,40
163.33.243.179,1,40
150.75.120.5,1,40
133.149.176.198,1,40
163.33.141.40,1,40
133.11.121.217,1,68
133.149.157.18,1,68
150.75.199.109,1,40
163.33.94.182,1,40
133.149.221.240,1,40
133.149.4.253,1,40
163.33.220.212,1,40
150.75.184.181,1,40
133.149.118.230,1,48
203.77.32.183,1,40
133.11.108.141,1,40
163.33.121.156,1,40
163.33.211.184,1,40
133.149.224.48,1,68
133.149.230.163,1,68
133.149.73.120,1,40
150.75.104.221,1,44
133.149.11.10,1,40
133.149.137.78,1,40
202.198.34.105,1,40
133.149.141.164,1,68
133.11.109.100,1,40
163.33.235.212,1,40
133.149.105.12,1,68
203.77.10.192,1,40
133.149.234.194,1,40
133.149.27.225,1,68
150.75.127.200,1,40
133.149.244.33,1,40
203.77.67.234,1,40
203.77.66.165,1,40
203.77.10.169,1,40
163.33.130.84,1,40
163.33.144.21,1,40
133.149.187.86,1,40
163.33.38.44,1,40
150.75.29.181,1,40
133.149.156.185,1,68
163.33.151.54,1,40
150.75.38.105,1,40
133.149.142.170,1,68
163.33.74.188,1,40
133.149.92.20,1,40
133.149.131.176,1,40
150.75.3.83,1,40
133.149.140.178,1,68
163.33.200.202,1,40
133.11.119.163,1,44
150.75.90.157,1,40
202.198.48.62,1,40
133.149.75.87,1,68
150.75.184.197,1,40
133.149.164.174,1,40
133.149.232.194,1,68
133.149.175.196,1,40
133.11.108.11,1,40
133.149.67.191,1,68
202.198.15.202,1,40
133.149.0.254,1,44
150.75.95.126,1,40
133.11.111.23,1,40
163.33.62.203,1,44
150.75.100.227,1,40
150.75.14.184,1,40
163.33.161.176,1,40
202.204.60.125,1,40
133.149.127.107,1,68
203.77.6.103,1,40
150.75.88.180,1,40
133.11.81.103,1,44
163.33.99.137,1,40
133.149.238.14,1,40
133.11.123.210,1,40
133.149.68.247,1,40
150.75.144.30,1,40
133.149.222.31,1,68
150.75.143.26,1,40
163.33.26.153,1,40
150.75.88.104,1,40
163.33.164.150,1,40
133.149.243.104,2,84
133.149.35.26,1,40
133.149.99.197,1,40
150.75.86.110,1,40
133.149.155.169,1,68
163.33.185.116,1,175
202.204.60.79,1,40
203.77.125.152,1,52
150.75.199.24,1,76
163.33.66.159,1,40
133.11.90.110,1,40
163.33.235.42,1,40
133.149.34.92,1,40
150.75.187.174,1,40
202.198.13.48,1,40
163.33.204.187,1,40
133.149.168.211,1,68
150.75.154.101,1,40
163.33.183.123,1,40
133.149.216.37,1,40
133.149.214.2,1,44
150.75.52.166,1,44
133.11.127.137,1,40
150.75.125.118,1,40
163.33.11.3,1,40
133.149.17.34,1,40
163.33.203.32,2,112
163.33.20.166,1,44
133.149.236.81,1,40
133.11.104.36,1,40
150.75.14.112,1,40
202.198.57.196,1,40
150.75.72.48,1,40
203.77.119.205,1,40
150.75.29.175,1,40
133.149.13.87,1,40
163.33.212.0,1,40
202.198.2.7,1,40
133.149.161.72,1,40
150.75.53.160,1,40
202.198.14.154,1,44
133.149.34.251,1,40
133.149.73.61,1,40
150.75.208.224,1,40
150.75.44.3,1,40
163.33.252.201,1,40
133.149.47.116,1,68
163.33.53.149,1,44
163.33.176.182,3,800
133.149.109.132,1,40
150.75.127.124,1,40
150.75.188.155,1,40
133.149.116.29,1,68
133.11.120.112,1,68
133.149.169.144,1,68
202.198.53.46,1,40
203.77.8.235,1,40
133.149.34.139,1,68
203.77.74.139,1,40
202.198.20.253,1,52
203.77.69.37,1,40
133.149.14.173,1,68
133.149.139.188,1,68
150.75.181.78,1,40
163.33.66.140,1,40
202.198.57.87,1,40
133.149.112.167,1,40
150.75.183.211,1,40
203.77.2.192,1,40
150.75.20.48,1,40
133.11.88.90,1,40
203.77.43.202,1,40
163.33.95.4,47,67410
133.149.127.139,1,40
133.149.118.192,1,68
202.198.34.207,1,40
163.33.32.227,1,40
133.149.127.207,1,40
133.149.206.182,1,44
133.149.48.99,1,40
163.33.169.35,1,40
133.149.122.111,1,68
203.77.10.47,1,40
163.33.121.175,1,40
133.149.187.76,1,44
202.198.49.161,1,40
202.198.60.57,1,40
133.149.245.11,1,68
133.11.95.191,1,44
133.149.234.66,1,68
133.149.210.84,1,40
133.11.112.253,1,40
133.149.254.111,1,68
133.149.192.226,1,40
133.149.191.63,1,40
163.33.62.132,1,164
163.33.167.205,1,40
163.33.237.76,1,40
203.77.31.47,1,40
203.77.12.8,1,40
133.149.122.148,1,44
150.75.104.103,1,44
133.149.197.124,1,40
163.33.87.253,1,40
163.33.200.11,1,40
150.75.43.201,1,40
133.149.37.33,1,44
133.11.126.109,1,40
133.149.124.87,1,40
133.149.47.86,1,40
203.77.118.110,1,58
163.33.4.97,1,40
133.149.57.174,1,40
133.149.79.118,1,40
203.77.85.92,1,40
163.33.66.181,1,40
133.149.198.232,1,40
202.198.12.113,1,40
133.149.214.202,1,40
133.11.78.91,1,68
133.11.122.180,1,68
163.33.251.195,1,40
150.75.86.38,1,40
163.33.36.226,1,40
133.11.95.155,1,40
150.75.63.26,1,40
133.149.219.197,1,68
133.149.9.255,1,68
133.149.188.47,1,52
133.11.84.189,1,40
163.33.185.125,1,40
163.33.82.208,1,40
150.75.113.166,1,44
133.149.202.212,1,40
150.75.40.192,1,40
203.77.71.75,1,40
150.75.169.91,1,40
203.77.19.129,1,40
150.75.242.18,1,40
203.77.97.92,1,40
163.33.203.70,1,52
203.77.21.221,1,44
133.11.75.80,1,44
133.149.93.0,1,40
150.75.12.3,1,40
163.33.64.181,1,40
133.149.4.131,1,40
150.75.8.206,1,40
133.149.70.34,1,40
133.149.228.152,1,40
150.75.192.85,1,40
203.77.2.242,1,40
133.149.42.20,1,68
203.77.126.74,1,84
133.149.101.197,1,68
203.77.41.180,1,48
203.77.80.166,2,88
150.75.246.203,1,40
133.149.197.163,1,40
133.11.104.95,1,40
202.204.58.106,1,60
163.33.73.76,1,40
202.198.13.177,1,40
202.198.26.70,1,40
133.149.173.45,1,68
133.149.110.70,1,40
133.149.85.241,1,40
150.75.203.33,1,40
133.149.211.99,1,40
133.11.113.122,1,68
133.11.91.224,1,40
150.75.80.33,1,40
133.11.108.45,1,68
150.75.84.232,1,40
163.33.180.179,1,40
150.75.242.24,1,40
133.11.65.245,1,40
150.75.98.8,1,40
150.75.227.80,1,40
203.77.0.163,1,40
202.198.3.48,1,40
150.75.114.193,1,40
133.149.168.17,1,68
133.149.205.52,1,68
150.75.206.66,1,40
133.149.94.252,1,68
133.149.25.80,1,40
133.149.116.226,1,40
203.77.14.127,1,40
150.75.228.195,1,40
163.33.189.41,1,40
133.149.127.179,1,40
133.149.251.0,1,60
133.149.87.37,1,40
203.77.23.225,1,40
163.33.44.226,1,48
202.204.62.138,1,40
133.149.110.100,1,40
133.149.36.103,1,40
163.33.36.153,1,40
133.149.64.156,1,40
133.149.48.192,1,40
133.149.20.240,1,40
133.149.185.66,1,68
133.11.86.95,1,40
133.149.155.86,1,68
163.33.223.228,1,40
150.75.146.207,1,40
203.77.35.58,1,40
150.75.94.77,1,40
150.75.142.69,1,40
133.149.166.53,1,40
163.33.44.57,1,40
203.77.119.119,1,40
163.33.121.13,1,44
163.33.92.186,1,52
133.149.68.206,1,68
133.149.7.60,1,68
202.198.42.169,1,40
133.149.40.93,1,40
163.33.94.175,1,48
163.33.227.254,1,40
133.149.184.84,1,68
150.75.167.154,1,40
133.149.115.158,1,40
203.77.82.245,1,40
202.198.56.5,1,40
133.149.222.219,1,68
163.33.36.252,5,692
133.149.249.219,1,68
150.75.200.170,1,40
133.149.109.127,1,68
163.33.75.24,1,40
133.149.22.220,1,40
163.33.24.141,1,64
150.75.53.107,1,40
163.33.113.109,1,40
163.33.182.145,1,40
133.149.33.204,1,44
133.149.147.72,1,68
203.77.28.6,1,32
133.149.198.3,1,52
133.149.33.168,1,40
133.11.97.45,1,68
133.149.133.72,1,40
163.33.218.184,1,40
133.149.254.193,1,40
150.75.84.229,1,40
133.149.101.199,1,44
150.75.30.86,1,40
163.33.255.233,1,40
163.33.180.16,1,40
203.77.117.79,1,40
150.75.192.47,1,40
163.33.249.52,1,52
150.75.208.142,1,40
163.33.7.179,2,84
133.149.229.185,1,40
203.77.62.255,1,40
202.25.107.157,1,52
133.11.89.192,1,40
133.149.231.12,1,40
133.149.144.41,1,40
163.33.203.40,1,40
203.77.78.138,1,40
163.33.159.7,1,40
150.75.90.244,1,40
203.77.45.253,1,40
133.149.140.171,1,40
150.75.63.93,1,40
203.77.81.5,2,88
150.75.182.187,1,44
150.75.193.18,1,40
202.204.61.27,1,40
163.33.210.89,1,40
150.75.213.193,1,40
133.11.76.160,1,68
133.149.242.244,1,68
163.33.222.122,1,40
150.75.81.240,1,40
150.75.238.144,1,40
163.33.7.74,1,40
150.75.255.28,1,40
133.149.208.3,1,68
150.75.252.188,1,40
133.11.86.154,1,40
133.149.124.73,1,40
133.11.82.148,1,121
133.149.249.8,1,40
150.75.252.247,1,40
133.149.45.122,1,40
150.75.162.196,1,40
133.11.98.178,1,68
133.149.226.217,1,68
133.149.133.27,1,40
133.149.74.100,1,40
150.75.185.237,1,40
163.33.97.91,1,40
150.75.166.210,1,40
203.77.19.227,1,40
163.33.4.31,1,40
150.75.178.215,1,40
150.75.5.3,1,40
150.75.105.250,1,40
133.149.24.233,1,40
163.33.89.109,1,44
202.198.20.88,1,40
133.149.143.44,1,40
150.75.53.240,1,44
203.77.85.217,1,40
150.75.97.195,1,40
133.149.13.100,1,40
133.149.236.29,1,40
150.75.213.162,1,40
163.33.76.18,1,40
133.149.69.201,1,40
150.75.244.133,1,40
133.149.50.167,1,40
133.149.29.96,1,40
133.149.193.126,1,68
203.77.80.139,2,88
150.75.128.183,1,40
202.198.16.243,1,40
150.75.168.16,1,40
203.77.124.145,1,40
150.75.110.137,1,40
202.198.61.143,1,40
133.11.80.52,1,68
150.75.93.175,1,44
163.33.44.56,1,40
133.11.82.49,1,68
150.75.71.81,1,40
133.149.196.180,1,68
133.149.144.57,1,68
202.198.48.134,1,40
163.33.112.112,1,40
150.75.134.135,1,40
202.198.29.72,1,40
150.75.182.111,1,60
133.149.209.48,1,40
163.33.225.108,1,40
163.33.214.110,1,40
202.198.52.71,1,40
133.11.118.194,1,40
203.77.21.55,1,44
133.149.113.92,1,40
163.33.23.175,1,40
150.75.69.213,1,40
203.77.50.110,1,40
133.149.172.87,1,40
133.11.105.68,1,68
163.33.165.232,1,40
163.33.31.201,1,40
150.75.108.35,1,40
133.11.85.152,1,40
150.75.255.172,1,40
163.33.30.227,1,40
163.33.114.2,1,40
150.75.252.245,1,40
150.75.94.34,1,45
133.149.233.91,1,40
133.149.143.105,1,40
150.75.98.67,1,40
203.77.0.236,1,44
133.149.175.116,1,68
203.77.117.108,1,40
133.149.29.60,1,40
150.75.88.49,1,40
133.149.155.21,1,68
163.33.72.176,1,40
150.75.207.69,1,44
203.77.66.170,1,40
163.33.140.7,1,82
150.75.149.115,1,40
133.149.86.68,2,80
150.75.154.177,1,40
163.33.117.89,1,40
163.33.213.1,1,40
133.149.54.208,1,40
133.149.186.115,1,68
150.75.57.69,1,40
150.75.20.171,1,40
150.75.41.135,1,40
150.75.221.61,1,44
133.11.116.162,1,52
150.75.42.186,1,40
133.149.138.105,1,40
150.75.107.127,1,40
203.77.37.213,1,29
163.33.94.62,3,668
133.149.18.114,1,68
150.75.155.102,1,40
133.149.38.177,1,44
150.75.155.131,1,40
150.75.112.4,1,40
133.11.125.149,1,40
163.33.94.47,1,40
203.77.45.57,1,40
163.33.66.86,1,40
133.149.95.33,1,40
150.75.93.57,1,40
133.149.26.224,1,40
163.33.127.61,1,40
133.149.190.249,1,40
133.149.7.18,1,40
150.75.93.134,1,40
133.149.36.163,1,40
203.77.22.137,1,40
133.149.187.122,1,40
150.75.183.103,1,40
150.75.69.130,1,40
203.77.64.202,1,40
150.75.180.149,1,40
150.75.2.139,1,40
150.75.95.97,1,40
202.204.63.26,1,40
163.33.5.159,1,40
202.198.1.254,1,40
133.149.160.216,1,40
150.75.196.207,1,40
150.75.204.135,1,40
133.11.76.185,1,58
133.149.230.149,1,40
163.33.144.232,1,40
133.11.123.226,1,68
133.149.90.163,1,40
133.149.27.205,1,68
133.149.104.22,1,68
150.75.69.88,1,40
203.77.93.13,1,40
150.75.134.235,1,40
203.77.36.65,1,58
133.149.111.48,1,40
163.33.50.184,1,40
163.33.100.208,1,40
133.149.198.138,1,40
133.149.117.231,1,40
133.149.92.54,1,40
133.149.56.205,1,40
163.33.102.183,1,40
163.33.62.235,1,44
150.75.244.2,1,576
150.75.134.232,1,40
203.77.120.209,1,44
163.33.118.152,1,40
203.77.80.51,1,44
202.204.60.66,1,40
133.149.61.148,2,108
150.75.134.86,1,40
150.75.245.60,1,40
203.77.0.49,1,40
133.149.47.37,1,40
150.75.241.40,1,40
133.149.242.119,1,68
150.75.198.146,1,40
133.149.250.65,1,40
133.149.86.119,1,44
133.149.7.71,1,68
163.33.70.46,1,40
163.33.31.188,1,40
163.33.224.110,1,40
150.75.33.218,1,40
203.77.108.225,1,52
150.75.198.114,1,40
133.149.84.153,1,40
133.149.185.11,1,40
202.198.62.136,1,40
163.33.135.54,1,40
203.77.82.158,1,40
163.33.14.143,1,40
133.11.107.202,1,40
203.77.80.208,2,88
133.149.128.184,1,40
150.75.131.156,1,40
133.149.43.140,1,68
150.75.145.242,1,40
133.11.107.47,1,68
163.33.205.230,1,44
150.75.220.9,1,40
163.33.212.218,1,40
150.75.135.34,1,40
150.75.208.164,1,40
163.33.12.171,1,52
203.77.67.252,1,40
202.198.63.97,1,44
202.198.45.42,1,40
133.149.253.91,1,68
202.198.21.16,1,40
133.149.228.64,1,68
133.149.66.12,1,40
163.33.27.24,1,40
133.149.163.17,1,68
150.75.144.50,1,40
133.11.113.11,1,40
133.11.124.21,1,68
150.75.50.164,1,40
133.149.92.199,1,40
150.75.65.200,1,44
133.149.119.46,1,68
150.75.214.57,1,40
163.33.94.95,67,89036
133.11.98.143,1,44
133.149.103.70,1,40
163.33.135.83,1,40
202.204.56.19,1,40
163.33.232.79,1,52
150.75.149.95,1,40
133.11.111.240,1,40
133.149.47.31,1,40
203.77.11.219,1,44
203.77.117.72,1,84
163.33.48.63,1,40
202.198.60.154,1,40
133.149.131.191,1,68
133.149.107.218,1,44
163.33.111.139,1,40
133.149.43.25,1,40
163.33.192.23,1,52
163.33.69.19,1,40
163.33.75.48,1,40
163.33.150.27,1,40
150.75.231.9,1,40
133.11.91.79,1,32
163.33.160.32,1,40
202.198.5.222,1,40
150.75.197.173,1,40
163.33.172.229,1,40
150.75.61.27,1,40
133.149.169.85,1,40
133.149.183.114,1,40
133.149.177.99,1,40
163.33.118.70,1,40
150.75.192.100,1,44
133.149.221.80,1,68
150.75.236.124,1,40
203.77.117.161,1,40
203.77.74.36,2,120
163.33.243.62,1,40
150.75.248.224,1,40
163.33.69.121,1,40
150.75.154.108,1,32
202.198.8.131,1,40
133.149.198.213,1,68
133.149.160.218,1,40
150.75.236.61,1,40
150.75.137.89,1,44
133.149.198.110,1,40
150.75.135.38,1,40
133.149.130.85,1,68
203.77.41.168,1,52
150.75.120.153,1,40
133.149.51.4,1,40
133.149.201.145,1,40
133.11.70.146,1,48
133.149.117.27,1,68
133.149.44.140,1,68
150.75.28.128,1,40
133.11.125.130,1,40
150.75.68.234,1,48
133.149.31.237,1,68
163.33.39.27,1,40
163.33.146.240,1,40
150.75.148.194,1,44
133.149.60.238,1,40
133.149.179.252,1,40
133.149.207.103,1,44
163.33.214.135,1,40
133.149.78.145,1,40
150.75.153.148,1,40
133.11.65.32,1,40
133.149.41.145,1,68
150.75.248.149,1,40
133.149.6.61,1,40
150.75.188.197,1,40
163.33.99.213,1,40
202.198.29.79,1,40
133.149.234.15,1,40
133.149.29.30,1,44
150.75.141.50,1,40
150.75.14.130,1,40
150.75.114.199,1,40
133.11.90.253,1,52
203.77.3.3,1,40
163.33.75.6,1,40
203.77.6.165,1,40
203.77.83.107,1,64
163.33.130.128,1,40
133.11.121.75,1,68
150.75.126.50,1,40
150.75.163.92,1,40
150.75.202.251,1,40
133.149.52.61,2,80
150.75.174.25,1,40
133.149.137.20,1,40
203.77.25.47,1,40
150.75.57.119,1,40
203.77.62.71,1,40
133.149.70.76,1,40
150.75.230.42,1,40
150.75.187.149,1,40
133.149.105.101,1,68
150.75.23.122,1,40
150.75.46.85,1,40
163.33.200.120,1,40
150.75.179.48,1,40
163.33.208.228,1,44
163.33.152.254,1,40
163.33.215.248,1,40
202.198.2.102,1,40
133.11.75.102,1,40
150.75.46.161,1,40
133.149.128.230,1,40
133.149.72.1,1,40
150.75.168.190,1,40
150.75.254.47,1,40
150.75.104.203,1,40
133.11.75.175,1,40
150.75.185.71,1,40
150.75.48.131,1,40
150.75.255.117,1,576
163.33.27.238,1,40
203.77.17.91,1,40
163.33.89.185,1,40
150.75.57.129,1,40
163.33.117.205,1,40
150.75.150.98,1,40
150.75.5.185,1,40
150.75.233.131,1,40
163.33.32.145,1,40
163.33.169.197,1,40
163.33.32.90,1,40
150.75.212.83,1,40
203.77.23.231,1,40
133.149.175.74,1,40
203.77.121.190,1,40
150.75.232.139,1,40
150.75.195.222,1,40
150.75.126.186,1,40
150.75.85.190,1,40
163.33.148.28,1,40
203.77.4.60,1,40
150.75.107.49,1,40
133.149.120.90,1,68
133.149.21.202,1,68
133.149.12.128,1,44
133.149.237.65,1,40
133.149.39.60,1,40
133.149.151.95,1,68
133.149.68.97,1,68
133.149.150.210,1,40
163.33.82.217,1,40
150.75.187.22,1,40
150.75.26.131,1,40
133.149.205.166,1,68
133.149.63.94,1,68
203.77.101.246,1,40
150.75.69.60,1,40
163.33.16.19,1,40
163.33.95.238,1,44
133.11.87.235,1,68
163.33.176.27,1,40
163.33.68.52,1,40
133.11.103.104,1,68
133.149.173.39,1,40
163.33.209.224,1,44
163.33.47.90,1,60
203.77.23.196,1,40
203.77.36.31,1,40
133.149.12.96,1,44
163.33.238.122,1,40
203.77.103.176,1,40
133.149.248.104,1,40
203.77.24.94,1,44
163.33.199.97,1,40
203.77.11.36,1,40
163.33.144.105,1,40
203.77.110.12,1,40
133.149.98.180,1,40
203.77.70.175,1,40
150.75.133.131,1,40
150.75.43.178,1,40
150.75.233.164,1,40
163.33.109.122,1,44
150.75.98.127,1,40
150.75.208.172,1,40
150.75.221.25,1,40
150.75.125.156,1,40
150.75.172.88,1,40
150.75.157.35,1,44
150.75.101.85,1,40
163.33.25.161,1,40
150.75.209.19,1,40
150.75.22.177,1,40
133.11.89.202,1,68
133.149.226.89,1,68
133.149.82.134,1,40
202.198.4.118,1,40
150.75.145.172,1,40
150.75.185.240,1,40
133.149.227.164,1,40
150.75.198.3,1,40
163.33.191.196,1,40
163.33.101.156,1,48
150.75.252.52,1,40
150.75.60.209,1,40
133.149.169.169,1,40
133.149.138.235,1,40
150.75.80.124,1,40
203.77.5.40,1,40
203.77.88.246,1,40
133.149.210.248,1,68
163.33.39.1,1,40
202.198.4.113,1,40
133.149.148.221,1,68
150.75.45.73,1,40
150.75.22.186,1,40
202.198.20.40,1,40
163.33.113.252,1,40
163.33.10.108,1,52
202.198.45.129,1,44
150.75.45.70,1,40
150.75.167.237,1,40
163.33.198.153,1,40
150.75.67.119,1,40
133.149.91.22,1,68
163.33.41.239,1,40
133.149.141.191,1,68
202.198.16.128,1,48
150.75.253.108,1,40
150.75.25.72,1,40
150.75.104.135,1,40
133.11.90.25,1,40
150.75.12.140,1,40
150.75.95.168,1,40
203.77.73.168,1,40
150.75.61.102,1,40
202.204.56.223,1,40
203.77.104.213,1,40
163.33.37.62,1,40
150.75.97.51,1,40
163.33.181.199,1,40
150.75.94.137,1,40
133.149.201.189,1,40
133.149.81.46,1,40
133.149.25.115,1,40
133.11.71.238,1,68
203.77.81.18,1,40
133.11.76.20,1,68
163.33.89.28,1,40
150.75.68.123,1,40
133.149.65.16,1,68
150.75.40.168,1,40
163.33.255.55,1,71
163.33.240.182,1,40
163.33.206.204,1,40
203.77.68.131,1,40
133.149.36.12,1,68
150.75.41.143,1,60
163.33.93.224,1,40
163.33.108.121,1,40
133.149.168.84,1,40
133.149.216.150,1,40
133.149.10.5,1,40
203.77.75.75,1,52
163.33.124.22,1,40
133.149.101.131,1,40
133.149.226.72,1,40
163.33.56.18,1,40
133.149.233.244,1,68
150.75.69.5,1,40
163.33.11.162,1,40
133.11.126.203,1,68
150.75.4.94,1,40
203.77.122.33,1,40
133.149.29.74,1,40
133.149.85.226,1,40
202.198.34.147,1,40
203.77.44.33,1,40
150.75.20.81,1,40
133.149.8.221,1,68
202.198.17.99,1,40
150.75.49.207,1,40
150.75.220.216,1,40
133.149.192.221,1,68
163.33.204.101,1,40
133.149.150.156,1,40
150.75.118.204,1,40
133.149.39.77,1,68
203.77.81.186,1,40
150.75.139.153,1,40
133.149.73.115,1,44
163.33.215.79,1,40
150.75.74.160,1,40
203.77.83.249,1,40
150.75.27.207,1,40
133.11.96.191,1,68
133.149.203.221,1,68
133.149.255.157,1,40
203.77.28.196,1,40
133.149.186.237,1,68
150.75.230.104,1,40
150.75.32.94,1,40
150.75.134.5,1,40
203.77.57.45,1,40
133.149.53.83,1,40
150.75.99.22,1,40
150.75.225.123,1,576
163.33.185.34,1,40
133.149.146.92,1,40
133.149.112.52,1,40
163.33.156.69,1,40
150.75.155.71,1,44
163.33.194.247,1,40
163.33.194.113,1,44
133.149.121.65,1,68
133.149.211.166,1,40
150.75.90.182,1,40
163.33.0.210,1,68
163.33.255.96,1,40
150.75.3.218,1,40
150.75.53.178,1,40
150.75.222.137,1,40
203.77.6.13,1,52
203.77.125.92,1,40
133.149.105.60,1,68
163.33.195.40,1,40
150.75.23.17,2,80
163.33.113.79,1,40
163.33.98.185,1,44
133.11.103.63,1,68
133.11.83.199,2,80
202.204.56.25,1,40
203.77.46.25,1,40
150.75.5.184,1,40
133.149.221.241,1,40
133.149.13.10,1,40
203.77.117.172,1,40
163.33.138.87,1,113
150.75.81.47,1,40
163.33.187.110,1,40
203.77.118.189,1,40
150.75.27.81,1,44
150.75.105.122,1,40
150.75.92.145,1,40
133.149.44.19,1,40
150.75.213.33,1,40
133.149.193.17,1,40
133.149.28.198,1,576
133.149.239.217,1,68
163.33.26.240,1,40
150.75.146.57,1,44
163.33.84.211,1,49
133.149.202.13,1,44
150.75.145.202,1,40
133.11.119.184,1,40
150.75.201.25,1,40
150.75.5.15,1,40
133.149.76.63,1,68
150.75.107.90,1,40
150.75.114.54,1,40
133.11.83.28,1,68
133.149.34.168,1,40
133.149.13.204,1,40
150.75.28.210,1,40
133.149.219.150,1,40
203.77.15.84,1,40
133.149.108.39,1,44
202.198.58.189,1,40
150.75.204.91,1,40
202.198.53.159,1,40
150.75.11.14,1,40
133.11.98.29,1,48
133.11.94.180,1,68
163.33.25.167,1,40
133.11.90.107,1,40
133.11.81.123,1,40
133.149.164.35,1,68
133.11.94.225,1,40
163.33.25.50,1,40
133.149.239.131,1,40
150.75.39.186,1,40
203.77.74.18,1,40
202.198.11.22,1,40
133.149.236.222,1,44
202.204.61.198,1,44
133.149.211.53,1,40
133.149.26.75,1,68
163.33.94.198,1,40
163.33.55.97,1,40
203.77.38.223,1,40
203.77.116.23,1,48
133.11.79.245,1,40
133.11.81.69,1,40
133.11.125.143,1,68
150.75.136.6,1,40
163.33.185.189,1,40
163.33.44.133,1,40
150.75.198.88,1,40
133.149.10.179,1,40
150.75.69.146,1,40
163.33.153.126,1,40
150.75.43.204,1,40
133.149.39.81,1,40
133.149.10.114,1,40
133.149.16.87,1,40
203.77.42.211,1,40
150.75.191.204,1,40
150.75.170.154,1,40
163.33.153.73,1,40
133.149.113.6,1,40
150.75.119.204,1,40
133.149.2.201,1,40
133.11.97.232,1,68
150.75.25.21,1,44
150.75.6.48,1,40
133.149.139.114,1,40
203.77.45.85,1,40
133.11.79.104,1,40
150.75.114.244,1,40
133.149.55.143,1,68
163.33.16.53,1,40
163.33.131.154,1,40
133.149.228.155,1,40
150.75.114.140,1,40
150.75.105.61,1,40
163.33.58.212,1,40
150.75.132.91,1,40
133.149.176.3,1,68
133.149.87.163,1,40
150.75.166.111,1,40
163.33.22.171,1,40
133.149.46.224,1,44
203.77.39.200,1,40
150.75.79.10,1,40
150.75.25.126,1,40
133.149.200.83,1,68
203.77.62.174,1,40
133.149.46.163,1,68
202.198.9.78,1,40
202.198.0.156,2,619
133.149.68.164,1,40
133.149.193.186,1,68
163.33.221.139,1,40
150.75.110.235,1,40
133.149.90.63,1,40
150.75.101.156,1,40
150.75.249.126,1,40
133.149.82.195,1,68
163.33.147.48,1,40
133.149.31.0,1,68
150.75.28.224,1,40
133.149.117.190,1,40
163.33.29.143,1,40
133.149.40.66,1,40
150.75.79.171,1,40
150.75.243.178,1,40
133.149.103.110,1,44
203.77.53.143,1,40
202.198.25.149,1,40
133.149.127.17,1,68
150.75.3.200,1,40
133.149.198.93,1,40
163.33.120.163,1,40
163.33.247.104,1,40
150.75.31.2,1,40
133.149.223.33,1,68
163.33.166.71,1,40
150.75.242.76,1,576
150.75.159.137,1,40
150.75.203.187,1,40
133.149.109.181,1,44
133.149.205.21,1,44
133.149.214.62,1,68
133.149.176.207,1,68
203.77.73.190,1,40
203.77.15.224,1,40
150.75.242.172,1,40
163.33.192.231,1,40
203.77.27.76,1,40
133.149.186.198,1,68
163.33.83.215,1,40
163.33.153.27,1,40
133.149.114.201,1,44
150.75.237.61,1,40
133.149.95.90,1,40
133.11.92.181,1,60
150.75.254.187,1,40
163.33.203.44,1,40
150.75.189.2,1,40
133.149.104.29,1,40
163.33.137.90,1,40
163.33.3.141,1,40
133.149.62.16,1,40
150.75.101.195,1,40
150.75.18.145,1,40
133.11.87.226,1,40
150.75.181.147,1,40
150.75.129.139,1,40
163.33.218.87,1,40
150.75.43.122,1,40
133.149.98.94,1,68
163.33.112.124,1,40
133.149.36.20,1,40
133.149.177.199,1,58
203.77.99.199,1,44
133.149.138.223,1,40
133.149.214.230,1,40
133.149.24.161,1,40
150.75.39.174,1,40
133.149.232.35,1,68
133.149.193.9,1,68
133.149.190.28,1,40
133.149.53.79,1,40
150.75.235.66,1,40
163.33.202.79,1,40
133.149.60.69,1,40
133.149.90.210,1,40
133.11.80.240,1,40
203.77.77.72,1,40
150.75.39.173,1,40
202.204.56.116,1,40
133.149.239.169,1,68
150.75.248.71,1,40
133.149.178.5,1,40
203.77.84.58,1,40
133.149.66.142,1,68
163.33.47.76,1,44
133.149.79.157,1,68
203.77.12.200,1,40
133.149.188.21,1,40
133.149.221.16,1,40
133.149.218.61,1,68
163.33.69.91,1,40
150.75.24.228,1,40
133.149.248.41,1,40
163.33.156.203,1,40
150.75.79.230,1,44
150.75.109.213,1,52
203.77.7.114,1,40
203.77.79.116,1,40
163.33.94.66,4,220
163.33.166.142,1,40
203.77.123.215,1,40
203.77.85.21,1,40
133.149.231.2,1,40
163.33.159.75,1,40
133.149.89.128,1,40
202.198.40.160,1,40
133.11.75.107,1,52
133.149.160.119,1,68
163.33.15.67,1,60
133.149.104.127,1,68
133.149.165.143,1,68
163.33.200.28,1,40
