,sip_ct,sip_pkt_size_ct
213.203.13.184,2140,3204580
185.62.237.173,2031,216678
202.220.73.172,1233,65080
71.230.250.95,1,40
13.161.239.86,1,52
23.64.129.135,922,1364446
192.69.179.213,1,32
142.161.167.8,325,13000
150.21.79.3,1,32
54.202.117.42,1,32
31.113.147.113,259,154371
157.42.86.25,12,712
185.72.27.133,55,2200
182.5.228.161,1,32
86.149.166.38,1,32
118.113.111.218,1,44
87.59.82.222,200,8000
185.72.27.106,77,3080
46.231.172.26,49,1960
192.49.223.89,238,9520
81.109.202.4,69,2760
177.244.45.211,1,32
204.194.145.251,1044,546861
120.147.184.161,1,132
69.190.25.178,1,32
89.34.101.143,14,856
36.164.21.20,31,1364
189.96.43.197,1,32
219.211.131.83,154,9464
71.230.152.134,7,304
88.77.118.184,1,32
162.12.144.154,242,9680
126.26.254.114,381,186456
85.187.90.103,1,40
71.230.146.117,10,585
142.161.202.113,89,3560
185.0.65.16,43,1720
190.253.104.119,1,78
52.86.57.104,7,1312
81.109.202.26,277,11080
181.128.47.136,1,32
87.228.84.140,1,32
94.28.101.74,1,32
185.126.164.186,7,316
88.11.63.82,4,160
118.207.138.238,1,60
174.222.78.166,1,32
185.72.26.63,14,560
221.148.33.158,1,32
196.180.49.2,8,352
12.142.78.57,1,32
81.109.202.46,162,6480
188.115.6.35,1,32
13.31.233.190,22,1432
200.152.73.65,1,40
192.108.225.208,1,40
35.121.79.141,1,32
150.249.119.178,432,22464
126.75.175.28,27,2915
123.59.82.189,1,32
54.92.125.119,15,600
118.230.124.194,2,742
101.114.65.80,1,32
38.245.188.88,184,6624
64.252.160.179,1,32
166.138.66.254,1,32
206.57.241.177,23,4974
188.89.17.172,1,32
173.245.169.184,1,32
192.227.98.131,1,52
139.173.171.12,2,80
159.52.175.60,7,280
72.158.35.145,1,32
104.248.236.24,9,518
58.18.250.206,1,40
216.68.133.177,21,8078
178.213.30.243,1,32
172.249.25.181,95,48334
220.61.255.241,1,32
112.192.44.130,153,7956
112.152.60.178,232,348000
196.180.49.72,7,308
36.18.129.154,2,80
46.234.223.64,98,5096
118.89.55.83,1,52
54.94.201.121,58,2320
94.237.251.1,1,40
5.64.104.143,2,80
216.166.143.184,1,32
206.195.27.1,236,33225
185.72.27.70,69,2760
98.39.51.254,1,32
81.109.202.49,187,7480
61.5.159.105,110,6821
31.113.147.71,513,690051
89.199.68.80,120,4800
172.111.245.193,1,60
82.190.103.74,1,32
122.239.137.2,1,36
120.180.155.151,28,1232
13.4.142.54,32,24529
62.237.19.100,2,259
195.208.244.146,274,10960
64.158.197.25,2,84
185.48.172.193,32,1280
124.153.108.217,1,32
108.82.58.25,1,44
192.49.237.207,212,8480
185.72.27.66,180,7200
185.56.252.129,144,5760
159.137.143.195,4,160
116.18.242.195,1,32
190.81.101.233,1,32
151.150.76.208,1,52
154.167.42.6,1,32
185.72.26.109,4,160
23.230.122.131,7,684
74.193.23.98,12,612
182.154.83.183,1,60
172.249.28.110,34,9900
115.253.93.113,1,32
197.40.223.183,1,40
185.72.27.125,25,1000
119.6.191.127,1,32
188.201.45.24,3,381
92.8.58.140,25,1000
106.71.91.144,3,132
172.249.28.78,27,18938
202.83.232.46,1,52
81.109.202.48,169,6760
182.189.155.135,1,132
89.199.68.17,140,5600
108.73.145.146,10,586
188.172.193.138,122,173972
169.51.197.119,1,32
217.180.103.22,35,6216
39.46.150.44,495,25740
65.174.22.210,1,32
125.144.141.88,1,52
49.176.135.231,1,32
114.194.118.123,2,248
52.227.122.79,41,16793
185.72.27.113,23,920
110.222.11.32,1,32
60.240.212.70,12,1850
61.129.130.102,1,32
216.68.133.238,9,1254
60.190.111.186,1,32
201.145.151.147,1,32
172.249.162.132,52,19276
58.22.205.31,4,816
128.78.171.178,74,9620
202.207.175.5,13,1098
145.236.119.71,58,2320
73.51.180.163,1,32
218.154.1.169,5,436
182.176.161.120,1,40
173.246.155.221,5,212
152.20.194.133,3,144
218.128.12.192,37,2991
94.15.235.39,8,544
84.220.158.157,1,32
77.241.122.240,16,640
106.105.34.40,1,32
210.34.10.107,1,91
219.25.114.190,1,32
88.11.63.90,4,160
196.180.49.27,7,308
68.255.50.26,1,32
173.197.241.115,1,96
54.215.145.193,2,80
216.68.133.189,30,3035
179.227.135.158,1,32
167.148.99.50,5,200
89.37.72.112,1,32
20.86.217.72,9,1060
98.62.99.104,1,32
120.180.155.148,44,1936
202.35.27.62,1,32
180.138.30.187,9,360
37.78.164.185,2,80
178.47.149.236,1,32
211.52.19.87,1,40
52.126.15.219,1,32
103.96.48.214,1,40
193.22.203.94,1,60
101.152.233.110,27,3066
172.249.25.188,1,40
173.91.83.249,1,28
217.15.143.50,1,32
156.56.0.253,1,40
36.27.160.165,1,44
128.161.219.226,1,32
99.60.233.68,1,32
27.36.171.167,1,52
88.11.63.80,1,40
36.19.147.63,1,32
42.238.43.53,3,120
119.215.151.116,1,32
198.15.169.6,3,120
68.70.52.180,1,32
193.254.5.86,28,1120
182.84.150.219,393,21579
83.12.47.20,5,420
36.19.147.248,1,60
185.95.159.217,18,720
155.127.178.94,54,78098
5.64.104.128,1,40
200.75.43.221,1,40
118.91.43.115,1,40
193.216.222.153,53,2120
31.113.147.64,85,32153
14.8.33.36,1882,2847936
184.37.168.234,1,32
177.205.74.42,1,56
69.91.104.88,1,32
81.226.73.49,1,32
65.65.250.193,1,32
210.141.56.51,118,7816
34.196.119.144,1,32
103.61.12.170,1,32
81.109.202.36,48,1920
122.166.255.235,1,32
78.68.105.242,1,44
52.212.106.92,2,80
212.224.176.15,1,40
196.180.49.17,8,352
61.26.76.153,1,40
138.221.243.247,8,320
172.249.162.142,20,2907
52.6.54.107,5,380
43.204.158.154,1,76
188.105.9.46,37,1480
203.37.174.156,1,32
123.183.175.173,1,52
101.39.221.142,1,48
71.196.107.140,1,32
197.16.172.48,1,40
96.68.224.49,1,32
104.150.211.17,1,32
68.74.81.246,1,40
112.254.67.94,1,58
167.198.31.21,1,40
91.66.99.238,162,225765
119.182.57.249,1,60
218.128.12.141,22,2429
12.149.159.78,1,32
117.91.151.158,1,32
221.176.27.48,1,32
216.68.133.156,5,482
91.66.96.172,1,52
185.252.120.253,38,2280
197.233.244.200,1,52
31.160.193.70,12,1008
220.150.212.20,1,40
186.60.235.186,1,32
216.68.133.145,9,1195
79.224.158.237,1,32
115.3.131.91,1,32
71.230.250.250,1,40
189.222.240.135,1,32
80.59.190.251,1,32
157.134.45.142,2,636
180.188.218.224,1,32
176.5.109.63,1,44
46.231.172.30,53,2120
85.98.196.162,1,40
201.162.248.174,1,32
164.48.14.216,1,32
216.23.38.28,1,32
185.48.173.62,42,1680
107.197.37.89,1,32
196.180.49.67,9,396
204.203.72.253,1,60
185.72.27.41,46,1840
187.123.193.117,1,32
54.240.185.30,1,423
113.10.253.33,1,52
96.29.171.140,1,32
52.227.122.75,18,15019
83.233.159.46,1,40
37.17.161.19,1,40
185.72.27.26,202,8080
5.189.61.210,70,85701
121.153.225.87,1,32
174.206.105.198,1,32
190.29.107.143,1,60
45.237.50.213,1,32
79.14.83.182,1,32
217.13.111.21,1,32
119.241.93.152,1,32
62.238.22.66,1,32
68.74.208.252,7,280
54.95.107.143,8,416
24.174.7.249,1,32
185.72.27.53,27,1080
92.219.184.246,1,32
43.217.140.34,50,8063
2.243.158.1,1,32
185.72.27.97,16,640
43.219.192.81,3,208
197.45.251.247,1,44
175.55.41.20,1,32
85.181.144.112,1,32
180.127.24.113,1,32
185.173.237.20,1,40
216.68.133.157,33,6023
37.120.52.119,1,32
123.195.60.151,1,40
175.166.15.245,1,32
106.41.252.162,1,40
185.72.27.145,47,1880
218.132.240.197,1,32
118.250.149.2,1,40
91.66.99.102,1,52
118.49.233.195,1,32
177.136.139.185,1,40
58.187.15.99,1,32
78.65.179.116,1,32
1.26.151.57,1,32
95.200.72.107,1,32
67.185.13.43,1,32
35.86.170.95,1,32
159.153.189.238,2,80
206.228.27.114,1,32
91.66.103.103,1,52
194.96.126.164,121,4840
142.161.151.150,7,280
60.132.214.179,1,32
212.69.134.100,1,32
64.224.70.130,2,152
66.42.167.49,1,40
106.24.14.170,5,205
218.252.28.49,2,80
90.113.152.88,1,40
181.63.186.66,1,32
196.180.49.69,15,660
13.161.234.202,2,1246
87.42.180.124,1,32
223.49.193.201,2,88
45.33.76.87,1,40
71.230.183.142,6,1068
126.218.249.218,102,18043
165.116.243.41,5,200
74.109.35.86,1,32
92.75.134.214,1,32
113.158.137.31,1,40
58.160.177.174,1,40
52.250.138.79,2,419
211.144.158.93,884,43380
117.117.90.189,18,27128
122.59.162.29,1,44
104.8.119.217,1,32
46.231.172.31,43,1720
172.249.29.74,25,17616
190.44.211.134,1,32
87.226.144.212,1,32
49.195.27.185,1,76
221.129.118.127,1,40
5.64.104.138,2,80
1.1.189.189,1,685
223.40.190.151,1,48
192.212.72.21,23,920
82.55.110.245,1,32
78.156.89.210,1,32
87.199.184.56,1,32
190.84.30.14,1,40
24.156.115.133,1,32
221.6.51.214,1,52
124.235.104.157,20,904
1.20.26.142,1,32
162.1.252.121,9,5184
77.142.81.24,1,32
184.191.240.217,1,32
115.69.109.160,2,80
107.164.190.203,61,2440
182.181.200.15,1,76
151.7.137.109,1,32
13.204.149.106,1,76
58.53.223.70,1,32
166.211.116.158,1,32
162.98.85.18,4,289
93.180.182.183,1,32
98.66.40.232,1,32
54.41.232.150,1,32
121.109.103.168,1,52
2.77.25.143,1,40
31.161.131.13,1,84
195.119.136.125,1,32
8.216.200.244,377,488538
76.251.92.84,1,40
73.70.197.134,1,32
50.237.151.45,1,32
107.203.157.221,1,32
123.22.159.53,1,32
183.149.68.84,1,32
23.40.86.196,1,32
81.109.202.69,19,760
46.75.36.101,1,32
222.136.125.133,1,48
58.249.190.59,31,24330
64.22.165.114,19,1355
223.58.126.197,1,60
216.165.179.185,1,32
93.221.133.11,1,32
54.52.94.33,1,32
122.232.19.92,76,3632
207.62.17.130,1,32
133.203.170.71,128,5120
209.132.205.146,1,96
188.213.7.65,1,32
23.86.31.213,2,104
71.79.249.149,1,60
116.21.227.221,1,48
162.194.80.122,1,542
151.150.76.233,8,683
196.180.49.40,11,484
110.150.130.199,1,32
172.249.31.64,6,555
85.163.175.246,1,40
17.192.163.117,1,105
182.24.127.214,2,88
94.85.252.118,1,32
117.117.90.237,7,1072
125.146.86.46,1,52
185.109.204.129,2,80
18.178.149.207,1,76
139.253.188.67,62,2976
71.230.250.27,1,40
216.68.133.155,5,1561
73.176.235.139,1,32
180.155.40.36,1,32
86.249.125.202,1,32
134.221.205.112,2,336
218.245.87.117,1,32
54.49.210.125,20,7034
66.58.242.51,1,32
151.106.127.201,28,1232
62.237.130.104,1,60
222.156.179.63,414,21528
52.88.196.63,13,6073
113.6.208.16,1,76
76.20.102.21,1,32
223.103.184.34,1,132
223.34.208.81,1,32
46.38.183.101,2,158
219.113.122.24,8,1864
71.230.251.251,7,280
13.161.239.27,41,39496
69.126.80.12,1,60
151.180.220.205,1,44
220.153.41.83,1,40
126.158.79.247,1,60
46.231.172.29,61,2440
69.194.141.26,1,32
183.167.32.80,1,52
172.249.28.71,228,237364
217.149.244.123,1,52
189.101.211.115,1,32
117.27.43.63,69,9984
93.222.49.57,1,32
172.249.30.152,5,1996
196.180.49.39,4,176
60.242.150.231,1,32
41.217.13.166,1,32
27.33.139.8,1,40
196.255.134.138,1,32
159.153.177.173,3,120
135.110.205.50,1,52
71.230.199.104,7,300
95.40.121.106,1,32
139.68.232.31,4,160
209.238.124.153,8,352
178.185.104.75,23,1051
79.39.152.122,1,32
1.249.222.213,1,60
179.213.161.135,1,32
93.91.118.188,1,32
31.205.107.186,1,32
47.125.69.186,1,32
50.56.145.201,1,32
122.132.154.185,1,32
49.235.20.251,54,2808
204.142.244.117,1,32
46.176.239.23,1,32
206.62.190.241,1,32
220.202.165.104,20,800
189.234.236.189,1,32
52.15.239.237,22,2608
178.111.241.139,1,32
116.252.14.89,1,32
49.17.130.43,7,1466
194.120.120.92,1,40
195.148.94.140,1,32
196.180.49.64,9,396
61.151.27.74,1,32
71.66.147.29,1,32
5.64.104.129,2,80
50.223.64.223,1,32
46.117.43.49,1,32
184.14.91.185,3,383
192.49.201.102,4,160
107.214.92.246,1,32
14.231.116.206,1,52
82.173.84.114,1,32
196.155.156.25,15,600
185.127.93.32,2,80
203.186.221.249,1,32
172.249.25.186,171,179341
196.180.49.13,9,396
91.5.157.22,1,32
218.100.240.101,1,32
5.188.104.192,5,408
79.127.192.13,3,120
71.230.250.71,2,80
123.21.62.157,1,52
49.222.185.164,1,32
114.244.3.200,1,32
64.22.165.109,27,1404
185.72.27.101,15,600
68.74.23.188,8,320
188.83.90.82,1,32
142.161.196.17,4,160
91.38.79.212,1,60
69.9.38.234,1,32
190.119.48.178,1,32
185.72.27.121,23,920
117.72.140.123,1,84
196.180.49.57,3,132
27.215.201.71,1,32
71.230.146.69,4,180
94.198.15.137,2,80
108.64.217.55,1,32
27.242.244.195,1,60
91.11.56.143,1,40
68.74.225.106,3,120
190.9.248.67,1,32
87.48.125.123,1,32
185.72.27.78,22,880
71.230.146.118,4,176
172.249.25.142,16,2649
144.79.113.233,1,40
172.249.30.14,102,98854
154.113.247.210,1,32
186.243.130.253,1,32
123.188.76.39,1,76
64.247.128.254,1,99
162.194.50.126,32,5006
139.155.3.214,1,32
100.251.189.139,3,806
67.20.101.60,1,32
31.113.147.98,72,54946
72.181.116.75,1,32
122.119.51.44,1,40
89.195.230.131,1,52
50.159.242.126,8,448
196.180.49.43,7,308
187.17.173.9,1,32
2.79.130.81,1,52
81.177.102.171,1,40
128.221.24.151,8,1085
218.103.12.236,1,32
126.4.68.40,1,32
74.193.97.33,7,1257
178.222.76.189,1,40
173.236.70.244,1,32
81.109.202.11,43,1720
139.173.159.2,1,40
124.122.40.251,1,32
194.225.216.93,1,48
46.247.16.251,1,32
211.10.45.190,1,32
12.233.84.214,1,32
192.240.32.69,11,2567
210.250.2.121,1,32
41.161.121.150,1,40
12.128.89.46,1,32
77.241.122.87,290,125941
117.238.6.126,1,40
108.74.86.125,1,32
222.76.252.25,1,32
151.241.21.91,1,44
90.95.139.249,1,32
187.20.84.243,1,32
212.24.209.185,1,60
212.23.30.193,1,48
86.253.202.230,1,32
217.213.233.227,1,40
64.65.244.209,1,40
86.216.246.205,1,52
114.52.136.55,1,32
71.230.250.100,2,80
182.166.150.22,1,32
185.0.65.10,14,560
183.221.20.190,1,48
98.120.236.45,1,32
189.58.132.227,2,80
81.171.13.6,1,32
61.117.65.72,1,143
210.111.133.94,3,120
68.113.187.33,1,32
212.47.46.100,1,32
36.212.135.204,1,32
139.173.140.86,2,80
121.139.120.106,1,60
124.36.53.81,1,60
66.253.112.206,1,60
200.105.168.151,1,32
93.93.69.158,5,420
185.72.27.94,29,1160
142.161.238.230,3,120
121.169.127.170,1,40
185.72.27.118,19,760
218.157.247.121,3,120
212.131.52.78,1,32
5.64.207.80,1,32
191.207.185.253,1,32
108.62.176.71,1,32
218.252.219.78,1,32
54.181.89.179,1,76
201.192.213.243,1,40
153.19.248.187,1,32
35.95.235.139,2,234
190.159.12.63,1,32
209.35.232.118,1,32
207.1.38.14,1,32
109.208.95.128,1,60
201.109.175.164,1,40
49.195.69.129,1,60
114.170.89.218,1,40
138.4.201.110,7,428
131.159.40.199,1,32
81.109.202.16,72,2880
109.28.125.144,1,40
14.233.252.252,18,720
80.27.78.199,1,32
103.204.93.13,7,1858
132.145.151.51,9,360
1.151.76.125,1,48
134.214.85.223,2,80
216.202.230.134,3,120
191.219.196.168,1,32
31.132.56.0,1,32
31.163.182.138,1,40
201.10.22.47,1,32
83.2.130.103,1,32
59.0.41.231,1,32
41.147.14.203,1,32
79.244.132.79,1,32
103.114.51.130,5,200
117.117.95.121,1,135
5.249.13.52,1,32
89.230.194.147,1,60
88.11.63.81,3,120
213.249.157.217,1,32
151.150.76.80,8,8082
79.45.19.32,1,32
79.115.212.107,1,32
73.119.7.127,1,32
82.190.109.73,1,44
24.63.106.24,1,32
167.196.93.235,1,44
41.162.138.122,1,40
172.30.99.150,1,32
140.229.80.89,1,76
69.34.51.201,1,32
39.18.186.175,1,32
14.128.51.55,1,32
151.150.187.160,6,7896
105.133.61.34,1,32
179.57.122.73,1,60
18.182.99.194,42,15736
159.137.197.133,7,280
222.186.21.52,13,1573
178.48.222.105,1,32
43.222.57.221,1,40
119.159.167.30,1,32
172.64.165.179,1,32
94.133.221.139,1,32
177.203.29.238,1,60
86.170.107.117,1,32
173.179.61.183,1,32
149.184.91.249,1,32
189.20.104.246,1,32
67.190.148.39,1,32
159.239.105.208,1,32
118.6.222.216,2,80
95.79.102.115,1,32
166.164.135.86,1,32
68.42.59.132,1,40
2.194.75.252,1,32
73.91.100.51,1,32
120.192.138.181,1,32
103.87.126.43,1,60
61.119.163.78,1,32
112.4.13.149,1,32
177.185.161.206,1,32
88.11.63.74,2,80
88.11.63.83,3,120
5.188.104.131,4,240
104.227.6.98,1,32
123.4.93.210,1,32
109.176.133.188,1,44
181.233.89.115,1,32
145.236.9.66,1,136
110.149.117.123,1,52
4.99.250.5,3,360
76.139.87.189,1,32
145.147.1.15,1,32
223.159.209.68,1,32
78.7.96.148,1,60
59.115.64.17,1,48
80.205.75.210,1,32
94.230.151.202,1,32
181.122.100.99,1,40
2.68.27.44,1,52
221.45.95.34,1,32
180.162.123.244,1,56
180.141.61.193,1,28
101.208.11.83,1,32
5.64.104.145,2,80
74.241.82.30,1,40
182.173.68.192,1,32
91.147.36.49,1,32
85.105.15.196,1,40
82.44.85.14,3,120
133.236.85.248,47,5860
84.178.23.174,1,40
143.192.87.66,4,823
154.201.206.169,6,576
37.72.116.12,1,32
52.91.112.112,4,239
82.54.174.197,25,1000
218.168.179.194,1,32
188.217.75.187,1,32
201.64.227.33,1,40
94.212.172.205,1,32
93.165.173.238,1,44
154.201.206.189,5,480
188.175.214.69,4,160
118.3.120.118,2,80
191.12.124.88,1,44
80.30.43.95,1,32
39.100.134.134,1,56
62.8.50.214,1,32
121.114.55.246,1,52
98.235.189.188,1,32
94.245.161.85,5,420
177.230.89.108,1,32
172.249.25.130,2,943
80.212.114.216,15,668
45.42.7.90,1,32
149.148.12.230,1,60
190.40.195.211,1,40
210.46.29.41,1,44
182.133.215.245,2,80
75.160.159.224,1,32
62.252.245.175,1,32
74.193.23.172,2,117
222.167.236.105,1,76
60.25.38.11,1,52
58.206.100.61,1,60
183.246.21.145,5,564
104.132.164.230,2,80
91.39.55.206,38,50558
78.134.143.54,1,40
40.136.109.192,1,56
71.68.139.80,1,32
213.29.209.108,1,44
34.230.169.105,1,32
12.235.247.128,1,32
71.52.11.85,1,32
88.46.156.142,2,88
124.213.182.185,1,32
45.164.70.19,7,308
96.34.238.243,1,32
185.146.77.224,1,32
106.199.57.181,1,40
165.229.136.81,7,280
177.125.71.114,1,44
122.99.124.59,1,76
68.74.154.252,2,240
36.174.51.243,1,40
46.234.227.193,1,44
112.204.42.239,1,40
223.58.42.102,1,60
183.123.245.120,1,32
125.238.114.159,1,132
83.167.206.177,1,60
192.226.40.251,1,32
62.166.46.192,1,32
171.57.121.131,1,52
52.15.46.110,5,562
71.230.250.237,2,80
209.188.97.225,88,76217
71.230.250.187,2,80
190.243.71.120,1,32
112.223.152.234,1,32
95.16.91.249,2,88
108.34.50.118,1,32
175.205.5.19,4,160
133.200.138.251,11,2292
108.163.82.179,1,32
118.183.191.2,1,32
106.96.13.83,1,40
172.255.189.217,1,32
123.200.93.113,1,44
177.113.143.136,1,44
75.119.69.246,1,32
110.58.96.129,2,80
27.127.197.28,1,52
45.125.173.212,1,314
130.53.194.102,7,5219
175.237.15.96,1,32
213.133.89.83,1,32
222.121.12.35,1,48
5.31.235.172,1,32
218.161.40.254,1,32
72.224.26.119,1,32
87.202.20.49,1,32
68.154.223.108,1,32
82.24.207.33,1,32
37.126.73.166,1,52
12.128.201.18,1,96
73.198.198.204,1,32
66.2.41.215,1,32
213.167.171.31,1,32
121.66.63.70,4,778
50.179.120.221,1,32
91.39.55.238,13,974
34.202.233.115,1,32
217.178.79.19,1,40
111.175.91.218,1,40
58.191.129.180,1,32
182.179.176.237,1,48
79.2.94.197,1,32
68.74.160.1,1,40
126.234.251.8,1,32
150.26.97.217,1,60
221.17.14.178,1,32
216.75.157.217,1,32
212.61.31.60,1,40
76.78.20.127,1,32
94.143.97.85,1,32
58.208.128.129,1,60
181.165.232.32,1,32
66.224.45.150,1,314
18.178.107.131,1,76
60.136.51.138,1,52
195.77.188.136,1,32
193.216.222.159,35,1400
134.214.180.160,7,280
108.128.69.248,1,32
80.123.160.185,1,32
37.220.144.225,1,44
94.241.34.77,1,32
185.104.111.133,5,280
59.5.210.253,1,40
139.68.202.55,11,440
103.252.204.243,1,56
58.195.56.118,1,92
213.126.251.126,1,40
134.214.55.84,4,160
95.139.133.129,1,40
123.117.191.232,1,40
196.36.232.101,1,32
81.22.222.11,1,32
177.112.246.167,1,32
178.33.153.175,1,32
50.18.86.106,1,32
182.91.130.124,1,56
92.226.150.3,1,32
111.225.229.242,1,52
174.172.175.176,1,32
73.180.176.213,1,32
77.247.52.197,1,32
59.126.177.138,1,32
139.173.134.7,2,80
89.199.72.64,4,176
77.126.158.153,1,32
172.249.162.206,50,34955
68.145.248.120,1,32
172.102.245.167,2,80
217.34.8.108,1,32
124.167.50.170,10,780
115.85.79.174,1,32
221.133.56.54,3,384
76.245.40.41,1,32
196.180.49.36,7,308
72.105.252.90,1,32
71.194.147.163,1,32
35.22.128.17,2,80
98.98.90.41,1,32
179.184.56.6,1,32
74.193.187.99,20,2642
172.103.173.194,2,80
211.79.247.53,1,60
202.234.217.219,2,80
188.29.126.24,1,32
86.192.180.97,1,60
105.157.36.67,1,32
125.142.32.113,1,40
83.28.23.90,1,32
111.116.24.146,357,499277
176.27.80.217,1,32
216.87.5.75,1,32
193.128.58.33,1,40
217.231.83.191,1,32
217.162.213.164,5,249
104.167.209.108,1,32
18.252.230.24,1,32
138.221.89.121,2,80
185.252.220.130,4,160
151.216.62.120,1,32
46.234.223.73,110,6238
78.203.204.68,1,32
46.228.101.37,9,396
198.37.175.76,441,655132
118.41.41.227,1,32
119.205.52.91,1,32
116.142.146.222,1,60
23.245.221.212,1,32
124.254.12.226,1,32
119.111.49.157,1,60
222.66.247.88,1,32
86.197.18.253,1,40
167.98.207.128,1,32
201.64.134.215,1,32
177.235.152.194,1,40
188.175.21.114,1,32
125.173.39.239,1,52
196.248.101.76,1,32
123.115.253.249,1,32
64.65.244.201,2,80
173.48.67.25,1,32
58.16.24.52,1,32
218.229.83.165,1,132
66.194.247.80,1,32
169.146.208.231,1,52
35.126.136.181,7,4801
14.46.152.154,1,32
68.16.25.250,1,40
196.60.145.167,1,32
69.209.226.241,1,32
36.247.27.0,1,60
157.42.72.157,1,40
62.161.233.158,1,32
50.244.71.75,1,32
197.250.247.131,1,52
155.127.178.91,13,4813
117.193.165.187,1,40
159.153.180.3,6,240
117.252.97.88,1,32
107.162.241.162,1,40
46.148.180.230,1,32
46.189.72.2,1,56
223.140.181.237,1,60
185.184.82.194,9,360
174.189.65.19,1,32
14.182.72.121,1,32
178.231.44.179,1,32
93.218.9.210,1,32
76.75.110.247,1,32
77.5.179.101,1,60
82.244.238.127,1,32
175.54.150.34,4,172
78.229.213.147,1,32
78.51.78.193,1,32
185.13.104.254,2,80
219.123.130.52,1,40
87.226.149.179,1,44
205.124.244.239,1,32
85.136.250.245,1,60
196.134.171.18,1,32
86.220.47.133,1,32
90.13.232.245,1,32
172.119.52.97,16,4579
54.233.98.35,1,32
138.221.254.166,2,80
92.252.110.122,1,32
67.131.45.78,1,32
168.119.55.100,1,32
107.14.28.131,1,32
159.153.177.46,1,40
42.83.32.71,1,40
179.215.120.170,1,32
185.182.100.198,49,1960
104.33.116.185,1,32
198.15.182.21,4,202
221.35.147.191,8,380
14.253.42.115,1,52
95.112.101.56,1,40
87.182.107.91,2,120
72.243.39.225,1,110
94.41.6.30,1,32
202.65.245.113,1,793
60.137.220.7,6,548
58.50.80.172,16,2192
155.153.42.189,1,512
108.73.145.12,7,624
38.186.226.140,4,514
37.223.188.69,1,32
80.193.208.111,2,96
60.59.70.142,1,56
185.188.15.15,1,32
47.252.179.131,5,200
79.117.123.31,1,44
223.93.153.98,1,32
14.167.57.144,1,32
67.82.7.14,1,32
185.72.27.49,21,840
185.58.248.51,1,44
62.68.103.228,2,80
183.97.55.29,1,40
95.56.215.235,1,32
189.49.97.163,1,32
1.67.41.77,1,32
113.242.169.212,1,32
113.28.94.207,1,60
23.27.180.71,1,32
211.227.73.159,1,32
138.4.81.97,5,200
185.171.104.69,1,32
37.149.18.83,2,100
103.204.202.74,1,60
114.59.1.240,1,32
45.56.94.238,2,80
87.135.232.94,1,32
54.208.206.224,2,2957
87.235.93.233,1,32
185.231.79.54,9,540
58.56.92.116,1,52
89.33.233.126,1,32
223.138.212.240,1,32
75.171.123.40,1,32
78.100.36.111,1,32
222.70.91.196,1,52
126.150.251.78,1,32
169.146.217.10,1,52
189.69.0.154,1,32
221.39.35.31,1,40
24.239.241.186,1,32
187.59.48.161,1,32
201.28.248.101,1,32
31.163.199.12,1,40
17.192.163.159,2,157
84.221.115.13,1,32
18.226.57.75,1,32
213.103.196.155,1,32
54.95.176.233,1,40
64.65.244.221,1,40
191.119.156.214,1,40
49.48.235.225,1,32
114.153.209.243,1,52
180.117.153.50,1,96
95.34.171.29,1,32
213.86.242.128,1,32
77.79.139.138,1,32
179.37.47.78,1,40
186.182.192.119,1,32
83.167.12.92,1,60
85.142.80.119,1,32
59.99.216.10,1,32
54.49.92.74,3,225
179.91.191.186,1,60
157.42.159.123,12,480
190.29.120.221,1,60
52.100.152.23,1,32
79.224.2.225,1,32
146.108.218.141,1,32
72.170.248.62,1,40
36.17.236.153,1,32
37.69.232.92,1,32
66.69.224.7,1,32
31.113.147.79,816,1150972
77.241.172.155,1,32
27.49.181.56,1,48
195.89.181.170,1,56
117.85.168.161,2,80
31.163.127.101,1,40
80.81.84.25,1,32
115.205.127.22,1,32
213.126.165.239,1,32
168.40.53.197,1,40
164.154.201.170,1,32
52.249.212.16,1,76
24.225.254.63,1,32
121.207.153.99,2,104
89.137.34.98,1,32
218.223.180.39,1,40
70.72.118.153,1,44
197.142.89.46,1,32
213.171.119.224,1,32
115.49.80.245,1,32
117.233.253.90,1,48
112.31.47.178,2,100
220.177.40.13,1,40
123.51.63.64,1,32
72.243.39.244,106,139658
158.81.221.50,1,32
200.71.57.60,1,32
186.200.75.54,1,32
83.147.165.101,1,32
58.204.173.180,1,48
91.214.209.82,1,32
98.231.173.192,1,32
200.181.145.196,1,32
82.55.76.213,1,52
54.63.146.34,1,32
90.42.11.78,1,32
202.190.15.194,5,524
222.186.53.35,11,440
193.163.99.245,1,32
89.199.67.26,5,317
59.43.3.102,1,48
74.235.106.92,1,44
38.186.226.159,2,205
188.73.223.177,1,32
46.80.106.170,2,100
12.60.130.246,1,32
71.230.250.244,1,40
117.79.94.62,8,6198
138.208.130.9,1,60
71.230.207.244,1,32
101.123.5.205,3,120
178.223.104.116,1,40
220.173.136.94,1,52
13.187.183.187,1,32
81.206.128.121,5,420
38.186.226.141,1,40
219.106.57.23,1,44
84.215.193.211,1,32
24.39.205.34,1,32
67.166.227.11,1,32
110.78.243.173,2,104
70.79.247.24,1,32
117.248.92.40,1,32
175.119.54.234,1,32
124.160.156.129,1,52
185.184.83.21,9,360
190.36.112.101,1,60
120.180.155.149,24,1056
31.163.141.75,1,40
111.245.173.235,1,144
220.51.1.197,1,32
68.36.109.162,1,32
121.70.95.160,1,76
154.115.61.32,1,32
188.205.137.166,1,32
112.136.17.228,1,32
185.72.27.6,12,480
114.45.91.66,9,1608
95.128.249.218,2,88
113.241.130.74,1,48
197.39.53.175,1,40
175.216.99.49,1,32
218.136.181.0,1,40
185.72.26.36,12,480
197.44.139.106,1,40
190.166.232.95,1,32
204.44.150.26,1,83
119.23.72.150,1,32
67.172.125.141,4,144
205.39.87.197,1,78
92.67.254.101,9,360
82.168.112.93,1,32
54.45.231.250,10,5230
198.53.37.41,8,387
183.178.192.77,1,52
173.163.3.183,1,32
78.142.86.219,1,32
49.95.148.204,1,32
67.243.57.98,1,32
125.144.156.234,1,32
82.33.106.190,4,176
139.173.184.33,2,80
1.33.186.243,1,32
122.60.94.124,1,44
52.236.22.67,1,32
42.19.223.63,1,76
126.158.164.213,3,144
113.124.252.211,1,32
139.68.93.88,1,32
172.249.28.73,37,8206
54.36.156.62,1,32
60.69.9.178,1,32
125.168.247.116,1,40
71.230.250.74,1,40
95.125.162.63,1,32
88.90.84.139,1,32
89.26.107.245,1,58
2.199.146.213,1,32
91.169.180.65,1,32
126.97.40.144,1,32
24.102.232.84,1,32
200.51.80.94,1,32
93.169.133.217,1,32
31.134.131.27,1,44
50.187.253.86,1,32
114.37.78.227,1,32
196.180.49.74,6,264
65.96.2.226,19,18826
221.40.216.88,1,40
120.164.165.195,1,48
159.137.136.71,1,40
212.22.96.47,1,40
96.22.151.14,2,218
181.188.218.29,1,52
182.12.170.194,1,32
105.47.183.90,1,32
65.94.162.65,1,32
153.28.7.187,1,40
121.184.68.149,1,32
186.106.37.160,1,32
84.217.74.112,5,420
175.101.11.57,1,48
179.231.79.162,1,40
58.205.253.69,1,32
183.188.61.226,4,794
140.247.225.39,1,132
190.4.52.13,1,32
112.161.168.195,1,32
216.202.215.219,1,114
60.157.40.52,1,32
206.190.30.175,3,120
217.5.200.163,1,40
36.177.173.192,1,76
176.59.188.190,2,80
122.252.134.96,1,32
93.15.109.109,1,32
94.17.150.137,1,32
118.30.163.197,2,96
116.178.196.185,1,32
36.218.72.4,1,32
67.12.132.34,1,32
206.98.139.51,1,32
218.216.20.58,2,80
110.238.87.109,1,32
201.193.53.47,1,32
83.233.46.33,1,32
17.193.181.213,12,8553
94.156.215.33,2,80
58.22.27.162,1,32
192.62.200.71,1,32
185.72.27.61,38,1520
186.254.43.43,2,88
191.104.190.50,1,32
107.156.165.236,1,32
199.42.237.255,1,32
54.199.70.235,1,32
208.98.225.46,3,264
125.33.33.55,1,44
185.72.27.142,44,1760
1.23.99.237,1,32
71.49.254.76,1,32
27.206.196.4,1,48
160.179.146.252,1,32
59.125.74.250,1,40
93.236.164.127,1,32
107.195.38.186,1,32
196.164.54.23,1,32
185.72.27.89,25,1000
78.26.27.202,1,32
81.80.107.63,1,32
80.67.41.34,1,32
142.161.236.75,9,360
82.157.104.227,1,32
109.48.210.155,1,32
65.64.235.141,1,32
98.254.226.110,1,32
201.111.105.165,1,44
91.101.93.180,1,32
177.95.233.215,1,32
14.215.68.130,1,143
162.194.80.124,27,25624
121.255.54.87,1,32
101.123.136.135,1,32
54.48.213.220,1,76
172.105.115.107,1,60
181.128.47.183,1,40
172.249.29.78,20,7199
45.126.10.171,6,240
113.53.239.97,1,48
66.222.50.29,1,32
13.204.236.47,1,76
183.237.155.31,1,60
52.91.251.173,3,671
189.182.189.114,1,32
117.32.31.156,1,32
89.246.45.132,2,80
197.37.178.83,1,40
111.252.230.121,1,60
185.12.25.229,8,480
35.31.129.157,5,416
116.131.230.125,1,48
60.58.186.180,1,40
1.142.196.137,1,60
173.194.166.130,1,32
116.139.198.228,1,52
117.87.88.6,1,60
45.197.3.188,1,40
31.166.209.98,1,32
37.17.172.207,1,40
73.7.56.172,1,32
183.125.67.40,1,32
217.233.57.2,1,32
51.61.206.229,1,60
108.202.55.19,1,32
114.224.84.63,1,32
171.162.254.60,1,32
99.180.119.159,1,32
166.254.76.211,1,32
156.59.39.185,1,40
125.40.83.242,1,32
23.82.34.234,1,52
104.155.224.94,1,32
138.186.34.252,1,32
50.9.234.164,1,32
68.212.225.116,1,32
120.144.32.233,1,76
157.134.34.188,1,76
104.137.68.130,1,60
47.120.247.160,4,336
179.115.204.160,1,32
71.230.250.81,1,40
221.20.137.105,1,132
185.72.26.45,9,360
196.180.49.7,3,132
81.109.202.10,45,1800
111.73.94.231,2,80
185.246.249.221,1,32
106.96.90.9,3,120
134.214.180.169,4,160
1.63.172.90,1,48
65.175.83.44,1,40
14.182.190.201,1,52
62.253.203.134,1,32
54.245.91.91,5,461
76.228.231.171,1,40
200.56.197.26,1,32
74.128.214.161,1,32
109.160.60.133,1,32
84.89.20.204,1,32
100.213.199.249,1,32
185.72.26.31,11,440
125.69.1.52,1,32
14.206.136.190,1,32
195.5.126.185,1,60
34.216.25.47,1,32
62.126.43.199,1,60
35.11.132.249,9,6903
88.91.229.172,1,32
79.100.25.178,1,40
181.228.87.55,1,32
133.232.252.248,3,261
103.69.43.3,2,100
193.143.183.125,2,80
151.188.143.142,1,44
170.238.228.166,1,32
126.120.129.236,8,2582
69.182.245.229,1,32
222.166.118.218,1,32
117.37.242.221,5,935
220.239.142.22,1,32
69.144.48.88,1,32
223.106.77.103,1,48
185.72.26.0,10,400
132.145.142.88,1,40
173.216.27.99,1,32
212.193.66.208,1,40
92.34.15.215,1,32
104.115.41.246,1,32
217.103.170.227,1,56
95.142.239.155,2,104
79.80.60.28,1,44
162.1.253.41,21,12096
188.50.76.102,1,48
91.6.86.202,1,56
62.133.212.77,1,32
94.110.41.117,1,40
119.201.64.228,1,32
94.143.189.34,1,56
77.80.115.226,1,32
79.52.75.71,1,32
189.99.215.202,1,32
217.10.233.139,1,32
222.241.96.3,1,32
220.203.125.118,1,60
74.193.23.96,2,120
77.42.206.56,1,40
71.75.162.87,1,32
71.230.250.180,1,40
206.188.175.102,15,6418
115.60.168.3,1,32
212.210.137.33,1,32
61.114.94.90,2,256
31.113.233.211,1,40
194.81.23.3,1,56
121.33.201.185,1,32
24.230.112.81,1,32
203.75.235.113,1,113
82.245.12.155,1,32
186.8.193.1,1,32
175.245.13.65,1,32
104.77.248.229,3,285
184.14.91.198,2,232
71.230.250.33,1,40
23.64.129.57,2,232
74.232.225.194,1,32
103.86.214.0,105,152625
68.18.246.145,1,32
62.109.25.125,1,40
122.142.38.223,4,120
189.175.127.185,1,60
196.180.49.70,6,264
186.153.7.198,1,32
190.16.221.121,1,32
178.236.222.77,1,32
186.55.233.180,1,40
47.121.94.132,4,336
98.21.14.58,1,32
130.194.150.156,1,60
155.15.105.92,1,32
213.34.169.227,5,420
185.126.164.187,10,1262
92.120.160.57,1,40
195.219.120.137,3,120
14.32.60.4,1,32
125.74.14.170,1,32
211.146.248.133,1,32
195.203.221.223,1,32
64.121.139.82,1,32
74.184.78.130,1,32
5.234.190.96,1,40
108.12.54.223,1,32
187.254.207.5,1,32
93.87.148.218,1,32
112.49.208.99,1,32
91.251.13.118,1,32
71.130.163.10,1,40
178.194.185.174,1,60
103.99.85.225,1,40
117.38.198.69,4,160
86.172.112.75,1,32
77.73.142.99,1,32
47.82.102.71,1,60
65.165.30.193,1,32
170.195.194.75,1,44
17.197.151.183,3,2964
181.202.232.73,1,32
149.53.150.36,1,32
91.188.22.89,1,32
68.148.71.4,1,32
91.9.150.252,6,7566
92.67.254.131,12,480
193.22.253.242,1,32
222.175.72.205,1,40
176.86.182.31,1,32
176.91.48.81,1,32
94.66.178.37,1,32
196.49.225.2,1,40
85.68.121.34,1,60
122.115.242.249,1,32
103.202.201.175,1,40
65.69.243.217,1,32
196.70.148.56,1,32
24.253.27.72,1,32
115.254.252.117,1,32
196.180.49.191,5,220
149.144.155.86,1,60
37.17.180.218,1,40
200.146.87.226,1,32
84.165.60.207,1,32
75.130.116.122,1,32
5.234.185.71,1,32
13.161.234.241,1,52
64.247.136.43,1,32
101.112.13.236,1,32
52.104.210.0,1,32
222.118.186.100,1,40
172.249.30.145,58,18850
89.12.90.151,1,32
101.23.125.188,1,32
41.165.167.224,8,2014
94.140.162.216,1,145
126.152.38.160,1,32
195.77.86.66,2,100
160.122.174.83,1,32
68.201.68.95,1,32
23.231.223.91,1,32
201.211.156.86,1,32
209.86.102.186,1,32
115.96.214.167,1,32
220.188.238.247,1,32
34.197.245.238,5,460
106.48.49.238,1,76
61.108.180.104,1,52
191.167.232.209,1,32
184.70.252.58,1,32
189.225.249.65,1,40
157.219.190.200,1,52
174.187.227.254,1,32
217.39.243.169,1,32
37.152.212.71,1,32
93.181.137.129,43,2450
180.108.13.226,1,76
89.171.116.66,1,32
179.160.22.46,1,32
123.195.124.176,1,40
121.201.141.185,1,32
104.75.147.36,383,407271
111.248.103.43,1,32
185.72.26.105,30,1200
45.54.178.134,1,32
218.128.12.164,4,376
46.42.85.31,4,160
82.214.130.225,1,32
54.169.201.183,1,32
111.65.102.67,1,56
151.27.242.240,1,52
2.109.156.49,1,32
46.11.164.69,1,32
88.157.168.61,1,32
117.209.196.3,1,60
79.232.233.159,1,56
23.86.23.189,21,7215
45.125.7.203,5,428
134.160.4.133,2,80
113.215.125.80,1,60
2.199.245.154,1,60
190.125.211.168,1,40
47.244.11.249,1507,2260756
140.250.194.231,1,52
79.81.8.221,1,32
61.100.182.143,1,32
61.131.18.26,6,240
91.140.186.92,1,32
196.163.148.146,1,60
46.173.54.237,1,56
195.14.23.171,5,420
45.5.92.221,1,32
95.23.179.24,1,40
13.161.234.255,1,52
24.127.120.68,1,32
183.161.114.33,1,52
178.162.1.111,1,40
172.249.162.145,2,1212
47.136.215.242,1,32
114.164.134.41,1,40
92.25.163.146,1,32
173.224.180.54,1,32
118.65.66.242,1,32
85.238.165.227,1,32
223.58.125.93,1,52
95.161.196.195,1,141
178.17.133.52,1,32
83.10.57.24,5,420
64.197.137.1,1,56
113.227.81.102,1,60
176.123.197.20,1,32
96.23.153.191,1,32
69.228.199.165,1,32
122.100.81.209,1,32
27.241.196.119,1,60
31.200.119.173,1,32
221.160.254.174,2,80
203.36.167.194,1,32
66.178.74.6,1,52
73.73.215.253,1,32
182.133.15.174,1,60
93.102.37.33,1,32
24.55.215.243,1,32
115.180.14.166,1,32
188.164.8.152,1,40
140.229.228.226,1,76
85.49.208.53,1,32
82.20.161.157,1,32
195.82.247.21,1,32
3.198.77.93,1,32
167.57.167.140,2,80
81.145.50.109,1,32
183.197.72.86,2,104
34.220.27.192,1,32
216.192.205.97,1,40
73.240.135.23,1,32
89.173.241.59,1,32
177.253.61.125,1,32
42.55.108.192,1,52
197.254.104.186,1,60
107.142.175.149,1,32
115.64.63.25,1,32
46.245.125.233,1,32
77.241.122.67,12,480
109.114.143.56,1,32
54.255.125.138,1,32
210.252.58.222,1,32
185.228.212.86,1,32
113.223.171.32,1,32
184.190.40.53,1,32
61.101.86.89,1,56
46.38.106.139,1,40
213.103.196.125,1,60
92.85.176.231,1,32
91.113.65.202,1,40
172.103.155.42,3,120
212.171.193.81,1,60
174.223.172.130,1,32
221.132.215.116,1,32
94.105.40.130,1,32
198.31.180.36,1,40
82.165.166.79,1,32
112.129.230.149,1,32
85.219.105.230,1,32
103.107.148.193,1,60
3.238.160.60,5,4055
36.20.79.60,1,40
181.202.232.136,1,60
155.153.156.145,1,40
62.140.90.56,1,32
172.100.248.148,1,32
219.124.40.108,1,32
190.41.214.88,1,32
175.171.85.34,3,120
80.160.121.216,1,32
142.197.187.229,1,32
42.202.147.249,1,40
190.200.82.28,1,32
71.161.127.10,1,32
190.192.112.106,1,32
219.103.7.198,1,48
208.95.168.26,1,32
188.93.104.72,1,32
205.13.2.141,1,32
147.104.107.203,4,160
89.27.117.168,1,32
146.24.69.162,4,1168
185.71.120.220,1,32
116.25.188.215,1,32
176.118.115.26,1,32
114.106.77.107,1,60
197.56.208.255,1,40
151.16.126.110,1,32
202.163.133.114,2,96
58.51.91.185,1,76
62.197.72.201,5,420
222.140.49.30,1,52
186.205.204.173,9,468
67.213.126.30,1,32
52.75.241.80,1,32
88.93.80.64,1,32
69.133.225.232,7,364
103.193.239.190,1,60
5.64.104.157,1,40
115.238.101.166,1,40
123.172.5.254,1,60
71.213.28.125,1,32
194.111.207.155,1,32
73.203.41.251,1,32
161.242.78.166,1,32
93.101.151.136,1,32
194.88.230.130,1,32
59.27.36.195,1,32
219.98.71.32,1,32
18.182.68.235,1,76
50.216.153.25,1,32
182.113.95.119,1,60
185.49.252.234,24,960
46.235.220.50,1,32
118.196.167.86,1,76
182.193.62.15,1,40
186.26.151.181,1,32
58.237.203.239,1,40
73.190.133.163,1,32
98.128.83.76,1,32
111.165.253.34,1,32
179.120.207.158,1,32
216.159.245.126,1,32
111.175.110.192,1,32
2.64.242.138,1,32
157.218.46.46,1,52
123.255.85.200,1,40
45.125.82.119,8,320
54.49.248.58,1,32
139.68.229.167,3,120
179.84.202.198,1,32
117.34.28.32,1,60
121.242.89.130,1,32
52.14.110.7,1,76
95.221.205.244,1,40
98.91.65.186,1,32
193.154.161.27,1,32
119.153.83.120,1,40
103.95.242.236,1,32
34.199.158.55,15,4530
54.160.129.40,1,32
197.150.245.174,1,32
159.153.199.57,1,32
5.64.104.140,3,120
134.160.176.105,3,120
64.9.75.126,1,32
188.178.6.119,1,32
138.221.57.151,1,32
2.34.104.54,1,32
122.55.45.253,1,44
195.60.148.242,1,32
183.249.154.223,1,60
186.237.169.159,1,32
114.192.136.15,1,52
134.124.106.18,1,32
34.245.180.254,1,32
85.184.218.171,1,40
185.48.172.155,14,560
122.193.32.201,1,56
104.166.132.126,1,32
27.126.143.163,1,32
70.121.40.26,1,32
185.72.26.39,9,360
104.225.126.174,1,40
185.21.94.24,1,40
126.113.224.100,1,32
108.73.145.147,2,104
79.8.86.241,1,32
77.232.91.235,1,32
27.247.230.228,1,52
98.152.8.124,1,32
174.233.201.220,1,32
165.116.243.161,4,160
158.160.193.170,1,32
221.133.115.118,3,384
61.58.254.14,1,32
165.158.45.33,1,32
95.172.61.13,1,32
194.185.12.89,1,32
58.207.104.134,1,40
36.223.133.24,1,32
114.39.168.175,1,32
98.255.156.176,1,32
222.172.70.7,1,32
83.195.152.136,1,32
86.239.251.124,1,32
2.253.87.154,1,32
166.166.241.77,1,32
183.188.30.141,1,52
181.51.252.88,1,32
179.82.178.31,1,32
5.250.144.54,1,52
109.210.248.46,2,120
125.230.158.139,1,48
118.114.193.148,2,180
107.153.224.60,1,32
115.192.220.190,1,52
17.147.94.136,6,465
78.176.139.160,1,32
84.109.201.53,1,32
45.127.101.0,1,76
46.15.153.141,1,32
61.70.1.21,2,256
97.41.9.138,1,32
116.170.255.145,1,32
103.232.244.33,1,60
185.135.112.103,1,40
195.54.145.138,1,84
134.214.83.31,1,40
70.249.55.24,1,32
216.68.133.149,56,17919
2.168.158.12,1,32
177.67.95.186,1,60
123.189.246.10,1,32
52.145.197.138,1,44
72.0.2.239,1,32
193.68.141.221,1,32
50.240.65.50,1,32
23.80.3.245,3,4753
126.24.214.131,1,32
212.163.68.145,2,80
88.30.23.59,1,32
80.116.229.107,1,32
159.52.33.95,4,160
178.59.154.189,1,32
99.62.58.249,1,32
131.148.127.122,1,44
103.24.87.45,1,32
124.53.135.98,1,89
182.99.23.150,1,40
209.102.56.197,1,60
128.214.142.176,4,176
172.103.186.49,1,40
200.89.101.189,1,44
217.216.251.238,1,32
104.71.247.254,2,80
93.209.93.148,1,56
113.70.21.42,1,48
203.3.45.201,1,40
114.163.120.195,1,60
190.188.131.199,1,32
185.142.39.40,1,60
76.155.191.165,1,32
161.197.7.92,2,292
86.38.101.148,1,48
75.73.242.252,1,32
24.10.28.179,1,32
185.92.155.93,1,60
116.133.44.82,1,52
81.131.52.243,1,32
90.26.251.26,1,32
182.189.183.49,1,40
98.33.201.25,1,32
185.134.52.211,10,1210
78.168.103.223,1,32
173.39.228.25,1,32
190.225.87.67,1,32
68.221.48.63,1,32
61.26.0.89,6,240
204.205.9.162,1,32
185.72.26.104,25,1000
185.252.233.96,1,32
12.111.181.13,1,32
73.255.163.32,1,32
182.243.228.236,2,150
195.155.65.19,4,160
187.84.68.168,1,60
165.229.177.82,1,32
45.113.36.177,1,60
87.126.252.245,1,32
178.245.140.137,12,480
115.197.126.114,1,32
101.113.139.57,1,76
77.217.69.21,1,52
113.62.4.220,1,52
112.162.95.50,1,44
122.104.28.201,1,40
72.17.188.181,1,32
70.145.17.81,1,32
5.64.104.154,1,40
54.230.41.12,1,32
86.220.31.168,1,40
125.33.163.202,1,44
112.216.177.62,1,32
190.106.26.55,1,32
122.229.169.114,1,40
87.231.168.125,1,32
72.184.250.38,1,32
121.223.180.74,1,32
114.204.203.51,1,32
65.224.3.114,1,60
13.161.237.2,2,104
198.15.145.129,5,220
210.240.15.0,1,32
94.44.97.71,1,32
105.149.239.223,1,32
101.121.228.114,1,40
184.23.8.188,1,32
77.241.76.252,1,60
71.230.251.249,4,880
60.113.62.24,1,44
103.46.32.63,1,44
122.9.136.57,1,32
103.50.219.9,1,40
39.24.72.138,1,32
216.68.132.238,11,3087
180.140.246.12,1,32
112.52.33.16,1,32
100.211.182.96,1,32
221.132.7.94,1,60
61.95.140.127,1,32
27.122.178.45,1,52
2.222.165.123,1,32
123.154.44.232,1,48
5.64.104.130,4,160
79.195.221.28,1,32
151.150.76.86,1,52
122.56.252.208,1,44
75.165.254.226,1,32
71.240.54.220,1,32
23.111.242.152,1,96
185.72.27.1,16,640
183.130.130.176,1,32
103.232.65.100,2,80
211.134.213.66,1,32
219.106.70.129,2,80
92.14.36.192,1,32
36.28.109.91,1,40
54.181.37.198,1,76
184.118.68.181,1,32
76.136.218.249,1,32
174.184.56.95,1,32
173.62.70.160,1,32
71.230.250.222,1,40
109.169.94.69,1,40
216.68.133.227,7,481
92.253.243.31,1,32
41.214.13.156,1,32
116.133.21.156,1,60
84.154.94.69,1,32
217.5.135.231,1,60
188.10.177.205,1,40
80.111.206.187,1,32
176.27.175.142,2,112
27.62.181.143,1,32
182.243.138.177,4,376
66.176.133.135,1,32
104.15.196.220,4,931
49.17.62.155,1,131
103.86.251.221,1,32
124.58.46.64,1,32
66.247.69.62,5,220
209.201.237.165,1,32
151.30.178.129,1,32
171.231.135.152,2,80
24.209.41.213,1,32
103.99.84.126,1,40
81.160.78.36,1,32
178.2.57.82,1,32
180.135.181.61,1,52
89.203.242.131,1,44
191.253.178.195,1,32
80.243.161.49,3,252
54.240.136.72,1,32
187.144.60.97,1,40
61.127.149.65,1,76
109.112.131.90,1,32
83.12.244.89,1,32
185.215.87.183,1,32
24.29.64.102,1,32
181.204.162.172,2,96
110.42.160.247,1,60
115.74.88.75,1,40
71.230.250.157,1,40
61.90.113.21,1,32
1.63.223.175,1,52
177.117.70.167,1,40
149.103.160.164,1,32
78.147.114.15,1,60
45.33.75.113,1,40
110.203.99.65,2,100
61.126.248.145,1,48
143.215.168.74,1,32
75.69.229.132,1,32
187.194.149.78,1,32
79.49.81.88,1,32
24.119.114.57,1,32
165.36.159.115,5,420
123.27.80.46,1,52
196.180.49.20,5,220
50.13.140.174,1,32
123.16.224.34,1,32
113.246.58.131,1,58
24.60.200.42,1,32
126.228.253.69,1,32
177.67.47.213,1,40
172.107.188.230,1,58
13.194.241.167,1,32
69.5.41.142,1,32
125.33.164.89,1,44
180.218.6.175,1,40
74.239.251.252,1,32
173.165.255.174,1,32
180.99.103.168,1,52
68.110.180.45,1,32
126.138.124.243,1,32
126.120.185.201,13,1085
197.204.40.155,2,120
54.133.25.157,1,40
182.176.240.114,1,32
94.253.7.174,1,32
109.207.208.121,1,60
195.5.125.162,1,60
41.25.154.239,1,40
73.197.65.77,1,32
104.212.15.79,1,107
172.249.30.49,30,22006
23.124.1.22,1,32
52.30.172.54,12,6140
182.134.182.69,1,32
60.147.205.89,1,32
112.210.75.174,1,52
213.80.210.231,1,32
87.145.15.168,1,32
180.151.225.93,10,440
183.193.125.169,1,32
86.188.231.245,1,32
83.184.255.160,1,32
84.94.115.143,1,32
58.190.168.104,1,32
106.97.143.204,1,40
196.180.49.10,5,220
23.64.129.47,2,191
124.157.41.74,1,32
80.250.30.213,1,60
54.167.106.83,1,76
173.229.128.178,1,32
71.230.250.12,1,40
203.136.255.237,1,44
212.214.175.5,1,48
191.214.88.94,1,40
109.202.170.250,1,40
221.33.207.237,1,132
65.120.124.182,1,32
109.25.246.145,1,60
190.106.192.209,1,40
141.149.144.233,4,360
50.142.82.74,1,32
72.37.81.33,1,32
35.91.141.219,1,32
189.254.50.91,1,32
91.144.198.177,1,32
46.70.72.65,1,32
82.42.240.244,1,32
45.207.179.218,1,32
192.176.17.233,1,56
182.189.66.226,1,32
12.160.65.133,1,32
103.68.218.135,1,52
191.253.198.45,1,40
61.30.55.210,1,48
95.214.240.65,1,44
85.110.131.101,12,480
124.228.204.99,1,52
27.213.75.80,1,129
79.255.190.194,1,32
203.133.136.162,2,704
201.176.120.219,1,32
125.169.246.233,1,132
61.116.15.180,1,48
5.38.90.16,1,32
73.254.142.178,1,32
39.46.165.246,1,283
14.230.15.45,2,88
191.247.62.197,1,32
183.240.231.177,1,48
173.214.42.57,1,32
89.255.71.93,1,32
62.61.139.242,1,32
79.86.15.131,1,32
217.214.78.46,1,40
87.94.76.169,1,32
71.230.250.251,1,40
54.206.7.127,1,44
177.223.134.123,1,40
23.204.18.253,1,32
196.143.204.139,1,40
185.12.25.165,7,280
71.230.250.144,1,40
93.115.190.166,1,56
188.86.59.248,1,32
80.237.215.237,1,32
194.65.213.1,1,40
45.32.88.96,2,104
189.5.134.219,1,32
83.86.146.201,1,32
122.178.242.29,1,32
87.235.242.255,1,32
13.52.246.12,1,32
104.39.189.237,1,32
70.166.17.125,1,32
188.62.4.60,1,32
70.91.108.121,1,32
217.97.40.69,1,32
24.21.125.8,1,32
211.87.34.197,1,32
121.159.4.6,1,32
41.32.34.245,1,40
138.221.35.73,6,240
119.8.63.82,1,32
222.84.105.217,1,32
52.249.109.179,1,76
72.113.87.79,1,40
24.26.130.166,1,131
223.158.68.138,1,32
194.166.26.243,1,32
95.153.248.195,1,32
61.50.39.49,1,76
2.61.62.207,1,32
175.244.171.59,1,32
50.4.178.169,1,32
60.192.234.222,1,52
60.228.70.66,1,32
182.9.199.46,1,32
81.94.130.167,1,32
68.37.212.182,1,32
187.185.108.124,1,32
31.113.147.67,13,1575
183.188.62.4,9,6226
206.189.79.222,1,32
83.91.157.132,1,32
46.93.139.135,1,32
177.153.69.87,1,32
103.46.178.190,1,60
123.6.252.22,1,32
95.247.169.229,1,32
220.229.41.74,1,32
109.125.69.80,1,32
201.194.204.64,1,40
106.61.12.169,1,60
217.169.90.50,1,32
40.137.223.229,1,32
95.47.94.195,1,32
221.15.49.26,13,520
83.158.9.33,3,120
172.103.155.75,3,120
139.173.141.211,2,80
79.136.169.9,1,32
24.185.15.134,1,32
176.219.99.81,1,32
158.218.181.231,1,32
112.251.210.168,1,60
126.41.121.38,12,1286
5.232.193.221,1,52
206.9.11.196,14,560
111.243.196.235,1,32
83.109.209.91,1,32
104.160.201.157,1,32
114.18.13.159,1,32
185.72.26.18,15,600
2.223.99.10,1,32
194.14.119.154,1,32
123.192.134.144,1,32
218.82.8.166,1,32
59.31.107.242,1,32
86.232.15.152,1,32
179.49.249.229,1,32
96.39.184.145,1,32
181.40.64.83,2,80
72.114.126.78,1,32
177.45.232.230,1,32
89.153.46.143,1,32
86.217.54.115,1,32
61.9.207.73,1,76
39.59.52.249,1,32
58.237.209.119,1,32
185.49.252.227,16,640
80.226.32.201,1,32
198.57.87.184,1,32
93.45.58.130,1,32
178.102.16.242,1,32
88.11.63.88,2,80
95.151.59.36,1,40
107.139.9.71,1,32
182.2.96.52,1,28
171.57.241.235,1,32
67.143.179.11,1,52
219.124.151.180,1,60
164.128.145.233,1,32
101.34.149.34,1,32
119.129.156.107,1,52
113.144.170.129,1,44
145.71.0.71,1,84
222.70.176.210,1,52
188.175.173.206,1,44
13.206.81.187,1,389
205.104.179.160,1,32
115.126.233.110,1,40
24.23.26.182,1,32
5.43.60.72,1,32
23.61.86.33,3,120
37.226.3.188,1,40
194.155.213.102,1,48
59.29.41.184,1,32
211.40.131.51,1,32
52.231.179.252,10,4202
104.75.146.41,2,166
168.78.50.167,1,48
178.162.8.63,1,40
77.65.158.29,1,32
178.178.166.117,1,32
37.98.31.88,1,32
90.31.6.217,1,32
178.1.82.147,1,40
196.244.186.2,1,32
121.186.95.103,1,40
54.248.113.100,1,84
129.127.156.34,1,32
34.222.18.38,1,32
74.193.190.124,9,814
68.159.177.20,1,32
96.40.126.41,1,32
37.186.174.136,3,120
24.189.128.11,1,32
64.215.17.58,1,32
222.185.15.32,1,40
87.17.243.185,1,32
78.99.196.222,1,32
62.72.153.253,1,32
38.158.65.45,1,32
203.136.248.6,1,44
222.247.136.138,1,48
77.139.105.164,1,32
80.209.195.233,1,60
182.188.157.168,1,40
134.214.247.119,3,120
23.24.104.245,1,32
67.222.129.156,1,32
178.195.127.108,4,160
104.89.11.204,1,32
102.131.251.203,1,56
108.73.145.32,1,92
186.138.91.41,1,32
5.23.99.59,1,32
12.14.79.242,1,32
89.208.213.115,1,60
198.47.224.51,1,32
74.110.62.62,1,32
71.230.250.182,2,80
1.88.35.143,1,32
109.193.65.73,1,32
104.23.109.138,1,32
126.210.206.115,1,32
188.233.196.252,1,32
5.87.106.23,1,40
50.11.48.57,1,32
171.206.6.158,2,180
139.173.72.83,5,200
173.51.54.112,1,32
24.143.24.90,1,32
45.55.116.166,1,32
179.70.13.237,1,32
211.21.54.22,1,60
183.173.124.151,2,100
50.251.142.150,1,32
71.203.251.244,1,32
198.58.73.202,1,40
67.188.232.227,1,32
119.78.201.74,1,32
187.203.128.175,1,32
108.171.178.67,1,32
182.154.126.161,1,40
23.218.211.91,1,159
12.59.97.166,2,80
84.66.231.188,1,32
201.223.127.76,1,44
60.193.186.170,1,32
109.174.46.248,1,32
83.196.18.118,1,40
41.162.206.35,1,40
95.225.193.252,1,32
23.10.109.73,1,32
205.58.77.218,1,230
81.224.147.54,1,40
223.14.70.163,1,40
23.243.83.197,6,8422
176.199.133.185,1,32
177.193.255.51,1,56
152.8.78.32,1,32
218.12.62.109,1,32
107.193.123.85,1,32
213.16.179.70,1,60
64.22.174.159,2,120
143.194.3.7,1,60
96.194.132.34,1,32
34.231.73.17,1,32
101.215.212.167,1,32
123.120.246.132,1,32
217.238.245.45,1,32
85.142.48.186,1,32
210.154.7.194,5,1350
80.10.235.121,1,40
199.19.26.215,1,32
123.254.40.243,1,44
185.96.173.98,3,802
170.195.9.238,1,60
14.164.232.91,1,52
200.46.155.7,1,32
50.139.223.125,1,32
110.240.31.212,1,32
38.122.74.222,1,60
190.86.233.8,1,32
13.206.101.146,1,76
104.26.224.24,1,32
125.205.162.164,1,52
139.173.147.5,1,40
139.228.125.25,1,32
27.2.66.38,9,360
157.42.35.77,2,80
36.24.221.246,1,32
59.52.126.219,1,40
108.146.184.194,1,40
196.180.49.41,5,220
58.59.12.28,1,60
71.230.250.178,1,40
196.204.226.97,1,32
90.93.23.54,1,56
119.136.132.51,1,32
91.26.12.154,1,32
45.72.139.125,1,52
191.113.57.183,1,32
37.17.222.250,1,40
62.237.51.50,719,1077336
143.253.186.34,1,32
75.121.173.46,1,32
125.226.137.180,1,145
23.80.3.40,2,3000
216.111.114.89,1,32
59.126.176.142,1,32
77.212.135.124,1,32
73.9.178.234,1,32
220.8.162.150,1,32
181.74.118.95,1,32
126.194.58.99,1,32
64.22.165.115,16,1244
191.110.70.52,1,32
125.239.156.100,1,132
90.93.23.181,1,56
52.15.32.94,1,76
93.124.207.50,2,64
67.60.86.86,1,32
143.194.177.145,1,32
45.125.123.150,2,80
188.253.3.117,1,40
92.73.99.192,1,32
3.135.138.244,4,223
123.108.102.204,1,40
212.139.20.125,2,80
88.11.63.72,2,80
68.147.247.185,1,32
105.188.52.225,1,32
66.172.18.70,1,32
52.111.117.78,1,32
104.80.2.223,1,32
123.107.207.177,1,60
192.126.156.70,1,44
77.195.240.25,1,32
97.8.215.21,1,32
193.162.202.203,1,32
95.39.245.102,1,32
54.95.106.178,7,364
106.100.12.226,1,32
196.180.49.23,8,352
125.240.228.91,1,48
94.248.134.188,1,32
103.108.158.231,14,2132
90.93.23.239,1,56
203.136.241.9,1,44
192.220.45.81,1,662
110.244.93.115,1,40
47.137.74.142,1,40
174.190.97.153,1,32
200.252.6.226,1,32
96.73.40.193,1,32
97.2.222.204,1,32
218.128.12.180,4,283
192.33.42.231,170,239682
71.236.126.26,1,32
221.29.112.14,1,32
71.230.134.127,2,88
69.255.57.193,1,32
200.31.236.196,4,300
210.63.63.195,1,40
186.178.128.160,1,32
78.127.72.35,1,44
185.35.13.183,1,52
183.203.79.250,1,48
123.148.201.214,1,32
35.68.170.74,32,5252
84.218.201.74,1,32
172.249.30.142,81,108414
124.169.68.111,1,32
104.128.84.28,2,339
207.30.184.70,1,32
102.185.87.36,1,32
213.188.211.235,1,40
89.231.247.47,1,32
141.33.233.190,1,40
90.93.21.93,1,56
197.145.49.198,1,32
208.112.126.13,1,241
69.107.6.45,1,32
90.93.20.41,1,56
124.1.255.190,1,32
212.93.81.228,1,32
180.79.132.57,1,32
95.249.125.198,1,44
172.249.30.62,91,111274
124.161.196.122,1,32
187.172.110.103,1,40
208.22.127.68,1,32
54.40.38.201,1,32
139.43.143.99,1,40
114.49.245.251,1,32
83.166.112.15,1,32
222.120.175.187,1,32
126.244.113.109,1,32
185.87.232.21,1,32
47.127.183.192,3,132
31.223.183.99,1,32
52.51.178.251,6,4507
81.172.215.72,1,60
165.162.209.234,1,32
162.50.97.13,1,32
123.190.110.229,2,100
24.158.79.24,1,32
192.79.138.72,1,32
191.104.229.33,1,32
88.11.63.92,6,240
70.74.244.74,1,32
168.254.116.13,1,32
153.181.216.29,1,60
36.17.9.46,1,48
172.103.189.171,2,80
115.44.52.179,1,32
78.8.134.239,1,32
115.62.250.171,1,32
180.163.67.179,1,48
216.120.85.227,1,32
90.125.98.57,2,100
220.62.253.18,1,32
222.114.178.13,1,32
123.21.64.51,1,52
81.97.57.223,1,32
187.112.54.105,1,32
163.115.67.72,1,40
189.223.33.238,1,40
103.80.89.38,1,60
75.126.142.165,1,32
61.104.139.179,1,32
41.173.252.203,1,40
205.6.75.94,1,56
23.60.189.210,1,32
60.57.224.182,1,40
76.237.88.246,1,32
94.109.206.65,2,88
73.87.35.179,1,32
60.74.160.132,1,48
54.194.31.92,1,32
129.240.90.62,1,40
221.236.97.120,1,32
197.194.212.66,1,40
90.41.205.135,1,40
194.137.182.25,1,32
85.22.0.210,1,44
178.161.165.120,1,32
23.65.206.250,1,32
178.103.29.87,3,120
174.169.9.176,1,32
180.97.92.3,1,28
121.103.60.121,1,32
78.222.237.90,1,60
137.150.175.198,1,52
221.118.15.215,2,96
81.169.126.79,1,32
121.215.29.201,2,272
70.185.119.143,1,32
187.52.114.59,1,32
62.90.243.149,1,32
41.157.138.192,1,32
54.233.38.46,12,6373
23.73.92.242,1,32
37.219.254.81,1,92
178.39.101.27,1,32
110.60.41.203,1,76
173.195.0.248,1,60
61.113.178.217,1,32
193.216.222.161,8,320
115.47.178.169,1,40
87.115.21.197,1,32
101.13.169.21,1,32
190.29.106.226,1,60
191.247.82.129,1,32
188.187.241.242,1,32
65.208.167.12,1,32
172.249.28.100,3,176
13.161.236.138,5,921
17.199.30.8,11,9995
95.241.157.61,1,40
211.242.73.250,1,32
71.220.17.174,1,32
162.12.51.215,2,80
198.41.15.194,1,741
179.193.91.132,1,32
71.175.254.25,1,32
134.214.97.183,1,52
182.2.66.123,1,32
177.187.149.36,1,32
143.183.215.53,1,32
168.49.160.13,2,130
108.64.118.107,1,40
213.20.214.102,1,32
18.226.32.54,1,32
24.94.132.156,1,32
81.232.112.194,1,40
196.180.49.32,7,203
102.101.162.198,1,32
182.139.126.149,1,32
188.65.183.178,1,32
156.33.130.35,1,40
52.88.197.100,1,32
106.110.154.78,1,52
112.245.85.101,1,60
61.28.124.74,1,32
138.128.134.254,1,32
176.102.195.149,1,40
162.12.5.31,5,200
113.124.81.99,1,40
82.29.168.64,1,32
88.30.248.191,1,32
73.236.75.232,1,32
104.212.15.67,7,972
193.56.255.22,1,44
54.198.7.44,3,317
68.31.114.228,1,32
98.52.200.239,1,32
174.156.128.188,1,32
177.73.238.154,1,32
49.241.121.183,1,32
178.35.245.63,1,32
220.181.167.105,1,32
104.212.14.78,1,63
194.179.5.23,1,60
194.250.4.192,1,40
186.211.28.158,1,32
183.110.62.65,1,32
46.161.244.222,1,32
54.207.246.152,1,387
118.250.115.22,1,32
182.116.113.120,1,60
97.21.183.206,1,32
83.172.222.85,1,32
91.67.104.234,1,32
96.4.208.56,1,32
213.237.162.168,1,52
195.41.230.227,1,32
142.161.201.125,3,120
49.199.76.25,1,76
202.151.18.112,1,40
185.199.180.185,1,32
183.240.30.185,1,60
179.217.61.249,1,32
78.222.237.223,1,32
177.218.25.76,1,32
54.215.144.3,17,11586
126.97.63.245,1,32
179.217.201.225,1,40
66.52.13.211,1,32
111.222.229.83,1,40
196.143.90.139,1,32
96.77.209.134,1,32
128.221.90.140,2,80
155.186.219.205,1,32
87.142.109.102,1,60
116.196.76.149,1,52
82.71.231.23,1,32
113.57.185.234,1,32
38.126.52.11,1,32
189.116.2.196,1,40
86.145.39.87,1,32
190.127.89.73,1,32
59.68.145.29,1,32
187.193.248.45,1,32
190.246.60.164,1,40
87.166.78.221,1,32
75.194.4.206,1,32
71.230.250.109,1,40
142.161.168.60,3,120
80.212.114.72,10,692
47.89.136.83,2,88
52.84.230.27,1,32
50.232.215.204,1,32
115.65.252.61,1,44
78.54.72.234,1,32
160.26.17.71,1,32
92.78.141.157,3,504
199.239.142.140,1,32
116.77.107.168,1,52
196.180.49.190,8,352
111.68.194.5,2,80
88.11.63.75,4,160
17.199.26.230,12,7277
222.65.1.132,1,32
110.75.43.49,1,32
101.52.189.19,1,58
84.170.150.35,1,32
61.220.231.136,1,32
193.123.218.75,1,60
119.126.186.172,1,32
84.149.199.41,1,32
152.91.130.2,1,32
188.202.252.190,1,60
36.29.199.78,1,32
218.227.233.82,1,40
39.19.217.113,1,58
5.37.65.185,1,32
191.109.5.53,1,32
197.240.177.219,1,32
192.35.170.125,13,6025
12.84.199.84,1,32
71.225.112.216,1,32
52.250.38.97,1,76
74.26.200.197,1,32
66.190.87.196,1,32
188.211.78.17,1,32
62.193.139.157,1,32
156.49.146.96,1,40
13.207.153.27,1,76
76.144.113.60,1,32
197.242.34.207,1,32
218.58.78.131,1,32
113.22.249.209,1,60
71.230.250.96,1,40
78.206.54.72,1,32
35.109.212.196,1,32
111.223.120.90,2,120
60.141.48.6,1,40
42.61.20.74,1,56
83.236.182.49,1,32
195.237.76.60,1,60
112.10.113.190,1,32
14.244.46.38,1,52
208.125.183.191,1,60
60.29.176.136,1,60
219.218.94.44,1,32
144.172.130.129,1,32
60.29.179.49,1,48
209.185.205.123,1,32
212.255.241.159,1,32
144.103.190.74,1,32
134.214.180.168,2,80
170.16.169.83,1,44
185.72.26.13,10,400
91.111.156.80,1,32
79.215.31.229,1,32
1.63.217.158,1,60
221.7.80.57,1,76
114.43.5.44,1,40
126.212.245.148,1,32
176.80.158.175,1,32
23.226.2.186,1,32
217.199.51.133,1,32
64.65.244.70,3,120
81.246.82.16,1,32
122.137.65.58,1,32
42.83.103.211,1,40
196.66.156.182,1,52
82.112.205.229,1,56
198.128.125.130,1,32
126.25.232.24,1,32
82.143.135.220,1,32
187.100.167.196,1,32
71.230.250.138,1,40
88.11.63.87,1,40
47.15.60.223,1,32
182.193.5.92,1,40
114.42.78.213,1,32
111.254.33.66,1,32
141.149.249.0,4,160
73.216.56.232,1,32
151.150.76.1,97,134486
184.157.201.163,1,32
36.18.231.111,1,48
119.14.166.185,1,32
60.194.116.136,1,121
80.109.147.120,1,32
175.172.148.225,1,52
92.65.47.190,1,32
172.103.184.236,1,40
196.79.76.163,1,32
165.54.124.204,1,52
90.123.187.172,1,32
5.45.137.93,1,32
114.4.190.103,1,32
118.177.135.201,1,32
101.226.49.95,1,32
107.206.74.17,1,60
72.242.169.212,1,32
66.84.231.149,1,52
91.129.88.12,1,56
31.163.167.249,1,40
219.209.178.197,1,32
77.119.29.108,1,44
186.78.94.234,1,60
218.101.177.53,2,80
54.34.153.159,1,32
75.117.2.241,1,32
184.42.207.69,2,80
210.236.46.46,1,60
208.87.237.156,1,383
58.185.0.71,1,32
91.30.240.213,1,32
222.93.178.151,1,32
76.234.62.16,1,32
98.88.59.195,1,32
105.150.205.86,1,32
94.80.14.155,1,32
87.22.0.100,1,32
158.74.24.222,1,32
218.99.215.41,3,120
196.180.49.65,8,352
122.148.39.102,1,32
67.5.114.128,1,32
74.100.71.186,1,32
93.164.237.12,1,40
177.65.220.123,1,44
189.124.164.68,1,32
86.136.71.66,1,32
5.190.176.110,2,100
201.62.245.125,1,32
1.42.44.205,1,56
74.208.33.136,1,32
37.17.27.51,1,40
60.241.116.212,1,32
41.56.12.128,1,32
172.249.30.10,20,2851
194.135.179.9,1,32
196.248.90.147,1,32
52.212.107.38,1,166
1.64.95.140,1,40
175.100.94.157,1,52
13.207.225.243,1,76
114.152.8.108,1,40
109.237.169.1,1,40
46.5.133.140,1,32
110.71.220.231,1,60
155.15.112.166,1,32
46.78.46.159,1,40
173.169.241.253,1,32
149.114.247.103,1,32
52.112.2.40,2,111
70.236.48.8,1,32
94.195.119.85,1,40
24.83.139.57,1,56
12.243.41.128,1,32
203.136.251.100,1,44
68.232.237.124,1,32
31.168.52.41,1,52
42.202.114.231,1,76
23.233.135.61,1,32
24.35.56.43,1,32
183.97.55.208,1,40
121.182.68.185,1,60
103.249.135.98,1,60
104.224.172.239,1,30
185.148.215.52,1,32
61.145.130.248,1,32
77.20.248.196,1,32
24.79.65.178,1,32
176.248.65.5,1,32
88.121.128.193,1,32
134.214.55.161,1,60
14.64.49.223,1,32
4.118.140.39,1,32
218.143.29.38,1,32
94.158.49.76,1,32
185.115.214.25,1,32
219.179.2.136,1,32
59.153.18.63,1,32
5.109.1.211,1,32
23.215.170.218,1,40
69.111.140.144,1,32
71.230.250.200,1,40
110.247.143.143,1,32
96.71.194.192,1,32
90.20.130.156,1,32
109.208.95.227,1,60
125.212.149.238,1,52
143.150.254.64,1,32
1.10.171.24,1,48
1.192.243.83,1,32
79.112.40.140,1,32
129.237.32.219,1,40
166.116.18.174,1,32
36.218.223.30,1,48
64.216.77.195,1,32
93.40.123.43,1,32
98.226.137.184,1,32
93.219.87.203,1,56
61.43.16.56,1,32
105.43.131.40,1,32
92.247.125.57,1,32
175.216.47.50,1,40
111.246.160.71,1,32
52.121.131.201,1,32
75.111.196.134,1,32
189.191.255.249,1,32
177.151.113.222,1,60
82.119.79.14,1,32
98.25.242.123,1,32
52.127.194.75,1,32
178.223.111.41,1,40
117.82.175.250,1,52
213.147.0.169,1,32
121.156.137.131,1,32
36.146.200.222,1,52
31.163.21.84,1,40
73.245.243.25,1,32
188.250.72.172,1,32
46.185.6.219,1,32
185.68.47.130,1,40
14.187.84.53,1,32
196.180.49.68,5,220
191.252.179.110,1,32
157.100.175.164,1,32
112.250.101.68,1,48
35.68.143.16,3,2951
149.148.160.186,1,40
213.186.197.113,1,40
217.28.142.156,1,32
73.80.207.71,1,32
220.124.139.214,1,32
200.7.26.2,1,40
99.47.215.106,1,32
42.186.125.149,1,32
27.42.203.15,1,28
196.180.49.21,8,352
122.118.125.182,2,96
190.56.248.211,1,32
70.224.174.127,1,32
185.88.80.117,3,327
82.174.168.28,1,32
194.74.74.75,1,32
137.141.86.235,1,32
14.55.4.171,1,32
179.162.218.229,1,32
136.88.206.226,1,32
73.221.63.91,1,32
186.186.7.204,1,32
173.221.163.51,1,72
112.194.91.13,1,32
60.16.139.170,1,28
5.235.254.83,1,40
54.48.34.32,1,76
108.35.244.135,1,32
64.22.164.130,4,268
217.35.73.151,1,32
195.5.122.158,2,120
115.21.173.225,1,32
23.64.129.206,1,134
125.206.221.66,1,32
221.19.154.96,1,32
42.105.67.39,1,76
121.219.70.189,1,32
94.113.222.4,1,32
39.14.210.81,1,76
46.118.214.109,1,32
213.42.240.150,1,32
41.168.9.167,1,40
201.64.186.239,2,92
183.214.159.42,1,60
72.182.247.54,1,32
104.221.55.114,1,32
94.54.103.49,1,32
80.141.143.206,1,32
125.35.4.30,1,44
111.85.138.35,1,32
46.239.141.223,1,60
72.152.129.68,1,32
151.150.185.184,1,52
191.239.151.228,1,32
5.64.104.137,3,120
40.128.173.19,1,32
18.213.243.118,1,499
172.102.204.49,1,40
177.199.27.130,1,40
212.70.27.207,1,32
58.83.101.214,1,60
191.210.82.168,1,32
222.128.255.186,1,60
161.197.64.109,1,56
1.198.211.164,1,40
203.15.121.28,1,60
73.117.15.112,1,32
173.124.35.78,1,32
187.6.81.228,1,56
93.123.129.91,1,32
151.216.169.209,1,32
174.117.205.0,1,32
71.221.75.166,1,32
126.226.90.179,6,484
139.173.142.36,1,40
5.196.68.197,1,32
84.105.141.213,1,32
120.133.80.213,1,60
192.226.144.81,1,790
216.68.133.199,4,403
46.173.14.40,1,32
79.212.226.197,1,32
185.1.72.184,1,32
174.152.177.107,1,32
139.122.156.131,1,40
88.143.142.90,1,32
52.126.129.255,7,586
189.130.201.209,1,32
72.110.232.71,1,32
172.249.162.141,4,1341
113.156.136.41,1,40
190.10.202.122,1,32
82.33.106.191,1,44
213.193.254.210,1,32
59.162.230.117,2,80
85.151.188.2,1,32
132.157.113.70,1,76
195.44.27.204,1,32
150.176.32.240,1,32
109.20.42.193,1,44
41.17.128.108,1,52
175.218.114.0,1,32
88.171.15.216,1,40
71.24.51.111,1,32
115.242.74.74,1,32
134.214.46.204,3,120
95.124.252.146,1,44
108.47.64.61,1,32
78.250.177.38,1,40
89.126.134.235,1,32
189.229.136.243,1,32
106.56.24.195,1,60
89.235.71.249,1,40
85.11.55.161,1,32
68.74.223.154,1,40
139.164.134.61,1,76
60.142.226.55,1,168
221.84.83.228,45,4176
142.161.90.34,1,60
64.53.7.231,1,32
128.221.55.165,1,52
201.209.141.194,1,32
207.51.156.188,1,32
190.211.156.239,1,32
112.252.62.228,1,48
78.0.130.23,1,32
73.209.162.202,1,32
108.210.111.167,1,32
97.6.125.69,1,56
217.174.133.185,1,32
122.229.177.98,1,32
117.227.195.103,1,40
177.58.138.26,1,32
113.145.185.80,1,32
71.230.250.112,2,80
52.18.112.75,1,32
52.249.157.113,1,76
176.206.168.241,1,44
39.4.207.76,1,32
52.255.97.195,1,76
115.183.0.58,1,32
96.3.160.29,1,32
47.91.102.77,1,40
105.151.47.215,1,32
186.54.110.57,1,40
142.161.195.55,3,120
82.132.113.89,1,32
46.57.136.86,2,96
178.222.39.194,1,40
121.96.78.118,1,32
75.146.45.150,1,32
85.12.112.217,1,40
123.132.84.129,1,32
112.227.96.240,1,32
35.80.10.254,1,32
196.150.155.17,1,52
41.47.86.188,1,40
190.219.53.29,1,32
59.6.198.80,1,32
110.251.162.12,1,32
211.178.48.250,1,32
210.205.201.64,1,40
185.158.56.151,1,40
188.11.169.47,1,40
82.250.2.19,1,32
41.165.23.166,1,40
173.253.25.86,1,48
62.14.200.74,1,32
103.220.12.107,1,56
82.227.169.196,1,40
50.177.253.146,1,32
184.7.238.107,1,32
221.159.178.160,1,32
94.242.242.93,1,32
41.167.177.253,1,40
23.78.55.226,1,32
88.23.113.13,1,32
64.65.244.246,1,40
151.231.22.87,2,88
190.64.211.85,1,60
208.82.145.126,1,32
75.168.136.25,1,32
35.124.201.255,1,32
186.191.120.45,1,32
118.239.160.10,1,76
187.246.13.37,1,32
177.200.222.75,1,44
173.126.237.233,1,32
115.91.119.223,1,48
218.128.12.186,6,616
177.162.164.253,1,84
27.250.23.245,1,60
31.110.13.51,1,32
38.114.162.105,1,32
52.254.196.199,8,4865
199.43.91.37,1,32
174.144.205.111,1,32
186.125.148.19,1,32
208.108.73.88,1,277
207.175.224.134,1,32
185.103.84.107,1,32
221.117.224.245,1,60
1.82.244.126,1,52
94.237.145.67,1,32
45.127.95.57,1,32
184.112.209.172,1,32
151.182.59.116,2,88
24.40.194.226,1,32
188.175.96.131,2,80
75.157.62.144,1,32
23.219.213.41,1,40
177.174.86.226,1,40
14.108.61.78,1,32
199.67.161.39,1,60
118.89.27.101,1,40
216.68.136.103,8,4227
72.92.175.210,1,56
149.55.103.249,1,40
156.63.116.7,1,40
70.67.128.80,1,32
186.202.8.39,1,32
191.114.204.160,1,32
116.197.145.43,1,40
98.59.82.70,1,32
14.75.249.100,1,60
91.125.169.104,1,32
195.37.139.251,1,56
68.47.93.239,1,32
82.56.122.214,1,40
76.131.82.121,1,32
196.180.49.29,4,160
177.158.117.59,1,32
85.229.72.23,1,32
77.106.127.182,1,32
183.97.55.54,1,40
86.129.189.69,1,32
109.212.134.99,1,32
113.246.184.33,3,384
89.8.231.113,1,32
213.243.40.159,1,32
93.7.3.178,1,32
77.74.202.179,1,40
74.99.56.109,1,32
122.182.189.199,1,32
207.175.224.155,1,60
183.241.124.214,1,60
78.182.105.197,1,32
112.199.233.6,1,52
212.0.253.194,1,32
178.223.233.190,1,40
54.136.42.234,1,52
2.255.98.46,1,32
109.249.52.192,1,44
121.169.34.251,1,32
191.73.113.216,1,32
126.237.86.67,4,1736
218.196.64.98,1,32
71.230.250.216,1,40
73.230.110.217,1,32
5.64.104.156,2,80
106.49.150.73,1,76
117.78.142.121,1,32
108.92.9.65,1,60
138.208.65.148,1,32
2.120.113.41,1,32
185.111.199.30,2,80
178.5.177.111,1,32
70.46.200.198,1,32
180.179.86.20,1,32
68.144.55.200,1,32
78.214.28.139,1,40
212.217.148.9,1,32
137.165.177.205,1,52
222.71.108.235,1,60
64.65.244.166,1,40
2.103.126.255,1,32
62.29.199.253,1,32
113.37.207.45,1,60
218.245.234.20,1,60
109.97.18.38,1,32
106.41.111.68,1,32
95.138.71.137,1,32
221.97.115.60,1,32
218.135.168.18,1,40
122.175.215.198,1,32
115.65.86.222,1,44
177.14.168.198,1,32
162.61.251.101,1,32
84.87.69.204,1,32
89.238.135.193,1,32
212.179.109.114,1,32
99.18.32.196,1,32
104.248.65.1,2,80
154.57.55.113,1,32
170.214.206.73,1,60
62.57.166.157,2,100
88.198.179.75,1,32
221.21.246.6,1,76
115.65.254.5,1,44
2.74.44.253,1,40
151.199.160.192,1,32
62.217.56.120,1,32
83.196.2.89,1,32
201.30.58.249,1,60
165.229.141.192,4,160
79.219.138.5,1,32
50.213.179.243,1,32
123.7.217.171,1,60
186.221.64.90,1,52
181.134.141.183,1,32
109.117.151.116,1,32
179.26.159.178,1,32
112.8.62.160,1,52
112.191.199.185,1,56
14.65.223.203,1,129
185.73.254.111,1,32
119.20.123.64,1,32
125.140.215.91,1,32
77.223.137.91,1,52
220.146.14.93,1,48
216.15.33.101,1,32
23.59.189.247,1,32
181.61.129.242,1,32
79.4.181.23,1,32
91.143.217.170,1,32
85.108.127.130,1,32
64.23.93.182,1,32
216.87.181.91,1,32
27.115.142.119,1,32
122.42.193.179,1,32
18.237.52.10,1,32
79.28.199.202,1,32
151.150.115.111,1,512
71.230.250.123,1,40
5.64.104.131,3,120
114.163.104.59,2,80
46.9.118.6,1,32
180.98.233.24,1,76
64.142.114.110,1,40
175.239.64.168,1,32
58.57.72.168,1,32
23.36.41.222,2,705
188.11.193.187,1,40
91.122.68.9,1,32
62.180.129.213,1,32
185.213.49.122,4,160
93.157.114.148,1,32
84.159.190.3,1,32
52.16.22.12,1,52
35.68.143.3,29,22553
187.98.39.96,1,32
120.103.192.73,1,56
88.223.189.230,1,32
195.224.11.14,1,32
124.130.191.62,1,32
196.208.250.213,1,32
208.74.182.159,1,32
2.107.113.119,1,32
117.225.249.110,1,32
189.117.62.243,1,32
82.109.141.202,1,32
179.215.165.132,1,40
189.122.216.34,1,32
2.193.104.125,1,32
80.163.255.179,1,32
198.52.195.188,1,113
218.204.173.145,1,32
114.37.42.214,1,48
178.81.238.119,1,40
77.42.206.39,1,40
196.180.49.19,6,264
221.12.224.252,1,32
173.123.161.158,1,32
187.91.142.99,1,32
108.207.5.86,1,32
188.105.158.48,5,220
178.223.106.91,1,40
171.168.7.85,1,32
50.23.216.131,1,32
212.164.137.244,1,32
47.127.234.228,3,295
72.3.158.194,1,32
125.166.255.75,1,40
41.223.75.93,1,32
111.183.149.148,1,40
216.70.184.189,1,32
2.59.13.231,1,32
162.22.69.131,1,32
49.80.28.201,1,32
188.152.246.121,1,44
52.110.235.172,1,32
173.221.210.120,922,1313190
173.65.142.157,1,32
119.207.59.191,1,32
74.170.97.54,1,32
81.109.202.169,2,80
85.96.191.42,1,32
121.89.221.37,1,32
172.113.212.24,1,32
38.142.221.134,1,32
74.107.77.9,1,32
218.159.53.194,1,48
122.189.18.112,1,60
124.163.191.212,1,60
221.17.86.160,1,40
212.21.103.215,1,32
143.196.245.7,1,60
190.36.212.220,1,32
105.111.203.89,1,60
65.67.9.13,1,32
184.121.51.229,1,32
81.187.228.136,1,28
186.39.254.33,1,32
123.232.33.123,1,60
196.169.176.177,1,40
52.254.13.168,1,76
110.47.25.19,1,32
118.169.174.50,1,32
123.129.81.48,1,32
188.72.243.169,1,40
213.174.121.161,1,52
42.58.156.135,1,32
96.59.95.70,1,32
13.220.147.51,1,32
188.157.128.155,1,32
187.107.193.27,1,32
201.40.203.170,1,32
80.158.92.104,1,32
1.90.175.234,2,104
192.240.42.168,11,1861
216.133.77.239,1,32
79.197.75.205,1,32
205.58.78.205,1,308
187.10.250.234,1,44
175.192.60.150,1,52
169.52.224.39,1,40
52.163.191.63,9,7995
123.194.127.96,1,48
113.161.50.33,1,32
109.120.4.182,1,32
79.25.120.159,1,32
191.158.221.32,1,32
132.216.59.143,2,120
72.95.142.108,1,32
71.19.61.10,1,32
66.221.73.56,1,32
161.151.200.251,1,32
190.155.107.210,1,32
125.32.255.196,1,44
179.83.101.58,1,40
179.156.19.95,1,40
167.58.143.69,1,56
126.226.143.144,1,32
211.186.34.203,1,32
1.94.162.5,1,52
168.18.80.138,1,32
69.34.59.250,1,48
202.93.139.128,1,52
80.216.13.211,1,32
171.196.206.102,1,32
95.170.148.203,1,32
84.204.145.7,1,32
213.158.130.142,1,32
189.64.134.35,1,32
78.90.151.78,1,40
139.173.181.0,1,40
177.173.252.75,1,44
177.61.76.135,1,32
98.97.231.163,1,32
201.8.131.70,1,32
187.243.116.147,1,32
196.79.126.32,1,32
5.134.188.83,1,44
178.83.67.50,1,32
134.214.229.157,3,120
41.143.163.90,1,32
117.96.14.5,1,132
221.40.84.177,1,60
218.7.94.205,1,56
85.84.86.116,1,32
113.8.112.34,1,60
175.247.78.239,1,32
88.89.119.207,1,32
185.127.65.22,1,40
180.96.169.227,2,104
211.111.60.148,1,32
190.29.122.95,1,60
124.159.61.161,1,40
40.143.57.228,1,32
117.44.179.182,1,32
196.4.201.145,1,32
76.65.127.178,1,32
69.136.255.83,1,32
85.88.4.98,1,32
52.249.3.142,1,76
135.235.81.72,1,32
103.248.177.146,1,32
187.205.2.37,1,32
78.223.40.173,1,32
123.189.98.16,1,40
193.47.94.100,1,32
27.180.97.218,1,32
222.70.61.195,1,48
172.103.179.227,1,40
93.158.199.94,2,115
71.230.250.212,1,40
185.206.253.51,1,32
123.4.118.147,1,40
206.190.202.178,5,200
14.205.6.29,1,40
107.174.251.166,1,60
5.87.223.23,1,60
213.227.9.109,2,80
191.167.120.52,1,32
88.11.63.94,4,160
81.102.141.137,1,32
79.158.110.31,1,32
221.36.109.190,1,84
92.5.193.45,1,32
179.163.243.104,1,32
96.34.63.3,1,32
92.75.31.134,1,32
24.22.63.73,1,32
71.230.250.70,1,40
213.164.104.150,1,32
97.6.125.26,1,56
178.95.158.247,1,32
223.122.147.109,5,200
183.161.60.32,1,60
39.13.161.93,1,32
126.193.209.147,1,32
190.152.63.219,1,32
79.194.108.137,1,32
36.216.208.161,1,48
161.96.76.225,1,40
176.39.178.97,3,120
104.103.205.125,1,32
61.60.69.211,1,32
71.230.250.233,1,40
122.152.145.179,1,40
175.177.17.51,1,32
194.206.167.33,1,40
221.12.89.38,1,48
113.213.80.190,1,48
94.0.193.123,1,32
113.228.1.236,1,44
24.6.88.221,1,32
63.199.214.54,3,1167
62.199.78.73,1,32
67.203.39.77,1,56
151.150.76.83,3,225
93.159.108.210,1,32
64.208.214.50,1,60
77.157.66.232,1,32
5.99.27.190,1,44
203.25.14.205,1,40
5.141.127.83,1,40
87.20.219.183,1,32
114.171.44.13,1,40
46.41.141.140,1,32
91.31.96.230,1,52
54.193.46.17,1,32
82.205.92.217,1,32
37.243.92.44,1,32
177.203.18.169,1,52
77.7.234.48,5,4638
165.229.131.38,4,160
13.161.237.201,9,5574
75.105.60.78,1,32
12.154.96.217,1,32
93.145.254.184,1,32
144.103.9.21,1,48
110.76.32.88,1,32
37.21.31.123,1,32
206.193.227.61,1,32
71.30.95.77,1,32
63.138.68.41,1,32
125.244.3.117,1,132
89.228.97.175,1,44
202.129.62.160,12,1888
119.182.48.126,1,48
221.244.96.3,1,32
222.249.233.202,1,32
169.226.118.197,1,32
79.168.141.32,1,40
71.230.250.124,1,40
89.176.231.106,1,32
93.249.226.193,1,32
111.166.61.177,1,32
110.83.9.59,1,52
141.33.110.221,1,32
82.123.125.122,1,32
189.255.140.15,1,32
52.15.1.139,1,32
177.176.228.146,1,32
186.249.79.217,1,40
121.186.126.105,1,32
187.195.83.12,1,60
116.54.42.79,1,40
87.28.114.87,1,32
116.166.31.224,1,32
58.194.240.211,1,60
162.12.12.19,2,80
109.222.216.206,1,40
50.130.240.209,1,60
182.54.9.102,1,32
172.82.167.237,1,32
111.126.219.98,1,48
68.165.152.45,1,32
60.73.228.118,1,32
196.180.49.25,6,264
156.101.164.130,1,1016
190.159.212.186,1,32
61.252.209.135,1,32
34.210.144.144,1,32
106.109.130.186,1,32
178.136.129.108,1,32
119.130.93.159,2,80
172.249.30.182,8,2172
73.167.151.197,1,32
60.20.190.7,1,32
201.141.131.38,1,56
190.184.252.235,1,40
1.63.50.44,1,60
2.73.110.101,1,32
177.117.148.160,1,40
220.156.25.112,1,40
58.33.201.74,1,32
217.124.199.151,1,32
83.140.84.124,1,32
180.160.209.6,1,32
174.178.95.225,1,32
45.126.28.94,1,40
39.1.120.117,1,32
183.199.81.65,2,80
112.58.99.174,1,56
85.29.12.145,1,44
200.167.18.217,1,32
217.209.194.251,1,32
71.55.247.170,1,32
195.180.214.182,1,168
85.13.192.77,1,32
100.236.98.105,1,32
60.255.113.115,1,32
72.120.205.156,1,32
52.30.156.57,4,172
78.104.246.53,1,32
41.253.119.126,4,168
71.230.250.160,1,40
5.237.94.64,1,40
104.111.223.255,1,32
58.196.226.190,2,80
100.229.167.176,1,32
88.184.237.216,1,32
213.78.53.222,1,32
1.249.18.110,1,32
104.48.81.243,1,32
222.68.145.78,2,256
186.64.173.197,1,40
203.149.123.23,1,40
113.208.24.62,1,32
91.196.195.16,1,32
212.214.112.138,1,48
60.215.173.252,1,32
110.200.26.12,1,44
200.231.61.1,1,32
103.123.115.251,1,32
113.158.58.0,1,40
80.103.2.127,1,32
58.104.5.177,1,40
80.122.198.91,1,32
62.174.135.5,3,120
111.162.188.183,1,32
206.80.88.145,1,32
184.68.254.33,1,32
221.199.93.125,1,56
106.192.230.168,1,32
98.1.145.69,1,32
82.235.125.153,1,32
174.121.150.71,1,32
14.231.96.180,1,32
198.200.30.127,1,32
61.104.49.75,1,60
113.40.222.91,1,52
188.187.110.252,1,84
89.7.68.65,1,32
177.65.37.96,1,32
187.163.216.113,1,44
194.172.204.99,1,32
85.120.25.29,2,80
84.47.202.123,1,32
89.169.54.96,1,32
146.75.88.20,1,32
125.211.103.17,1,32
154.142.158.193,2,80
108.73.130.77,3,959
155.127.178.85,1,499
74.193.223.255,804,1086087
36.20.19.74,1,40
61.109.123.108,2,546
35.15.72.151,4,390
209.21.123.43,1,32
105.157.17.63,1,32
69.101.170.241,1,40
81.124.211.30,1,32
179.238.181.100,1,32
37.245.134.165,1,40
49.109.209.54,1,60
27.243.233.224,1,58
105.34.37.195,1,32
219.107.172.93,1,76
152.250.125.111,1,32
159.31.168.160,1,32
106.204.145.198,1,32
213.38.194.177,1,32
101.63.37.41,1,52
18.178.35.250,1,76
211.59.238.197,1,32
110.88.194.247,1,32
203.178.2.197,1,1014
77.34.34.170,1,32
88.192.46.199,1,32
49.89.238.18,1,32
124.77.222.172,1,32
182.243.241.61,6,2532
60.67.247.20,1,32
221.1.18.101,1,32
1.221.36.70,1,32
23.61.240.226,3,120
189.62.194.204,1,32
124.162.57.172,1,32
221.17.43.2,1,40
37.148.143.21,1,32
23.235.140.23,1,32
88.11.63.68,3,120
71.230.250.43,2,80
68.188.183.139,1,60
164.48.28.80,4,176
27.251.40.236,1,48
112.222.198.67,1,32
123.183.133.152,1,76
172.66.61.62,1,40
166.126.173.28,1,32
87.182.184.71,1,32
96.78.110.235,2,80
91.9.108.218,1,32
196.180.49.31,8,352
212.156.65.58,1,32
104.90.2.11,1,32
89.248.132.52,1,60
149.203.151.196,1,32
123.135.226.230,1,60
186.156.233.6,1,40
186.127.201.231,1,32
24.212.133.8,1,32
64.65.244.198,2,80
87.113.118.229,1,32
216.249.28.27,1,32
176.7.45.201,1,32
54.245.143.38,1,32
77.131.111.1,1,40
81.244.236.208,1,32
212.207.44.189,2,80
119.84.206.31,1,32
64.34.151.76,1,32
159.52.166.94,6,240
89.7.136.234,1,44
163.53.134.201,1,32
141.149.145.125,1,60
49.87.96.170,1,32
104.136.206.13,1,32
189.250.87.45,1,32
60.151.64.146,1,48
102.87.44.73,1,32
36.162.34.93,1,32
24.130.80.36,1,32
109.175.128.126,1,32
17.192.163.189,1,105
205.58.75.255,2,420
175.45.183.103,1,32
45.46.250.69,1,32
67.172.120.26,1,32
154.248.6.41,1,96
191.215.150.106,1,32
173.221.209.53,1744,2392530
202.112.43.45,1,40
223.49.103.196,1,32
212.24.167.1,1,40
213.193.51.9,1,52
116.131.124.228,1,132
95.55.153.97,1,32
85.244.51.96,1,32
92.33.135.5,1,32
211.19.13.225,1,32
112.50.173.214,1,32
118.88.72.237,1,32
164.48.28.92,1,44
52.89.84.244,1,32
18.212.182.97,1,32
220.229.55.32,1,32
93.161.18.180,1,32
190.29.16.26,1,60
192.172.250.143,1,32
219.219.224.227,1,32
98.101.93.135,1,32
93.255.167.79,1,32
96.113.152.98,1,32
218.130.230.73,3,120
92.11.194.21,1,32
222.82.79.16,2,80
64.65.244.174,1,40
40.59.62.191,1,166
37.145.234.238,1,32
109.161.29.118,1,52
112.191.21.161,1,60
182.181.122.3,1,32
198.38.81.71,1,32
152.89.95.164,2,80
103.34.9.15,1,52
117.43.23.185,1,32
80.248.62.147,1,32
5.64.104.148,1,40
90.35.249.123,1,32
119.66.60.139,1,40
38.152.59.213,1,60
46.252.46.80,1,40
5.232.27.69,1,32
178.19.249.121,1,32
42.230.189.131,1,32
82.80.131.107,1,32
175.100.187.96,1,32
39.68.249.134,1,52
119.191.125.203,1,32
81.142.37.147,1,32
24.187.253.26,1,32
178.176.130.178,1,32
108.147.146.143,1,32
131.46.94.188,1,32
113.42.244.189,1,52
218.111.250.70,1,88
45.32.10.185,1,76
5.236.28.180,1,32
221.11.31.18,1,32
71.200.9.176,1,32
42.60.25.24,1,32
119.155.96.182,1,32
61.60.119.2,1,28
72.236.217.208,1,32
184.98.123.141,1,32
149.55.103.7,1,40
222.172.129.84,1,52
184.8.189.70,1,32
203.22.85.27,1,32
41.243.246.21,3,180
80.3.191.215,5,385
80.167.85.100,1,32
213.214.17.237,1,32
5.64.104.153,2,80
212.105.220.7,1,32
89.199.220.19,1,32
12.51.120.5,1,60
83.169.56.243,1,32
192.240.168.103,1,40
40.134.121.54,1,40
213.219.72.234,1,48
83.138.112.201,1,32
58.31.55.126,1,32
82.35.58.122,1,32
54.46.129.148,1,32
175.216.80.158,1,40
220.189.79.237,1,32
106.236.139.184,1,32
27.52.34.13,1,32
95.88.200.161,1,32
125.193.0.4,1,32
201.230.161.219,1,32
117.42.33.250,1,32
72.160.222.46,1,32
46.129.249.148,1,52
176.110.196.179,1,60
104.178.32.45,1,32
185.72.26.20,6,240
118.160.39.56,1,32
120.132.123.29,10,1376
182.47.160.171,1,32
27.190.180.67,1,40
164.44.0.22,1,32
31.113.147.114,7,922
116.172.109.67,1,32
5.88.141.133,1,44
37.245.174.117,1,40
197.44.95.199,1,44
122.177.220.87,1,131
73.46.66.121,1,32
104.15.195.68,8,2261
140.240.140.241,1,32
172.249.25.131,18,2940
202.94.2.30,1,48
60.144.99.217,1,32
213.48.78.34,1,32
113.41.106.102,1,52
197.249.200.107,1,52
52.90.25.95,1,32
66.46.247.31,2,80
182.135.225.9,1,52
27.43.95.227,1,40
201.182.232.55,1,32
123.117.111.147,1,52
116.163.153.137,1,32
199.136.2.187,1,56
173.44.120.38,1,32
82.115.3.188,1,32
182.98.142.13,1,52
201.239.79.162,1,32
188.163.97.181,1,52
89.3.55.141,1,32
81.184.255.207,1,131
176.25.10.212,2,80
78.254.230.79,1,60
165.226.255.135,1,32
13.161.234.163,14,6680
191.79.7.205,1,32
198.168.73.253,1,32
103.45.57.106,1,40
114.175.164.34,1,32
77.42.201.15,1,32
124.162.121.121,1,76
68.125.147.70,1,32
79.100.20.7,1,40
78.161.71.41,1,60
180.93.230.33,1,32
103.75.96.212,1,32
207.208.96.17,1,32
103.153.103.238,1,32
46.135.200.44,1,32
195.5.124.182,1,60
218.149.227.15,1,32
203.92.66.152,1,52
14.34.36.99,1,32
191.172.196.47,1,32
90.25.241.5,1,32
67.15.8.29,1,32
65.147.196.165,1,1012
54.33.236.179,1,76
152.35.73.9,1,32
27.127.62.155,1,40
73.5.52.200,1,32
49.144.124.17,1,76
24.208.137.66,1,32
81.178.176.200,1,32
218.134.244.68,1,32
216.68.133.187,1,52
91.220.43.76,1,32
217.56.63.123,1,32
111.175.7.84,1,40
109.238.51.195,1,44
5.134.0.31,1,32
51.175.217.157,1,52
71.243.139.169,1,60
42.181.18.186,1,32
121.182.96.87,1,40
46.42.110.143,5,200
54.49.194.89,2,104
176.110.196.109,1,32
119.165.1.145,1,32
119.194.8.33,1,60
93.118.186.158,1,32
92.194.203.12,1,32
45.6.210.199,1,32
116.204.194.214,1,60
182.166.69.165,1,40
72.149.135.27,1,32
170.197.78.195,1,32
80.126.195.31,1,32
173.249.16.203,1,125
60.59.14.235,1,40
37.17.211.39,1,40
82.203.222.63,1,32
14.124.39.189,1,32
183.97.32.234,1,40
54.248.63.244,1,76
54.92.24.251,1,32
45.20.255.198,1,32
220.42.231.186,1,32
220.147.173.87,1,32
190.96.225.18,1,44
176.120.193.176,1,32
61.97.220.246,2,256
148.144.122.164,1,32
185.29.176.65,1,32
167.58.179.62,1,32
188.194.204.21,1,32
68.156.38.84,1,32
191.110.81.100,1,40
74.193.23.173,2,905
88.154.209.48,1,32
139.173.135.232,2,80
222.166.153.1,3,120
103.29.181.121,2,80
111.219.254.22,1,76
80.52.10.172,1,32
115.155.248.177,1,40
84.121.212.149,1,32
196.192.137.58,1,32
189.3.9.37,1,32
206.179.80.103,1,40
4.99.238.35,1,32
209.133.27.225,1,56
172.249.162.201,2,80
202.233.58.145,3,168
195.219.46.166,1,32
156.60.237.225,1,40
132.216.70.128,2,80
109.202.132.75,1,40
123.11.15.188,1,52
155.15.213.29,1,40
39.49.95.250,1,32
98.138.96.173,1,32
216.68.133.181,11,5207
107.4.176.251,1,32
71.230.250.241,2,80
185.62.237.230,4,224
1.47.164.205,1,32
179.84.149.61,1,32
118.134.19.54,1,40
1.66.243.159,1,76
175.175.126.226,1,76
202.173.71.78,1,60
197.39.222.149,1,40
212.31.141.129,1,32
91.168.161.146,1,32
145.146.5.83,1,40
65.129.225.234,1,32
69.7.132.37,1,32
80.14.40.28,1,32
86.253.10.2,1,32
46.231.48.97,1,32
47.229.138.99,1,52
65.166.145.225,1,32
81.50.243.13,1,32
183.152.57.118,1,32
45.79.124.244,2,88
131.34.46.178,1,40
104.150.176.217,1,32
37.36.118.100,1,32
177.241.73.123,1,32
54.246.15.135,1,32
110.52.146.195,1,32
113.215.230.40,1,32
60.242.113.46,1,32
62.24.39.135,1,32
219.7.47.69,1,32
111.127.96.7,1,32
5.56.180.48,1,32
200.157.154.172,1,40
89.214.30.241,2,80
186.158.27.56,1,40
119.75.185.127,1,32
191.168.22.26,1,32
110.56.231.189,1,32
130.249.55.126,1,32
41.98.54.20,1,60
119.53.59.57,3,716
117.112.26.214,1,60
63.139.157.58,1,32
49.245.120.150,1,32
112.12.106.253,1,32
34.218.242.214,1,32
74.193.12.24,1,1448
115.33.98.30,1,32
218.200.218.218,1,32
41.53.241.242,2,88
207.196.50.56,1,32
60.67.126.3,1,76
109.66.47.224,1,40
200.86.127.37,1,32
81.243.235.134,1,32
90.113.148.54,1,40
184.19.245.100,1,32
101.209.145.157,1,32
95.200.159.55,1,32
193.208.25.194,1,60
113.161.190.197,1,52
218.228.69.172,1,60
93.170.168.141,1,32
173.105.78.130,1,32
176.195.248.130,1,32
118.53.109.121,1,40
177.137.95.226,1,32
79.252.197.233,1,32
122.119.115.161,1,40
112.192.23.196,2,100
190.219.181.28,1,32
171.213.236.160,1,48
23.38.158.29,1,32
17.203.227.85,6,780
156.28.12.162,3,120
216.211.36.138,3,311
95.185.208.155,1,32
186.177.37.163,1,32
176.233.79.167,1,60
107.13.82.58,1,32
69.144.231.253,1,32
186.35.107.36,1,32
70.127.113.206,1,32
178.243.54.188,1,32
17.127.103.164,1,32
193.255.211.254,1,32
159.239.184.168,1,32
93.59.47.127,1,32
123.195.102.217,1,40
92.194.234.114,1,40
85.1.33.66,1,32
24.0.137.196,1,32
118.167.167.222,1,32
103.34.34.155,2,100
220.3.204.124,1,32
114.193.164.204,1,32
34.212.175.157,1,32
86.193.222.144,1,32
190.241.89.56,1,32
183.96.254.80,1,52
197.54.226.36,1,40
188.21.137.29,1,32
82.65.30.82,1,32
71.230.250.152,1,40
77.227.215.236,1,32
112.235.31.252,1,32
84.182.28.167,1,32
185.187.246.0,1,32
188.215.85.102,1,32
210.14.32.34,1,32
156.55.84.74,1,40
203.136.241.35,1,44
41.9.18.89,1,32
71.81.191.171,1,32
108.190.164.120,1,32
68.74.170.64,4,160
91.248.133.52,1,32
75.85.168.63,1,32
52.6.12.9,1,32
216.254.31.165,1,32
82.11.41.166,1,32
87.72.246.23,1,32
82.41.240.36,1,32
80.10.198.157,1,32
12.98.231.169,1,32
197.52.143.52,1,40
200.251.118.55,1,32
184.6.87.244,1,32
49.220.72.249,1,52
27.44.85.111,1,52
187.2.158.58,1,32
171.225.163.124,1,60
188.60.251.3,1,32
181.49.246.157,1,32
37.64.51.147,1,32
78.242.253.230,1,32
5.232.156.113,1,32
180.158.72.208,2,80
75.92.17.164,1,32
1.90.89.239,2,88
76.90.175.33,1,32
79.199.8.54,1,32
209.13.37.3,1,32
208.112.210.220,1,32
220.249.202.228,1,347
124.220.126.208,1,32
113.217.238.101,1,32
91.24.14.163,1,32
118.204.199.41,1,32
106.50.21.193,1,76
188.11.132.191,1,40
85.181.130.237,1,32
74.37.17.177,1,32
34.22.135.181,4,286
179.206.179.107,1,32
108.62.231.167,1,32
83.77.15.171,1,32
46.247.196.138,1,32
64.113.96.194,1,32
152.57.255.191,1,32
51.60.122.107,2,268
101.41.131.181,2,248
46.206.17.133,1,32
78.14.244.9,1,32
77.45.32.39,1,60
222.251.117.209,1,40
71.230.250.53,1,40
142.5.102.127,1,32
112.231.18.141,1,32
188.15.93.34,1,32
147.100.18.186,1,32
67.128.64.84,1,32
83.15.117.155,1,32
5.188.104.138,2,204
188.139.123.30,3,120
58.42.155.138,1,32
68.74.212.165,3,120
52.102.99.155,1,32
94.236.202.194,3,252
179.69.62.107,1,32
80.137.252.83,1,40
111.85.54.130,1,44
72.23.238.195,1,32
80.169.167.174,1,40
183.70.23.120,1,132
51.225.34.44,2,80
218.146.170.133,1,32
31.163.175.254,1,40
118.48.217.45,1,32
14.84.56.206,1,52
60.17.70.109,1,87
213.115.68.117,1,40
218.250.96.133,1,32
113.223.85.16,1,52
52.255.202.134,1,32
47.244.11.252,89,129902
98.250.93.185,1,32
94.60.208.151,1,32
50.14.143.13,1,32
122.44.81.42,1,32
94.254.242.244,1,32
62.229.216.115,1,96
89.222.253.40,1,32
113.189.21.196,1,52
46.104.57.222,1,32
213.90.185.173,1,32
61.79.25.61,1,52
202.94.130.179,1,32
103.31.149.171,1,48
41.77.104.87,1,32
108.73.130.148,25,1688
222.161.70.190,1,32
66.145.191.244,1,32
180.120.250.137,1,32
78.39.54.187,1,32
117.27.230.216,2,88
114.44.224.121,1,32
24.248.17.10,1,32
85.243.94.83,1,32
98.11.224.53,1,32
24.240.31.103,1,32
124.85.158.229,1,32
67.63.3.26,1,32
47.222.174.66,1,32
70.160.129.103,1,32
87.207.207.178,1,32
73.53.124.2,1,32
82.127.122.13,1,32
23.64.129.24,3,294
47.189.224.192,1,32
217.60.46.209,1,32
37.140.243.135,1,32
187.105.44.118,1,40
222.87.109.175,1,32
66.42.156.180,1,32
125.225.23.21,1,48
196.242.183.154,1,32
118.175.174.60,1,32
71.86.17.45,1,32
73.160.190.190,1,32
173.42.135.220,1,32
39.13.242.183,1,40
193.163.118.206,1,40
114.0.35.58,1,32
120.192.222.13,1,40
151.188.251.146,2,88
122.110.70.46,1,60
159.103.238.161,1,32
221.16.100.38,1,48
112.62.45.90,1,76
87.135.54.163,1,32
209.236.117.233,1,32
191.25.196.169,1,40
37.227.68.101,2,152
192.148.95.164,1,60
5.141.117.203,1,40
84.225.68.219,1,56
61.29.222.236,1,40
172.102.248.212,3,120
106.193.200.62,1,32
60.146.38.178,1,52
172.249.30.177,24,3881
80.78.147.215,1,32
177.223.156.205,1,40
69.134.1.159,1,56
54.197.101.248,1,32
197.48.107.185,1,40
188.213.248.62,1,32
36.235.197.112,1,48
24.55.46.57,1,32
156.62.146.75,1,40
175.51.248.12,6,240
173.82.141.142,1,32
89.129.30.209,1,32
200.5.4.250,1,32
41.244.221.228,2,80
149.158.216.134,1,60
69.191.251.146,1,32
92.185.235.88,1,56
193.179.241.228,1,32
218.240.173.84,2,248
84.191.162.8,1,32
43.203.69.253,1,40
71.230.250.208,1,40
95.61.223.139,1,32
92.185.233.98,1,56
60.140.229.132,1,52
180.132.163.227,1,52
96.201.28.133,1,32
78.167.144.52,1,32
200.103.210.86,1,32
49.106.3.247,9,790
80.7.49.88,1,32
208.1.251.161,1,32
172.102.192.88,3,120
71.230.250.218,1,40
124.167.51.65,2,88
201.44.151.205,1,32
182.63.115.30,1,40
92.101.202.214,1,40
117.242.177.66,1,32
87.31.158.7,1,32
178.27.22.115,1,44
187.90.155.18,1,32
126.53.8.240,2,104
83.146.85.249,1,40
189.85.238.34,1,32
183.64.67.81,1,60
71.230.250.221,1,40
36.250.63.244,1,32
125.204.120.201,1,32
61.53.84.106,1,56
108.59.24.181,1,32
14.116.109.207,1,32
92.185.233.117,1,56
186.22.44.77,1,44
104.72.17.185,1,32
37.153.245.159,1,32
23.201.54.108,1,32
92.185.233.160,1,56
114.1.236.200,5,284
217.196.215.255,1,40
98.43.141.40,1,32
151.44.227.77,1,44
52.250.88.55,1,76
117.121.60.67,1,48
71.230.250.3,2,80
1.40.88.142,1,32
85.186.30.129,1,32
93.252.184.120,1,32
154.119.241.56,1,32
185.92.155.37,1,60
190.9.121.61,1,32
113.25.238.210,1,32
27.115.57.126,1,40
200.83.97.253,1,32
63.162.27.114,1,32
61.64.17.253,1,32
212.60.173.186,1,32
84.225.64.40,1,56
109.29.127.9,1,32
112.163.38.104,1,40
49.7.189.193,4,677
112.139.137.92,1,32
79.214.61.38,1,32
47.214.96.98,1,32
41.1.45.3,1,32
1.87.6.158,1,40
113.161.73.130,1,52
205.58.76.156,1,250
92.185.234.250,1,56
165.116.13.224,1,52
222.220.15.84,1,32
116.168.194.221,1,28
193.208.25.254,1,32
116.119.236.255,1,48
172.249.30.184,5,382
73.139.138.159,1,32
92.185.234.255,1,56
42.129.144.28,1,40
219.119.17.47,1,52
211.45.23.98,1,32
222.105.177.55,1,32
82.85.135.165,1,32
121.210.158.47,1,32
47.47.158.36,1,32
90.69.164.215,1,32
45.212.174.74,1,40
177.204.168.161,1,32
92.185.232.137,1,56
106.69.99.39,1,32
172.117.217.43,1,32
92.185.235.162,1,56
64.109.104.201,1,32
116.198.251.138,1,32
93.154.72.11,1,32
71.230.250.66,1,40
104.126.63.21,1,32
109.42.217.113,1,32
198.52.195.199,1,99
173.173.134.118,1,32
141.33.226.102,1,40
211.236.126.182,1,40
109.55.115.163,1,32
109.98.82.245,1,32
52.84.219.198,6,548
190.29.120.216,1,60
46.24.136.62,1,40
54.35.233.247,1,76
58.194.25.2,1,132
92.185.233.66,1,56
106.84.49.82,1,32
118.175.140.221,1,60
124.224.112.3,1,48
184.17.7.168,1,32
220.139.228.97,2,378
118.229.94.148,1,40
211.227.135.250,1,32
184.173.230.53,1,32
49.118.94.0,1,32
113.28.174.61,1,52
187.133.179.40,1,32
190.32.50.202,1,32
94.195.118.42,1,40
14.182.177.128,1,60
54.172.24.86,1,32
188.4.175.3,1,32
18.242.40.176,1,32
185.158.115.20,1,60
92.185.233.105,1,56
78.171.167.13,1,32
222.157.72.64,1,32
192.103.146.60,1,32
174.194.224.191,1,32
115.81.153.48,1,32
125.34.90.33,1,44
162.149.142.242,1,32
111.230.199.237,1,32
79.105.206.52,1,32
68.223.42.130,1,32
92.185.232.209,1,56
172.249.31.78,16,6711
162.43.114.123,1,32
104.63.158.61,1,32
115.27.237.106,1,32
91.186.172.226,1,32
172.203.174.74,1,32
62.176.195.193,1,60
49.221.149.68,1,40
86.141.242.85,1,32
5.40.188.136,1,32
109.100.80.77,1,32
23.100.133.1,31,26175
177.58.156.14,1,40
111.240.60.53,1,32
203.18.186.79,1,52
186.131.231.40,1,48
73.99.225.66,1,32
125.111.76.84,1,32
86.149.82.173,1,32
62.102.115.150,1,60
167.195.80.243,1,32
121.88.227.149,1,32
106.26.254.75,1,32
204.100.95.1,1,32
51.61.206.227,1,60
73.24.159.255,1,32
61.91.238.24,1,76
210.240.200.24,1,32
113.113.130.70,1,32
54.175.204.138,1,32
187.70.129.61,1,44
31.113.147.102,4,1587
168.193.32.72,1,32
175.241.82.141,1,32
112.160.224.155,1,32
37.97.210.48,1,32
162.12.227.67,1,32
68.80.177.122,1,32
87.19.253.212,1,32
52.214.41.201,6,4875
62.200.31.153,1,48
58.47.102.146,1,32
172.103.142.5,2,80
180.125.252.198,1,32
1.253.30.123,1,76
77.192.7.206,1,32
115.23.5.243,1,40
216.230.251.110,1,32
73.231.231.31,1,32
198.52.194.188,1,111
59.46.32.198,2,56
62.114.64.18,1,44
113.242.70.21,1,32
133.208.236.130,10,1766
120.157.109.197,1,52
197.167.55.52,1,32
88.66.205.29,1,44
190.253.119.70,1,32
119.23.185.220,1,32
188.43.228.245,1,96
5.188.104.210,1,60
175.208.156.118,1,32
2.138.103.123,1,32
148.63.130.71,1,32
24.200.205.6,1,44
84.74.131.122,1,32
112.168.209.208,1,32
71.40.27.75,1,32
110.242.22.252,1,32
79.217.71.120,1,32
181.14.205.253,1,32
74.102.64.163,1,32
39.36.71.154,1,44
84.49.42.226,1,32
66.219.109.76,1,32
196.77.63.6,1,32
93.212.198.23,1,32
182.154.122.230,1,40
156.61.73.109,1,40
35.90.3.154,1,377
157.98.17.100,1,32
105.153.26.23,1,32
58.36.146.170,1,32
196.180.49.59,4,176
36.173.71.201,1,52
121.173.230.112,1,32
5.99.39.221,1,60
123.247.100.207,1,44
68.74.23.184,4,160
37.132.95.110,1,32
192.36.197.137,1,32
45.58.225.85,1,32
175.223.205.206,4,216
179.223.218.128,1,32
52.254.246.176,1,76
58.45.139.161,1,32
220.61.7.175,1,32
2.19.148.133,1,32
112.31.77.83,1,60
86.248.81.250,1,32
68.38.48.184,1,32
76.238.58.55,1,32
106.105.134.101,1,48
45.203.203.252,1,52
78.40.173.47,1,32
77.81.4.112,1,40
208.180.30.244,1,32
202.85.83.21,6,240
176.82.218.29,1,48
179.232.50.110,1,32
50.196.141.92,1,32
78.127.206.83,1,32
66.211.19.67,1,40
121.177.173.53,1,60
96.74.161.98,1,32
188.229.184.99,1,32
65.123.132.26,1,32
202.125.37.84,1,48
114.106.10.221,1,40
92.226.87.237,1,32
202.39.34.119,4,3380
90.113.144.47,1,40
23.102.231.38,1,32
220.43.216.13,1,32
103.195.146.102,1,32
71.230.250.255,1,40
75.108.63.78,1,32
104.12.66.61,6,622
187.146.80.75,1,44
208.104.237.129,1,32
104.70.99.140,1,32
204.107.173.212,1,32
24.96.146.157,1,32
79.47.20.176,1,32
218.26.220.34,1,32
80.132.63.186,1,32
176.216.65.221,1,32
217.219.51.181,1,52
118.33.17.90,108,79085
209.16.44.252,1,32
118.51.52.126,1,32
24.110.196.124,1,32
190.24.191.74,1,32
8.216.201.196,1,83
73.110.237.118,1,32
188.126.95.68,1,32
222.92.27.246,1,32
118.99.218.116,1,32
111.192.73.165,1,40
221.26.228.252,1,52
187.218.30.55,1,40
60.126.216.6,1,32
59.185.109.226,1,32
152.20.246.129,3,407
167.98.253.254,1,60
138.186.161.251,1,44
122.62.39.219,1,44
213.226.181.129,1,32
141.153.202.207,1,32
186.61.186.210,1,32
211.90.24.62,1,60
203.167.207.5,1,32
159.31.81.155,1,40
101.212.69.92,1,84
88.66.230.175,1,32
198.95.143.178,1,40
71.46.231.5,1,32
194.213.18.56,1,32
183.123.45.171,1,52
71.32.145.172,1,32
186.52.82.217,1,32
118.93.112.106,1,40
109.132.122.213,1,131
110.222.188.103,1,32
77.89.58.97,1,44
47.185.102.133,1,32
111.255.16.250,1,92
27.247.191.58,1,32
84.52.169.178,1,32
98.5.18.156,1,32
179.27.66.255,1,32
200.79.88.99,1,40
77.172.96.106,1,32
142.83.99.150,1,32
187.201.90.249,1,32
81.70.129.140,1,32
64.123.182.193,1,32
178.172.151.122,1,32
79.54.114.119,1,40
52.117.227.173,1,52
125.40.108.211,1,48
58.191.72.66,1,32
2.79.107.73,1,32
121.132.113.159,1,60
91.20.185.63,1,131
222.236.39.147,1,32
116.177.115.61,1,48
62.90.231.16,1,60
113.25.9.134,1,32
103.121.32.230,1,52
85.141.62.14,1,32
8.246.251.169,1,32
203.125.102.7,1,32
61.203.157.57,1,40
113.190.115.90,1,52
71.230.250.36,1,40
106.80.7.229,1,60
113.9.145.149,1,58
12.187.160.17,1,32
101.208.132.58,1,32
59.146.214.165,2,180
104.6.160.75,1,32
116.179.209.69,1,32
59.126.72.200,1,32
186.52.39.14,1,44
35.73.212.161,1,32
223.104.165.78,1,52
202.172.110.102,1,32
187.53.28.222,1,32
124.57.149.158,3,384
181.99.220.110,1,32
95.57.166.233,1,32
220.73.28.223,1,32
124.163.57.188,1,128
138.221.193.120,1,32
212.32.201.233,1,40
1.28.89.95,1,32
77.229.64.65,1,32
88.189.169.69,1,32
124.32.254.52,1,32
41.53.142.147,1,52
71.182.225.130,1,32
113.105.44.217,1,40
27.211.46.1,1,32
18.191.156.211,1,32
96.27.117.43,1,32
121.161.209.95,1,32
41.166.229.104,1,44
172.85.24.59,1,32
174.172.1.205,1,32
213.111.68.123,1,32
152.28.0.29,1,40
177.157.121.38,1,32
125.35.5.136,1,44
124.164.173.11,1,32
91.12.126.57,1,32
120.131.4.32,2,80
107.197.189.6,1,32
52.117.88.89,2,82
125.174.141.165,1,40
59.52.189.195,1,40
35.126.75.31,1,32
170.68.63.136,1,60
46.101.93.18,1,48
95.242.24.42,1,40
24.58.112.60,1,32
155.15.176.13,1,32
107.1.103.16,1,32
88.72.162.239,1,32
222.212.115.35,1,52
47.252.92.84,1,32
113.144.188.6,2,256
83.69.78.5,1,32
98.72.127.25,1,32
89.26.130.26,1,32
109.118.186.242,1,32
169.47.131.125,2,111
126.0.195.4,1,32
78.142.217.245,1,32
181.119.22.65,1,40
149.144.122.42,1,60
134.160.248.125,1,52
183.150.158.233,1,32
64.105.160.180,1,32
187.140.222.68,1,32
113.150.81.234,1,60
187.103.80.99,1,32
142.161.233.47,1,40
41.159.8.7,1,32
211.72.143.161,1,32
125.237.220.192,1,52
213.38.161.19,4,216
1.85.56.45,1,40
125.171.103.93,1,32
94.46.211.229,1,32
192.148.216.247,1,32
5.64.104.155,1,40
208.34.243.211,1,32
221.164.0.147,1,32
62.75.141.18,1,32
115.144.249.98,1,52
14.33.145.0,1,32
205.12.8.63,1,40
219.120.74.158,1,60
212.67.13.253,1,32
1.89.45.49,1,32
94.232.152.104,1,32
141.60.74.91,1,40
113.107.74.161,2,80
46.191.158.17,1,32
200.176.242.198,1,32
27.219.39.100,1,32
183.236.26.156,1,52
23.46.125.38,1,64
31.163.166.99,1,40
52.14.227.236,1,76
98.54.48.197,1,32
177.27.198.117,1,32
95.205.174.67,1,32
123.155.50.170,3,384
62.215.193.67,1,32
83.73.142.172,1,32
59.58.3.213,1,32
66.22.195.123,1,32
222.172.177.74,1,48
115.200.186.30,1,40
119.103.19.214,1,132
59.151.163.28,1,40
201.153.190.109,1,40
24.223.21.90,1,32
75.181.237.53,1,32
73.85.57.3,1,32
172.103.180.58,1,40
201.22.78.117,1,32
150.145.125.37,1,68
123.175.91.44,1,60
67.154.162.250,1,52
186.6.66.123,1,32
125.195.244.217,1,32
120.208.9.154,1,32
66.249.182.82,2,461
179.238.117.34,1,32
192.82.106.52,1,32
191.242.124.31,1,44
67.249.143.164,1,32
104.243.31.117,1,40
62.194.136.102,1,32
80.221.149.130,1,40
104.57.32.198,1,32
88.91.186.221,1,32
88.233.103.150,1,32
143.192.182.75,1,32
46.162.6.186,1,32
12.83.214.133,1,32
31.115.94.138,1,40
182.105.13.231,1,32
151.183.209.134,1,32
59.66.102.172,1,32
82.187.177.22,1,32
221.46.185.76,1,52
222.254.140.230,1,52
139.173.133.45,2,80
188.137.11.156,1,32
218.99.215.121,1,40
96.32.49.46,1,32
171.189.230.166,1,32
124.33.105.147,1,40
140.229.172.97,1,76
3.200.39.0,1,76
101.39.59.63,1,52
86.191.189.126,1,32
23.57.61.141,1,40
199.178.170.224,1,32
202.106.197.189,1,56
1.95.240.224,1,52
13.218.57.203,11,5711
171.153.161.146,1,32
67.22.88.247,1,32
123.170.88.232,1,32
34.207.76.12,7,1341
170.214.116.189,1,60
64.179.225.9,1,32
108.55.17.123,1,32
113.50.206.218,1,32
222.214.222.16,1,52
14.103.55.8,1,32
173.200.250.186,1,86
177.166.93.19,1,32
211.18.195.53,1,32
202.69.192.45,1,32
220.215.216.225,1,56
60.121.4.186,1,32
94.13.223.119,2,112
123.179.148.222,1,76
203.37.81.100,1,32
175.57.231.203,1,32
82.234.224.231,1,32
194.225.255.244,1,52
68.148.86.245,1,32
5.56.228.197,1,32
80.143.70.7,2,80
77.247.187.232,1,32
186.217.76.222,1,32
81.106.184.20,1,32
37.228.242.141,1,40
80.215.15.115,2,80
179.235.8.23,1,32
217.71.184.188,1,32
220.207.167.95,1,32
188.175.184.125,1,40
125.35.139.252,1,44
62.49.127.183,1,32
114.171.38.21,1,40
189.246.162.141,1,32
192.49.194.34,1,40
213.178.153.46,1,32
24.216.253.15,1,32
81.105.229.190,1,40
66.247.94.110,2,88
128.221.27.253,1,52
87.243.120.250,1,32
115.60.127.81,1,32
184.167.238.227,1,32
59.11.59.178,1,32
221.1.222.50,1,76
86.251.152.50,1,32
125.207.136.31,1,52
178.103.0.201,1,32
79.202.75.209,1,32
84.78.107.142,1,32
95.50.206.131,1,32
80.156.80.10,1,32
60.142.67.43,1,32
116.47.215.197,1,40
104.15.174.121,1,32
2.26.173.21,1,32
39.7.121.146,1,32
18.252.33.127,1,32
201.90.204.148,1,32
101.54.84.111,1,40
168.68.129.152,1,40
59.152.60.153,1,32
47.12.216.141,1,32
90.75.78.226,1,32
54.50.186.21,1,32
208.68.216.190,1,32
69.9.177.25,1,32
172.30.219.14,1,32
31.162.145.68,1,52
175.48.237.76,1,32
24.28.167.78,1,60
125.255.80.133,1,32
31.166.71.136,1,32
189.251.136.245,1,32
176.76.255.244,1,32
209.86.141.106,1,32
177.201.155.132,1,56
190.243.216.241,1,32
80.138.121.161,1,32
222.166.247.115,1,32
115.156.164.81,1,32
70.93.238.19,1,32
52.25.228.174,1,32
113.247.68.33,3,384
87.201.86.94,1,32
186.55.186.51,1,96
123.210.224.187,1,32
46.33.64.58,1,32
171.209.240.200,1,48
190.128.206.65,1,32
87.194.126.190,1,32
114.194.158.123,1,32
90.121.113.177,1,32
60.137.182.210,1,40
193.89.113.45,1,32
94.196.235.3,1,32
52.100.88.137,1,32
36.163.107.113,1,40
189.34.188.100,1,32
202.46.31.67,1,40
47.244.11.250,23,3071
120.192.228.194,2,88
62.228.150.105,1,44
171.198.187.145,1,76
92.62.156.180,1,32
1.72.59.178,1,32
23.241.97.45,1,32
178.168.137.247,1,32
129.97.10.120,1,52
162.104.243.171,1,60
159.137.136.36,3,120
119.71.71.90,1,32
82.236.31.245,1,32
5.147.231.2,1,32
185.81.18.80,1,32
188.161.49.61,1,32
51.104.22.149,1,32
69.36.136.216,1,32
66.50.188.152,1,32
91.109.161.102,1,32
54.48.103.68,1,32
121.154.200.185,1,60
96.81.63.145,1,32
209.191.36.178,1,32
144.252.120.28,1,48
199.181.177.123,1,60
75.64.114.166,1,40
137.165.188.212,1,32
52.248.222.71,2,173
71.27.212.69,1,32
201.193.138.10,1,32
61.112.1.1,1,56
114.38.38.4,1,48
70.188.4.238,1,32
113.111.146.236,1,52
106.57.233.217,1,76
110.69.210.227,1,52
175.233.41.15,1,32
191.203.109.26,1,32
213.96.29.200,1,60
27.222.223.153,1,32
119.161.32.52,1,32
59.187.174.206,1,60
95.93.176.136,1,56
219.55.103.125,1,32
41.149.122.55,1,32
184.3.22.212,1,32
67.162.154.253,1,32
157.174.122.161,1,32
185.15.234.121,1,60
124.125.155.135,1,32
173.127.222.138,1,32
181.142.205.193,1,32
113.39.143.140,1,60
187.34.158.80,1,32
206.230.167.36,1,32
37.42.121.87,1,40
82.179.183.156,1,32
111.178.144.168,1,40
122.227.30.168,1,32
93.186.54.50,1,32
181.222.64.144,1,32
46.175.123.29,1,32
213.235.12.69,1,60
41.251.103.79,1,32
2.253.43.183,1,48
27.41.77.226,1,48
90.5.24.4,1,32
123.19.227.24,1,32
34.205.253.160,1,32
177.44.168.177,1,32
12.1.184.137,1,48
147.59.92.191,1,32
98.133.238.12,1,32
186.212.226.63,1,32
174.158.70.78,1,32
197.253.64.51,1,44
179.228.130.198,1,32
5.64.104.139,1,40
116.178.234.34,1,48
79.67.96.36,1,32
180.108.13.191,1,76
52.250.68.10,1,32
46.115.119.65,1,32
192.231.109.56,1,32
58.193.11.170,1,52
24.32.234.248,1,32
83.111.122.211,1,32
120.172.188.95,1,52
5.64.104.136,2,80
172.249.162.137,7,1251
105.207.174.240,1,32
76.35.226.11,1,32
124.25.237.92,1,44
186.52.151.177,1,44
59.13.57.158,1,32
221.131.174.120,1,40
182.185.231.81,1,60
172.102.237.232,1,40
217.228.55.164,1,32
68.74.17.143,1,40
203.162.80.28,1,40
111.225.229.116,1,52
36.4.188.162,1,60
201.166.144.133,1,56
61.108.210.200,1,60
203.52.210.164,1,32
37.214.123.179,1,32
191.255.51.95,1,32
174.199.103.198,1,32
76.208.10.29,1,32
1.250.243.209,1,32
112.38.220.146,1,74
109.247.62.234,1,40
104.248.237.13,1,40
81.130.10.191,1,32
88.237.229.47,1,60
27.50.32.185,1,32
24.4.118.67,1,32
108.179.174.127,1,32
59.4.49.71,1,32
171.55.190.139,1,32
37.17.16.132,1,40
86.170.13.38,1,60
24.107.192.14,1,32
2.143.224.26,1,32
174.203.17.165,1,32
179.233.17.29,1,32
189.49.142.223,1,32
60.244.81.152,1,32
62.44.159.137,1,32
177.217.93.99,1,32
109.30.78.72,1,32
180.163.15.178,1,60
37.245.180.184,1,40
92.59.230.18,1,32
93.178.190.18,1,32
180.161.8.227,1,40
77.78.209.42,1,40
202.114.132.71,1,52
36.223.6.12,1,32
122.119.66.136,1,40
1.198.50.126,1,32
94.65.99.114,1,32
89.177.65.0,1,32
82.41.83.134,1,60
85.195.164.140,1,32
177.116.189.55,1,32
82.123.109.76,1,40
54.240.187.109,12,4781
89.22.129.188,1,32
218.222.8.138,1,32
211.21.56.121,1,32
154.165.215.255,1,32
191.72.5.214,1,44
176.210.111.221,1,32
128.39.70.249,1,52
50.214.11.38,1,32
181.55.108.140,1,40
180.123.251.185,1,52
94.139.108.133,1,44
59.126.183.170,1,40
36.223.8.165,1,60
172.249.25.191,9,4171
188.158.80.232,1,32
37.67.50.155,1,52
49.78.18.194,1,32
140.236.102.168,1,32
88.236.25.236,1,32
172.249.31.77,50,25855
121.118.126.183,1,32
218.237.34.153,1,48
175.237.143.214,1,32
189.196.166.94,1,32
78.221.206.116,1,32
83.156.163.55,1,56
189.27.102.240,1,32
86.170.116.34,1,60
222.176.30.197,1,32
23.84.191.179,1,32
91.147.219.227,1,32
69.227.183.236,1,32
23.94.228.246,2,111
112.153.168.92,1,52
119.164.220.58,1,32
5.65.206.93,6,1216
220.10.99.205,1,60
202.126.41.119,1,76
177.193.227.18,1,60
39.24.246.188,1,32
189.253.177.252,1,32
222.216.147.200,1,48
62.134.23.194,1,32
178.223.27.38,1,40
68.162.44.249,1,32
117.234.65.5,1,32
117.42.54.109,1,40
35.68.146.124,4,397
120.211.220.205,1,40
212.4.55.92,1,193
116.0.65.64,1,52
5.64.104.158,1,40
187.45.81.13,1,32
95.224.133.125,1,32
189.28.220.145,1,32
80.109.73.209,1,32
73.152.95.85,1,32
202.67.182.179,1,44
13.161.237.153,111,148943
81.129.178.121,1,60
68.192.45.18,1,32
69.253.81.202,1,32
223.134.45.75,1,32
73.211.101.109,1,32
213.161.227.29,1,56
62.228.84.74,1,32
114.232.11.84,1,76
177.9.32.179,1,48
186.153.203.193,1,60
23.83.251.42,1,52
98.254.98.111,1,32
219.127.255.4,1,64
189.127.82.236,1,32
201.44.156.12,1,60
173.221.73.16,2,120
95.34.67.175,1,32
54.232.95.203,1,32
217.91.251.149,1,32
188.162.100.41,1,32
195.102.67.137,1,168
186.120.60.7,1,32
141.60.83.3,1,40
70.65.34.39,1,32
5.64.104.149,2,80
190.76.50.81,1,32
47.141.181.174,1,40
87.130.17.25,1,32
183.127.64.3,1,32
125.174.203.183,1,40
195.228.238.225,1,32
70.191.192.193,1,32
112.206.56.17,1,32
93.101.56.4,1,32
115.64.147.109,1,44
78.64.255.218,1,44
71.230.250.202,1,40
186.237.63.56,1,32
80.145.32.86,1,32
162.4.82.53,1,32
52.98.90.97,1,32
151.175.182.188,1,32
183.188.23.179,7,6464
73.219.197.88,1,32
50.159.126.94,1,32
76.132.88.140,1,32
113.199.96.177,1,48
90.198.226.138,1,40
220.190.31.15,1,32
211.160.1.65,1,32
177.63.175.34,1,32
50.195.8.17,1,32
23.90.252.99,4,324
192.49.187.63,1,32
54.225.196.45,1,32
173.244.244.234,1,28
78.28.62.222,1,32
200.71.241.236,1,32
24.48.174.190,1,32
104.155.24.118,1,32
113.41.235.21,1,60
178.245.132.185,1,48
123.193.222.119,1,32
93.243.224.213,1,32
119.25.216.95,1,32
96.56.110.86,1,32
151.227.227.253,1,32
221.31.142.241,1,40
41.240.235.116,1,32
213.215.99.58,1,32
88.173.0.204,1,32
113.46.203.141,1,44
66.46.247.62,1,40
183.67.89.212,1,32
190.205.123.61,1,32
223.142.99.39,1,32
50.21.17.170,1,32
172.249.25.177,5,333
85.149.131.63,1,32
123.194.57.231,1,40
175.139.210.60,1,32
122.173.220.44,1,44
193.123.27.53,1,60
67.239.193.164,1,32
190.161.238.171,1,32
178.223.109.201,1,40
82.229.238.13,1,32
118.86.68.79,1,40
52.212.107.250,1,166
24.61.39.183,1,32
184.32.173.114,1,32
197.70.203.216,2,80
196.134.1.123,1,56
220.171.70.224,1,52
114.21.45.16,1,32
154.22.166.183,1,32
119.205.140.214,1,32
218.21.50.252,1,32
203.197.161.172,1,60
119.30.193.167,1,32
94.98.129.216,1,32
198.2.174.192,1,32
66.59.15.220,1,32
147.130.139.67,1,52
73.57.141.25,1,32
221.172.91.125,1,32
192.100.161.184,2,80
73.22.82.113,1,32
13.207.51.33,11,5760
54.234.252.55,1,32
172.80.106.188,1,32
113.28.154.216,1,40
124.57.200.218,3,384
82.147.155.62,1,32
65.102.174.35,1,32
2.109.123.64,1,32
193.168.31.244,1,60
110.212.27.170,1,60
211.244.176.58,1,40
91.7.47.181,1,44
71.230.250.150,1,40
87.54.207.170,1,32
172.103.157.2,2,80
104.119.205.245,1,32
172.249.28.105,9,4503
84.175.11.133,1,32
104.198.199.129,1,32
182.136.217.29,1,32
84.60.9.218,1,40
69.181.55.133,1,32
203.81.191.120,1,52
90.112.164.246,1,40
36.194.126.172,1,32
180.175.204.113,1,52
101.34.206.226,1,32
72.234.203.170,1,32
31.113.147.118,10,1487
104.109.234.177,27,33250
82.175.71.228,1,32
90.11.17.149,1,32
202.90.150.197,1,60
181.174.95.250,1,32
91.237.238.204,1,32
207.0.187.205,1,32
199.253.132.111,1,44
109.0.155.146,1,32
88.197.40.32,1,32
37.59.39.187,1,32
192.213.179.222,2,1353
162.20.143.58,1,32
189.17.173.19,1,32
156.48.34.45,1,40
87.235.189.26,1,32
223.103.62.148,1,58
52.252.229.176,4,573
84.102.91.81,1,32
58.159.190.109,1,32
54.196.255.8,1,168
201.105.82.60,1,32
175.115.82.179,1,40
182.133.15.126,1,60
84.14.224.243,1,32
187.147.28.225,1,40
63.130.90.94,1,40
70.35.229.205,1,32
85.8.201.4,1,32
54.181.100.241,1,76
18.209.247.62,1,32
187.7.15.62,1,32
41.210.162.159,1,32
202.216.158.39,3,590
217.122.118.32,1,32
94.29.152.167,1,32
96.218.105.188,1,32
54.206.152.25,2,135
91.120.65.241,1,32
84.178.150.73,1,32
111.85.106.185,1,32
217.7.224.96,1,32
210.252.154.57,1,32
41.103.207.141,1,32
90.113.159.217,1,40
212.30.28.2,1,32
66.166.219.15,1,32
77.249.42.223,3,252
118.248.121.63,4,160
95.234.60.193,1,32
203.178.225.7,1,52
124.221.32.245,1,32
69.136.97.202,8,603
139.173.156.225,2,80
170.206.171.225,1,60
52.121.237.226,2,166
87.231.81.228,1,32
52.104.82.104,1,32
210.57.224.244,1,32
124.11.156.201,1,60
13.218.12.71,16,7968
65.170.210.35,1,32
13.184.251.65,1,32
212.162.238.146,1,60
172.115.46.190,1,32
208.66.35.190,1,32
179.43.231.39,1,32
83.238.76.104,1,32
90.113.158.228,1,40
172.103.153.252,1,40
89.209.44.190,1,52
82.61.51.18,2,80
120.153.64.64,1,32
103.76.59.245,1,60
218.252.224.47,1,52
219.94.71.172,1,32
178.4.86.166,1,60
114.154.136.136,1,52
49.51.253.220,1,52
88.11.63.93,2,80
159.52.41.98,2,80
60.64.6.170,1,143
42.53.115.31,1,32
202.49.15.117,1,32
71.223.56.169,1,32
140.244.216.73,1,76
184.123.36.23,1,32
107.142.4.231,1,32
125.194.173.64,1,32
1.247.24.176,1,32
75.79.243.54,1,32
122.224.194.159,1,76
179.71.70.182,1,32
196.139.24.10,1,32
101.115.0.61,1,32
117.64.170.35,1,52
181.205.78.234,1,40
14.184.92.0,1,52
201.213.77.191,1,40
31.75.163.0,1,32
74.196.199.137,1,32
167.148.79.19,3,120
81.199.224.208,1,32
89.206.154.155,1,32
191.113.146.180,1,32
104.120.158.37,1,52
173.221.71.31,1,60
147.130.220.237,1,32
162.194.80.120,11,9064
36.206.11.149,1,32
178.223.107.56,1,40
195.203.61.218,1,32
78.135.228.27,1,56
190.237.28.162,1,32
92.101.123.60,1,44
24.211.44.106,1,40
125.147.187.29,1,32
112.199.125.55,1,52
98.28.73.115,1,32
61.97.213.36,2,256
222.82.127.107,1,52
61.63.124.112,1,32
49.206.130.51,1,48
52.54.185.90,1,288
77.222.91.49,1,48
151.44.250.237,1,44
3.236.31.25,1,872
211.55.31.59,1,32
52.252.211.199,4,353
183.111.67.231,1,40
125.255.232.45,1,48
18.182.202.164,1,52
60.12.147.15,1,32
185.45.160.71,1,44
49.82.24.187,1,32
219.111.62.50,1,52
83.136.117.86,1,32
82.247.44.189,1,60
106.105.159.187,1,48
38.185.240.67,1,32
193.143.219.187,1,32
201.205.231.161,1,60
118.135.207.219,1,40
203.190.39.49,1,32
211.229.49.9,1,32
45.236.124.84,1,32
203.3.102.43,1,32
204.48.49.194,1,32
74.250.255.194,1,32
183.114.206.135,1,32
209.203.158.62,1,32
96.22.220.76,1,32
91.52.75.73,1,40
61.77.165.30,1,32
93.28.131.145,1,60
190.240.161.31,1,40
177.167.227.111,1,32
190.254.50.2,1,32
69.243.92.148,1,32
42.57.21.8,1,48
90.3.96.234,1,32
52.95.99.126,1,32
124.75.34.217,1,32
95.214.142.219,1,32
83.206.168.49,1,40
160.177.99.57,1,32
71.230.250.75,1,40
162.13.108.240,1,40
200.189.197.73,1,617
167.185.123.30,4,251
178.223.110.128,1,40
62.253.3.190,1,32
187.217.211.25,1,40
124.36.38.99,1,32
89.203.187.211,1,32
188.164.31.186,1,32
185.127.93.61,1,40
218.227.200.12,1,32
70.37.28.33,1,32
159.93.95.182,1,32
119.18.77.24,1,32
23.81.39.162,1,32
81.28.193.141,1,32
84.88.154.156,1,32
2.123.17.180,1,32
1.65.195.31,1,76
105.154.31.12,1,32
202.87.141.102,1,60
178.103.196.148,1,40
151.44.254.246,1,44
197.64.18.18,1,60
66.60.214.77,1,32
187.182.122.246,1,60
27.69.215.179,1,76
179.176.89.206,1,44
110.200.44.23,1,76
88.53.44.156,1,40
186.14.59.176,1,32
122.238.0.251,1,52
195.233.68.85,1,32
171.48.17.214,1,48
46.192.141.155,1,32
52.113.35.108,1,32
172.249.29.70,3,166
70.104.241.143,1,32
152.88.193.132,1,32
112.49.52.22,1,32
74.192.57.3,1,32
176.36.239.116,1,1204
198.23.214.134,1,32
122.224.202.112,1,52
62.35.238.251,1,32
14.47.252.183,1,60
154.117.254.208,1,32
79.21.219.99,1,32
87.6.30.85,1,32
132.216.140.91,1,40
120.151.142.82,1,32
185.162.153.81,1,32
159.252.136.158,1,32
124.9.86.179,1,48
101.55.193.168,1,40
129.196.7.177,1,56
104.166.64.126,1,32
60.228.151.130,1,32
160.27.204.89,1,32
93.230.42.249,1,32
84.16.237.47,1,32
182.110.203.131,1,52
52.229.235.107,5,2493
190.80.27.113,1,32
182.243.177.139,2,104
24.80.78.237,1,32
27.34.201.242,1,32
52.15.170.18,1,76
216.211.35.119,1,91
180.145.80.123,1,40
191.107.137.237,1,40
74.255.55.177,1,32
151.155.252.249,1,32
81.192.2.100,1,52
172.249.31.66,11,5673
107.189.220.126,1,76
59.46.112.33,1,32
24.121.139.212,1,32
78.145.113.38,1,32
181.72.11.159,1,32
77.4.230.59,1,32
60.223.220.169,1,32
106.84.161.222,1,32
149.55.101.224,1,40
125.196.104.75,1,32
96.88.45.85,1,32
41.161.234.33,1,40
187.185.122.234,1,32
179.198.141.64,1,32
221.15.103.185,1,32
79.243.13.181,1,32
67.163.28.35,1,32
84.11.96.231,1,32
120.157.134.206,1,32
17.192.162.229,1,846
52.25.11.58,1,32
130.53.224.96,13,2166
138.186.129.201,1,32
105.111.195.110,1,60
113.148.136.188,1,40
41.161.115.21,1,40
94.24.96.37,1,32
72.249.223.38,1,32
95.131.99.124,1,32
209.238.124.9,4,176
172.252.189.107,1,32
41.174.170.109,1,52
13.52.62.193,1,32
79.81.243.55,1,32
67.222.86.92,1,32
115.252.192.129,1,32
88.13.97.201,1,32
79.226.210.215,1,32
45.127.188.250,1,32
179.168.133.70,1,32
203.121.106.144,1,52
65.92.199.183,1,32
58.35.83.212,1,58
112.248.69.104,1,32
27.251.63.187,1,60
24.245.159.5,1,32
1.8.64.90,1,32
222.209.66.252,1,32
5.125.18.16,1,32
5.138.144.97,1,52
5.234.24.250,1,32
71.160.17.156,1,32
216.22.32.197,1,32
182.111.199.236,1,32
47.89.191.210,1,32
35.81.8.117,1,60
104.137.88.69,1,60
49.16.33.54,1,32
186.5.209.5,1,32
203.171.222.7,1,40
189.175.228.190,1,32
108.67.177.208,1,32
46.185.46.5,1,40
104.243.199.124,4,960
212.142.224.88,1,32
203.120.229.151,1,32
114.179.180.128,1,32
24.45.191.131,1,32
107.9.138.251,2,797
27.232.227.218,1,32
188.175.98.63,2,80
168.112.45.64,1,32
79.173.4.132,1,32
77.10.238.170,1,32
99.58.241.30,1,32
144.168.46.156,1,32
179.95.209.28,1,32
36.23.10.169,2,180
46.178.145.129,1,32
116.164.99.188,1,32
14.12.0.179,1,32
58.168.174.37,1,32
111.127.7.20,1,52
49.241.215.243,1,32
172.249.30.25,79,103654
27.36.199.196,1,40
62.45.18.87,1,60
31.163.208.210,1,40
110.62.231.105,1,32
67.255.190.196,1,32
106.95.37.182,1,60
171.61.113.219,1,48
201.92.237.53,1,52
154.201.220.78,6,576
154.201.229.210,6,576
47.124.130.188,1,60
80.54.135.101,1,32
62.91.12.185,1,32
183.119.63.1,1,32
138.196.152.8,1,32
31.220.124.105,1,32
186.21.32.169,1,32
95.198.161.143,1,32
68.138.185.176,1,32
123.121.244.251,1,76
90.113.148.185,1,40
109.43.76.19,1,60
189.5.40.162,1,32
82.151.161.111,1,32
216.169.35.221,1,56
37.190.18.36,1,32
5.99.15.163,1,48
202.228.117.199,10,3482
213.16.243.52,1,32
35.84.182.203,1,32
60.67.216.178,2,375
220.46.29.82,1,32
122.159.239.122,1,52
123.117.183.175,1,44
200.175.240.53,1,617
188.237.219.120,1,32
2.199.245.175,1,60
66.178.239.96,2,80
195.60.11.61,1,32
114.200.55.244,1,32
95.117.216.33,1,60
119.102.1.91,1,32
81.84.137.253,1,32
174.224.196.140,1,32
209.57.102.174,1,60
123.141.8.152,1,76
185.216.99.252,1,32
42.242.126.193,1,48
24.222.11.167,1,32
114.169.229.74,1,32
24.133.198.147,1,32
192.50.181.199,1,181
179.240.72.38,1,32
77.47.89.241,1,32
152.86.170.67,1,73
106.31.193.149,1,32
64.22.164.131,2,104
115.249.96.46,1,32
93.11.230.60,1,32
2.199.247.77,1,60
79.228.36.73,1,32
223.51.100.74,1,32
175.59.126.142,1,60
197.148.215.212,1,32
1.12.70.238,1,32
86.144.88.50,1,32
117.97.81.58,1,32
175.114.82.84,1,32
130.249.32.118,1,32
175.175.102.139,1,76
213.77.168.192,1,32
184.155.176.25,1,32
151.150.78.69,7,780
58.55.236.184,3,234
27.37.120.44,1,32
172.249.30.150,12,5104
23.244.88.205,1,32
12.253.25.137,1,32
211.236.126.178,1,40
203.3.75.194,1,40
66.101.145.189,1,32
83.42.126.123,1,32
14.222.159.212,1,32
182.42.217.89,1,32
76.250.56.55,1,32
37.102.29.173,1,32
77.59.33.150,1,40
140.144.248.211,1,32
84.36.71.120,1,32
208.84.185.224,1,32
173.221.50.241,1,84
62.106.203.225,1,32
118.35.11.251,1,40
113.247.120.2,3,384
139.173.190.205,2,80
79.195.65.45,1,32
159.137.149.121,3,120
121.152.123.121,1,32
178.246.219.190,1,32
194.88.28.167,1,32
95.159.1.9,1,32
38.253.210.226,1,32
69.8.56.203,1,32
96.87.198.62,1,32
176.211.132.178,1,40
41.77.151.223,1,32
80.212.126.50,1,60
93.54.154.218,1,40
61.27.150.104,1,44
169.22.21.152,1,60
185.50.135.47,1,32
152.30.103.163,1,32
75.107.45.158,1,32
158.81.9.200,3,120
31.182.58.110,2,80
91.169.254.183,1,32
24.217.63.199,1,32
217.178.79.27,3,185
46.130.198.172,1,32
75.87.149.45,1,32
54.49.56.30,1,32
194.190.121.198,1,32
37.128.35.222,1,32
148.249.156.223,1,32
79.240.17.235,1,56
115.38.86.174,1,52
49.206.237.30,1,32
41.160.222.38,1,40
189.107.192.11,1,32
5.40.154.151,1,44
94.227.55.10,1,60
2.242.99.139,1,32
95.81.0.217,1,32
73.100.228.202,1,32
46.187.59.68,1,32
37.133.150.214,1,44
13.31.226.124,2,142
76.67.254.25,1,32
113.119.89.181,1,32
89.105.81.113,1,32
188.82.100.123,1,32
46.11.75.120,1,32
50.142.209.62,1,32
79.117.116.36,1,40
190.119.247.250,1,40
49.192.68.240,1,76
91.138.228.218,1,32
91.203.155.153,1,32
181.232.224.251,1,32
222.71.16.128,1,40
123.155.5.216,1,52
93.212.215.237,1,32
93.244.25.114,1,56
190.232.103.89,1,32
185.182.103.146,1,731
122.164.52.63,1,40
8.247.244.137,1,84
190.142.207.116,1,32
107.196.56.94,1,32
177.202.8.27,1,32
136.100.28.166,1,32
94.22.109.85,1,32
203.109.232.178,1,48
84.3.109.118,1,32
186.121.54.103,1,32
39.19.31.35,1,32
87.50.79.142,1,60
2.168.92.48,1,32
221.90.78.41,1,32
182.15.23.248,1,32
116.25.11.77,1,32
166.254.155.117,1,32
108.2.56.175,1,32
119.136.10.42,1,32
220.5.168.156,1,32
85.247.217.5,1,32
136.70.36.164,1,32
221.7.80.255,1,48
177.35.32.189,1,32
217.169.253.127,1,32
165.116.248.159,2,80
46.202.107.118,1,32
124.227.138.185,1,32
218.221.170.112,1,40
115.58.210.90,1,32
211.171.164.179,1,32
87.234.224.37,1,32
72.184.14.88,1,32
180.186.159.250,1,32
121.71.140.70,1,32
54.181.86.125,1,76
179.163.44.121,1,32
222.254.196.70,1,32
121.126.78.160,1,32
83.206.119.99,1,40
98.42.219.217,1,32
123.155.164.227,1,32
203.208.104.254,1,32
121.116.111.128,1,52
50.195.190.207,1,32
102.161.127.17,1,60
67.213.154.99,1,32
175.124.59.252,1,32
61.125.45.132,1,32
38.186.226.171,3,270
213.77.158.83,1,60
213.42.72.237,1,32
122.119.249.146,1,32
27.21.167.152,1,32
189.225.32.26,1,40
74.101.45.133,1,32
47.142.46.117,1,32
113.46.196.241,1,60
125.197.185.159,1,60
188.12.155.197,1,60
66.167.24.93,1,32
45.234.161.202,1,32
217.11.79.138,1,56
200.231.109.200,1,32
195.5.122.185,1,60
198.53.103.34,2,80
118.162.157.156,1,32
42.51.125.191,1,40
108.161.147.146,1,32
212.185.254.128,2,120
93.51.46.21,1,40
46.45.9.183,1,44
160.84.148.210,11,1085
213.144.192.44,1,32
108.73.145.169,9,2983
144.252.236.120,1,52
84.174.130.151,1,32
190.39.8.30,2,88
52.252.183.87,1,76
101.126.145.242,1,32
143.196.208.148,2,88
122.57.238.106,1,44
82.106.174.38,1,32
80.214.11.127,1,32
66.82.17.134,1,32
187.125.57.188,1,32
13.206.181.69,1,32
112.236.225.191,1,32
196.53.183.251,1,40
210.251.127.94,1,32
67.23.102.242,1,32
112.191.16.14,1,60
50.166.26.27,1,32
46.185.13.0,1,40
220.203.125.127,1,76
89.115.70.68,1,56
27.180.87.161,1,44
34.251.46.72,1,32
191.157.221.34,1,32
189.130.126.14,1,32
89.171.100.216,1,32
146.185.50.6,3,208
216.69.127.155,1,32
198.48.155.69,1,32
197.142.193.154,1,32
88.152.110.61,1,32
99.82.55.168,1,32
94.246.135.195,1,44
71.230.251.253,2,80
126.130.220.127,1,32
60.147.252.140,1,76
27.253.53.35,1,40
23.92.233.49,1,52
120.220.149.70,1,418
189.177.176.52,1,32
188.11.170.2,1,40
45.17.209.67,1,32
210.236.27.201,1,32
77.118.146.119,1,32
88.99.25.221,1,32
60.67.41.225,1,44
112.236.141.147,1,48
168.198.91.74,1,32
220.145.13.88,1,52
54.181.114.227,1,32
114.193.252.128,1,40
187.230.114.133,1,32
125.230.11.172,1,48
175.206.174.36,1,32
94.88.169.115,1,32
84.117.144.159,1,32
62.216.222.163,1,32
98.92.188.10,1,32
112.171.58.192,1,32
31.163.185.217,1,40
121.157.126.203,1,32
218.50.140.133,1,32
116.50.223.254,1,32
202.83.168.172,1,32
87.72.87.227,1,32
37.17.174.20,1,40
14.157.26.81,1,32
71.230.250.4,1,40
69.12.94.57,1,32
71.129.49.185,1,32
156.34.216.81,1,52
217.59.205.38,1,32
35.124.121.214,1,32
27.17.198.44,1,32
64.199.42.167,1,291
24.7.71.224,2,80
98.44.161.148,1,32
46.241.192.141,1,32
178.223.235.172,1,40
116.253.128.4,1,32
83.9.41.136,1,32
41.166.113.93,1,32
73.199.199.48,1,32
149.148.70.117,1,60
183.235.196.60,1,32
191.198.97.233,1,32
182.85.181.99,1,134
179.72.196.236,1,32
179.102.247.115,1,60
1.45.164.186,1,32
104.221.168.87,1,32
81.137.81.53,1,32
112.10.245.133,1,32
188.91.17.152,1,32
108.11.77.126,1,32
82.205.234.146,1,44
121.90.160.234,1,32
126.226.27.218,1,32
91.198.252.122,1,40
27.161.95.34,1,32
74.193.119.53,121,172820
188.67.239.12,1,40
92.40.135.201,1,44
159.52.182.48,3,120
220.124.49.237,1,32
47.124.188.201,1,32
83.41.146.58,1,32
162.36.82.99,1,32
106.103.193.37,1,76
125.202.94.73,1,32
72.85.78.249,1,32
201.195.153.37,1,32
116.138.3.179,1,64
36.164.9.202,1,60
116.133.48.6,1,60
5.52.88.88,1,32
203.20.79.122,1,32
52.252.14.83,1,76
73.143.214.110,1,32
151.203.201.186,1,32
108.73.130.76,5,331
219.240.192.37,1,60
197.204.42.228,1,52
77.127.100.13,1,32
183.188.61.108,5,982
192.252.94.97,1,731
116.159.160.173,1,32
74.230.31.52,1,32
118.84.163.241,1,32
123.27.4.219,1,44
212.176.198.136,1,32
111.222.121.193,1,32
23.94.228.245,14,8409
185.214.192.120,9,396
62.0.67.109,1,44
122.57.82.219,1,44
78.8.86.213,1,32
2.37.82.118,1,32
177.177.213.88,1,40
68.91.18.238,1,32
182.63.33.150,1,32
78.136.82.199,1,32
212.102.100.129,1,32
5.64.104.159,1,40
213.81.63.69,1,56
113.22.24.205,1,52
93.107.167.88,1,32
180.72.5.212,1,32
72.182.7.230,1,32
171.147.240.204,1,52
83.240.40.100,1,32
190.158.110.101,1,32
206.192.30.93,1,56
90.194.159.54,1,44
118.196.120.97,1,40
61.92.36.4,1,52
189.108.199.109,1,32
88.92.126.5,3,120
128.182.184.40,1,32
39.67.17.110,1,32
192.71.177.48,1,32
185.205.23.168,1,40
218.19.179.255,1,32
178.187.112.45,1,40
151.150.78.118,1,199
174.237.82.9,1,32
76.236.1.73,1,40
221.31.186.173,1,76
91.56.47.11,1,32
94.62.73.87,1,32
180.99.238.148,1,48
24.166.220.78,1,32
172.254.195.123,1,32
41.254.201.117,1,40
96.40.162.168,1,32
5.140.51.138,1,40
54.227.223.29,1,52
27.199.44.101,1,32
182.243.231.35,2,836
198.8.230.62,1,32
210.32.31.163,1,32
52.91.191.46,11,1226
97.25.206.152,1,32
52.232.184.135,1,32
1.221.227.57,2,96
96.210.12.73,1,48
222.168.103.142,1,32
210.178.136.110,1,32
213.11.214.150,1,32
154.131.242.28,1,44
104.121.188.51,1,32
186.6.119.178,1,56
110.240.159.255,1,32
111.93.159.236,1,44
217.11.96.60,1,32
170.209.184.214,1,40
116.250.8.106,1,32
54.181.33.55,1,2005
156.27.135.66,1,32
122.128.254.174,1,32
41.14.103.201,1,32
122.38.162.14,1,32
118.52.190.71,1,48
14.40.47.254,1,40
31.208.184.245,1,32
221.127.34.179,1,32
69.204.103.29,1,32
41.34.87.72,1,40
187.117.209.129,1,32
31.113.4.160,1,40
200.46.159.1,1,40
39.45.113.144,1,40
156.56.149.80,1,40
125.110.206.52,1,32
188.126.96.39,1,44
89.175.12.18,1,32
194.101.146.99,1,32
78.189.113.104,1,32
171.215.228.183,1,76
59.120.69.226,1,32
34.200.123.234,1,32
14.126.37.34,1,32
66.193.122.129,1,32
71.43.226.51,1,32
66.172.237.157,1,32
23.96.155.11,1,32
73.122.95.239,1,32
182.166.224.157,1,60
85.126.109.149,1,32
176.106.95.46,1,40
178.98.54.159,1,52
108.159.238.157,1,32
34.203.102.42,1,32
67.195.44.242,1,32
210.78.106.142,1,32
113.196.117.142,1,52
89.47.194.214,1,44
68.146.240.181,1,32
187.27.127.20,1,32
23.46.146.95,1,32
39.51.93.190,1,32
41.167.44.233,1,40
94.195.119.90,1,40
31.115.100.130,1,32
107.194.193.106,1,32
121.119.120.155,1,32
41.155.13.152,1,32
89.190.103.180,1,32
112.238.111.174,1,40
123.232.27.225,1,32
27.217.202.110,1,48
104.248.6.17,1,40
93.65.39.226,1,32
200.227.55.10,1,32
77.65.113.42,1,32
13.22.76.33,1,52
66.216.186.38,1,32
183.65.35.236,1,32
197.194.237.170,1,32
61.83.226.145,1,32
143.7.83.148,1,40
183.127.142.21,1,40
35.68.159.219,1,52
98.36.178.17,1,32
106.27.63.153,1,58
159.195.213.50,1,32
71.230.250.167,1,40
123.114.252.195,1,32
192.142.13.14,1,56
27.123.66.220,1,60
67.129.186.73,1,60
78.254.191.184,1,44
119.57.224.183,1,32
221.46.213.31,1,48
221.27.174.116,1,52
121.103.172.27,1,32
128.221.49.163,2,299
173.62.242.241,1,32
88.69.73.255,1,32
134.160.28.217,1,60
189.227.167.19,1,32
184.113.143.220,1,32
27.189.150.189,1,32
200.98.159.155,1,32
64.22.160.67,1,49
98.234.156.115,1,32
186.196.1.35,1,32
83.193.78.169,2,80
85.116.167.236,1,32
176.110.72.207,1,40
104.248.1.195,1,40
216.68.134.5,7,3036
98.236.65.64,1,32
66.179.0.186,1,32
104.134.91.235,1,32
222.73.13.207,1,76
185.184.131.206,1,32
180.34.99.116,1,32
119.214.6.111,1,32
200.153.216.47,1,32
95.63.206.221,1,32
202.114.150.253,1,48
91.141.116.242,1,32
88.87.254.47,1,32
90.113.158.164,1,40
77.85.141.254,2,88
117.45.145.113,1,32
189.132.31.140,1,32
66.75.164.220,1,32
72.115.254.130,1,32
18.178.191.122,4,715
201.22.175.246,1,40
81.117.95.64,1,32
182.50.98.229,1,48
119.216.224.4,1,32
209.166.82.195,1,32
115.91.38.20,1,52
115.197.222.161,1,32
79.211.91.74,1,32
217.237.63.117,1,32
218.128.12.128,1,52
167.139.227.176,1,60
116.240.5.68,1,32
66.135.63.46,1,32
78.222.103.227,1,60
36.235.252.218,1,60
34.197.77.45,1,32
18.240.181.57,1,32
188.219.248.35,1,32
37.70.218.62,1,32
171.153.216.170,1,32
52.85.76.234,1,52
182.243.230.28,1,716
52.67.56.168,1,32
203.136.255.156,1,44
61.26.22.124,1,32
220.40.249.152,1,40
122.237.63.110,1,48
176.36.59.42,1,372
54.208.187.235,1,76
168.31.77.58,1,60
5.1.204.103,1,52
93.97.145.189,1,32
79.6.95.66,1,32
181.189.34.185,1,32
113.31.132.70,1,60
37.141.93.197,1,32
89.136.88.169,1,32
82.182.159.30,1,32
212.98.54.247,1,40
79.181.201.26,1,44
180.137.96.5,5,260
46.110.82.201,1,32
91.20.94.175,1,52
177.62.13.131,1,32
117.4.7.61,1,32
117.36.222.251,1,48
5.98.246.2,1,32
37.24.215.48,1,32
14.30.226.92,1,32
90.75.104.185,1,44
47.43.165.254,1,32
61.109.122.254,1,48
218.118.41.250,1,32
190.170.229.228,1,40
52.15.231.103,1,76
217.117.32.31,1,32
27.246.31.137,1,32
54.136.71.234,1,52
46.150.185.183,1,32
23.94.230.90,3,1774
78.162.141.154,1,32
185.71.226.26,1,40
34.226.234.205,5,324
91.177.28.137,1,32
201.212.82.81,1,40
121.242.90.52,2,92
139.173.152.137,1,40
72.196.228.5,1,32
172.193.228.101,1,32
74.232.75.234,1,32
109.239.208.61,1,32
162.42.36.212,1,32
24.100.221.128,1,32
177.179.151.6,1,32
193.55.32.25,1,32
186.138.227.11,1,32
62.11.206.161,1,32
62.166.41.38,2,80
186.221.187.245,3,269
222.75.130.116,1,32
114.240.2.249,1,32
166.246.125.21,1,32
88.83.244.238,1,44
113.172.164.123,1,32
104.193.138.191,1,52
212.77.158.40,1,32
60.204.120.56,1,32
218.7.67.189,1,56
66.14.15.30,1,60
62.72.24.58,1,32
73.123.64.13,1,32
197.79.65.20,1,32
79.243.142.105,1,32
71.230.250.59,1,40
104.111.142.157,17,14560
17.193.185.200,1,83
83.91.125.246,1,32
121.243.86.207,1,52
52.15.157.180,3,3225
84.211.222.142,1,32
68.191.174.249,1,32
121.2.13.9,1,32
113.7.124.100,1,32
201.9.34.129,1,32
119.207.69.30,1,48
103.9.89.154,1,60
68.178.97.10,1,32
81.23.60.209,1,32
171.199.165.197,1,32
83.159.54.160,1,40
151.192.127.195,1,32
108.210.56.23,1,32
64.22.165.173,3,185
115.235.187.9,1,32
83.107.56.117,1,44
196.9.160.69,1,32
202.153.6.249,1,40
52.88.69.120,1,32
60.125.222.145,1,32
185.223.158.181,1,32
59.175.221.228,1,32
124.134.102.174,1,40
115.29.189.144,2,80
106.96.150.224,1,32
103.213.174.204,1,40
108.61.24.189,1,32
5.189.29.89,1,125
14.98.64.146,1,32
113.125.54.89,1,58
5.163.217.236,1,32
14.231.116.107,1,48
84.214.219.4,1,32
5.106.16.74,1,60
68.6.20.10,1,32
168.27.231.103,1,32
195.101.81.54,1,32
86.170.157.133,1,60
124.74.0.198,1,32
52.121.252.209,4,488
179.92.28.195,1,40
65.215.41.47,1,32
187.6.34.29,1,48
45.117.248.220,1,44
124.161.36.31,1,32
173.106.50.98,1,32
118.97.184.92,1,32
118.113.115.67,1,32
124.40.19.181,1,76
92.17.39.46,1,32
73.56.223.32,1,32
117.88.44.187,1,32
212.111.46.205,1,32
1.199.113.62,1,48
216.198.51.190,1,32
186.107.36.232,1,32
173.197.97.29,1,32
123.117.6.118,1,32
69.107.215.170,1,32
188.235.153.54,1,32
218.240.215.93,1,32
94.103.193.162,1,32
114.167.91.241,1,40
87.51.204.61,1,32
74.201.253.65,1,32
220.186.233.83,1,32
124.10.123.189,1,48
116.176.42.24,1,40
67.181.217.18,1,32
1.250.210.206,1,48
111.93.154.124,1,44
61.203.127.134,1,32
109.187.95.41,1,32
173.221.209.205,1857,2534755
47.146.212.164,1,32
162.100.49.157,1,32
138.59.103.75,1,32
198.101.4.136,1,32
79.216.8.65,1,32
180.85.135.112,1,32
113.177.225.212,1,44
202.114.158.132,1,48
35.9.59.117,1,40
103.9.89.153,1,56
213.180.167.3,1,32
113.158.140.24,1,40
177.12.107.11,1,32
217.24.255.75,1,32
207.104.217.20,1,52
120.114.226.250,1,32
79.141.173.186,1,32
205.58.79.65,1,285
74.52.75.66,1,32
104.109.231.73,1,52
68.221.212.5,1,32
89.187.245.59,1,40
192.229.155.225,1,731
171.214.251.113,1,48
31.194.95.134,1,32
175.60.98.61,1,40
71.230.250.188,1,40
41.37.31.211,1,40
84.66.158.117,1,32
108.143.178.151,1,32
180.133.206.209,1,76
162.56.232.136,1,32
103.243.255.46,1,40
67.187.82.125,1,32
175.169.248.76,1,32
216.68.133.234,2,104
103.50.71.18,1,40
58.54.251.174,1,48
189.102.206.45,1,32
207.119.218.246,1,32
84.73.92.186,1,32
108.133.184.27,1,32
115.87.152.52,1,32
197.242.254.97,1,32
68.34.86.110,1,32
195.255.166.189,1,32
91.74.33.62,1,32
175.129.95.61,1,32
80.167.42.208,1,32
59.51.15.173,1,32
222.218.147.82,1,40
71.179.25.180,1,32
185.148.69.122,1,60
81.19.192.182,1,32
87.181.56.56,1,60
113.13.254.54,1,32
103.18.239.183,2,80
124.238.45.105,1,76
24.234.8.88,1,32
172.65.96.93,1,32
83.154.109.237,1,32
79.12.81.229,1,32
95.173.59.130,1,32
71.3.82.91,1,32
85.94.130.145,1,32
170.10.88.235,1,40
188.129.163.44,1,32
93.44.192.3,1,32
204.139.178.125,1,282
50.53.159.14,1,32
216.149.30.208,1,32
114.241.42.156,1,40
109.191.156.72,1,32
179.204.240.139,1,32
114.41.65.35,1,60
47.101.2.70,2,168
194.51.63.208,1,40
92.20.33.152,1,32
67.53.127.86,1,32
59.71.8.103,1,52
131.231.240.187,2,112
87.207.25.226,1,32
175.165.13.190,1,32
220.56.133.67,1,32
213.103.10.116,3,231
222.238.167.70,1,32
222.141.89.48,1,32
182.205.10.116,1,32
2.137.29.106,1,32
122.230.225.206,1,32
220.237.159.62,1,32
111.193.47.2,1,32
1.221.194.22,1,32
54.248.140.140,5,465
50.130.144.238,1,60
70.53.205.54,1,32
185.196.188.6,1,40
124.71.186.244,1,32
116.6.89.73,1,40
122.111.195.155,1,76
68.37.35.31,1,32
74.193.63.173,1,85
81.25.210.52,1,32
188.9.82.46,1,76
197.65.109.140,1,32
173.252.229.3,1,32
110.70.165.142,1,52
180.98.110.71,1,60
107.129.1.44,1,32
124.226.243.49,1,32
23.94.230.247,1,52
71.230.251.248,1,40
1.201.46.136,1,48
173.195.32.3,1,32
125.175.94.224,1,32
119.141.38.5,1,40
194.51.88.59,1,32
40.137.56.145,1,32
181.45.215.123,3,132
87.164.188.193,1,32
46.110.82.68,1,60
115.65.97.187,1,44
71.230.250.203,1,40
87.228.200.205,1,40
162.8.33.57,6,5906
187.196.131.124,1,32
67.139.37.149,1,32
73.127.248.52,1,32
112.255.93.0,1,60
178.237.196.196,1,32
171.163.255.118,1,32
121.214.169.167,1,76
195.202.167.215,1,32
106.48.31.160,1,76
50.186.143.32,1,32
99.118.72.75,1,60
142.161.89.156,1,32
122.56.249.39,1,44
179.90.110.27,1,32
120.133.136.45,2,80
79.63.242.197,1,32
79.134.102.172,1,32
52.84.102.103,1,32
156.56.10.252,1,40
178.121.52.93,1,40
211.168.3.86,1,60
113.196.255.12,1,52
89.18.56.193,1,32
219.49.54.166,1,32
79.130.88.115,1,32
216.6.176.56,1,32
130.75.217.135,1,32
60.133.239.98,1,52
116.3.48.155,1,48
77.141.81.227,1,32
192.227.98.130,2,104
93.183.120.204,1,48
80.22.244.104,1,32
74.100.188.244,1,32
173.67.231.48,1,32
31.163.169.24,1,40
71.230.250.147,1,40
61.80.217.51,1,52
41.172.162.203,1,40
201.12.149.102,1,32
74.193.223.137,193,278913
84.179.3.231,1,44
73.216.203.65,1,32
12.37.87.181,1,32
175.96.210.181,1,32
177.221.15.79,1,40
221.4.47.4,1,52
190.31.202.18,1,44
91.19.23.81,3,180
62.7.217.53,1,32
171.62.150.165,1,48
123.62.35.61,5,232
50.48.160.145,1,32
185.209.210.192,1,32
70.46.72.210,1,32
183.249.152.169,1,76
94.1.236.34,1,32
92.13.88.91,1,32
179.243.148.48,1,32
182.132.231.209,1,52
184.116.145.215,1,52
159.252.229.176,1,158
13.207.54.55,2,1100
94.109.206.107,1,32
24.228.241.110,1,32
125.215.51.43,1,40
191.188.239.101,1,32
217.119.95.127,1,40
154.207.22.55,1,52
32.214.88.170,1,32
41.81.120.235,1,32
58.204.106.197,1,132
91.219.32.99,1,32
95.137.14.99,1,32
38.152.159.190,1,60
88.159.157.151,1,32
175.203.114.253,1,32
166.170.61.69,1,60
95.124.103.2,1,32
119.207.176.74,1,32
186.176.179.37,1,44
218.7.67.177,2,112
73.189.166.126,1,32
23.214.202.74,1,40
222.172.208.86,1,48
125.210.94.25,1,32
143.7.81.133,1,40
201.71.28.229,1,32
177.61.207.78,1,32
201.170.94.127,1,32
92.218.166.72,1,32
108.73.145.168,13,4122
201.199.112.56,1,32
189.155.32.205,1,96
24.4.110.230,1,32
141.120.47.5,1,60
109.202.142.57,1,40
123.107.206.83,1,60
104.228.137.0,1,32
76.58.243.177,1,32
200.171.230.116,1,32
124.228.178.193,1,60
119.167.36.107,1,32
82.73.130.186,1,32
204.9.140.57,1,32
82.21.223.25,1,32
162.14.216.117,1,32
35.81.95.127,2,135
174.193.228.75,1,32
187.184.134.228,1,32
14.179.0.124,1,52
93.158.82.184,1,32
60.253.193.214,1,32
181.55.157.161,1,40
73.229.224.226,1,32
76.129.160.229,1,32
177.234.94.160,1,32
221.7.84.104,1,76
174.175.114.161,1,32
201.103.79.66,1,32
99.109.155.201,1,32
159.153.172.26,3,120
156.57.94.125,1,40
197.48.208.72,1,40
177.127.63.107,1,32
116.176.46.241,1,40
172.68.216.129,1,32
128.41.112.43,1,32
189.50.130.106,1,40
69.79.128.230,1,32
125.241.70.65,1,48
46.191.153.204,1,40
46.120.58.123,1,44
204.183.125.154,1,32
171.165.9.252,1,32
115.102.25.234,1,32
79.55.1.242,1,32
128.114.248.141,1,32
114.55.122.173,1,32
114.63.8.223,1,32
79.168.137.40,1,40
168.250.144.191,1,32
62.226.117.69,1,56
104.192.160.31,1,32
186.154.177.6,1,32
193.219.182.167,1,32
125.250.224.150,1,48
194.144.248.37,1,32
70.44.82.49,1,32
188.212.217.131,1,32
109.59.33.232,1,32
71.193.82.174,1,32
87.79.185.144,1,32
207.178.78.111,1,32
88.66.109.114,2,88
192.207.134.161,1,731
71.230.250.31,2,80
182.128.10.233,1,32
114.246.239.217,1,32
104.122.91.228,1,32
84.44.223.152,1,32
14.215.150.243,1,191
62.226.158.57,1,32
58.20.172.95,1,40
188.199.169.64,1,44
177.206.2.193,1,32
188.28.59.188,1,40
180.188.189.2,1,40
90.79.228.157,1,32
186.101.9.55,1,32
52.243.45.145,1,32
80.232.50.173,1,32
74.198.197.252,1,32
47.83.31.185,1,40
210.152.188.75,1,160
119.57.121.74,1,32
218.196.184.164,1,32
104.224.133.206,1,32
188.124.134.87,1,32
218.7.83.140,2,80
78.199.193.94,1,32
112.239.242.147,1,76
54.94.156.204,1,32
23.214.230.115,1,32
65.175.23.203,1,32
128.39.249.48,1,52
171.57.207.195,2,100
124.154.253.126,1,52
5.200.107.128,1,44
38.181.188.233,1,32
69.39.251.3,2,104
166.211.171.179,1,32
5.65.213.137,4,3430
156.56.20.229,1,40
149.184.130.119,2,80
108.92.207.141,1,60
54.48.17.253,1,76
160.161.251.192,1,32
148.245.8.51,1,32
84.35.81.39,1,32
210.182.169.150,1,32
122.166.152.167,1,32
146.156.157.185,1,32
182.221.164.146,1,40
181.54.153.233,1,52
197.132.102.186,1,32
2.249.246.171,1,32
66.63.26.177,1,40
118.61.157.35,1,32
47.82.213.202,1,40
88.247.61.15,1,32
93.144.253.49,1,44
140.244.164.2,1,132
80.77.111.126,1,32
179.80.2.238,1,56
14.129.146.170,1,60
94.80.253.43,1,32
125.215.23.82,1,48
88.235.157.50,1,32
77.43.17.41,1,48
125.201.66.46,1,32
122.254.141.137,1,32
191.153.216.87,1,32
5.189.49.192,1,32
74.164.132.211,1,32
60.54.128.83,1,32
108.73.130.252,1,52
179.82.224.34,1,40
179.17.44.75,1,32
166.156.204.56,1,32
52.249.131.219,1,76
156.56.98.203,1,40
120.149.215.57,1,76
119.27.217.180,1,32
125.203.3.210,1,32
96.2.45.189,4,495
180.145.138.170,1,40
45.34.8.189,1,32
14.222.48.106,1,48
52.127.179.248,1,32
185.72.26.108,1,40
196.32.255.230,1,60
23.82.35.202,2,136
88.55.24.110,1,32
82.56.122.106,1,40
32.208.254.178,1,32
1.62.146.117,1,52
76.66.68.177,1,32
86.223.206.228,1,32
12.115.121.193,1,32
211.178.93.46,1,60
139.173.143.250,1,40
185.172.70.96,1,32
204.219.233.15,1,32
155.151.25.101,1,32
69.35.122.92,1,32
91.106.222.175,1,60
69.39.251.97,1,52
111.244.86.139,2,100
156.55.118.36,1,40
66.146.129.22,1,32
169.23.167.127,1,32
217.120.184.255,1,32
71.230.250.191,1,40
186.28.133.50,1,32
201.209.65.121,1,32
59.67.51.72,1,40
111.170.197.125,1,32
96.110.8.165,1,32
187.145.16.105,1,60
181.226.36.182,1,32
208.110.219.91,1,40
211.168.69.206,1,60
76.215.250.41,1,32
72.240.245.124,1,32
14.22.73.224,1,32
192.240.84.239,1,70
23.7.225.139,1,32
36.30.76.199,1,32
178.232.199.125,1,32
81.142.74.17,1,32
111.223.243.237,1,32
70.169.230.64,1,32
125.255.229.139,1,52
13.5.117.144,1,267
122.141.198.169,1,40
98.94.116.164,1,32
220.252.44.253,1,32
23.83.227.117,5,470
46.109.224.157,1,44
35.91.154.39,1,32
114.4.149.200,1,52
78.56.199.106,1,32
2.79.99.237,1,40
110.103.59.146,1,76
194.18.218.8,1,32
92.82.120.167,1,40
23.66.54.64,2,238
186.99.205.61,1,32
80.249.247.176,1,60
58.198.185.95,1,52
218.130.253.71,1,32
54.227.216.86,2,173
27.234.117.196,1,52
113.70.229.83,1,52
156.59.70.96,1,40
121.214.45.51,1,32
46.55.126.199,1,32
46.42.155.233,1,54
5.196.196.207,1,32
88.11.63.71,1,40
74.193.187.98,2,104
95.170.251.221,1,32
211.203.126.84,1,40
181.94.35.148,1,32
195.205.222.147,1,32
73.26.157.166,1,32
185.127.193.207,1,32
119.2.153.200,1,32
178.47.80.104,2,88
113.158.143.26,2,80
101.49.154.92,1,32
87.32.59.241,1,32
109.41.173.111,1,44
110.220.204.202,1,40
173.161.244.203,1,32
83.95.183.188,1,52
82.164.103.125,1,32
116.53.150.5,1,32
190.194.36.66,1,32
201.137.127.72,1,32
177.137.50.193,1,40
45.123.50.122,1,40
191.215.8.107,1,32
172.249.28.77,9,5176
138.103.118.89,1,40
112.42.112.73,1,32
92.92.1.197,1,48
68.211.29.45,1,32
66.210.197.217,1,32
111.163.120.102,1,76
209.197.8.101,1,52
61.95.99.101,1,32
187.175.250.7,2,100
72.185.124.137,1,32
113.42.247.204,1,60
221.162.122.68,1,32
98.229.141.42,1,32
190.197.149.190,1,32
41.242.82.185,1,52
151.17.64.251,1,32
67.200.29.1,1,32
75.164.240.162,1,32
60.56.250.159,1,32
178.181.83.137,1,52
59.62.253.124,1,32
84.220.46.38,1,32
95.203.227.230,1,32
173.209.199.94,1,96
86.220.63.216,1,40
101.62.59.167,1,32
42.60.246.144,1,32
221.11.233.144,1,32
71.230.250.105,1,40
221.3.116.56,1,76
185.152.59.213,1,32
119.51.52.206,2,142
42.60.246.7,1,60
125.14.183.81,1,40
115.64.249.114,1,44
46.152.132.145,1,40
79.39.22.60,1,44
106.62.202.166,1,76
108.191.193.170,1,32
94.69.95.11,1,52
85.234.184.251,1,32
1.194.166.31,1,76
154.164.183.18,2,80
104.248.178.161,1,40
77.59.57.182,1,32
216.68.133.206,14,10196
49.144.59.94,1,52
210.102.89.139,1,32
58.200.6.163,1,32
221.107.127.205,1,32
118.84.139.106,1,52
107.5.17.51,1,32
60.93.149.193,1,52
72.160.23.169,1,32
179.161.38.76,1,32
64.183.146.69,1,32
111.162.74.66,1,76
14.101.130.162,1,32
74.141.252.141,1,32
195.53.164.6,1,32
177.126.48.169,1,60
207.192.166.227,1,32
62.115.179.8,1,56
190.141.253.245,1,32
68.219.232.187,1,32
52.15.222.87,7,2592
99.218.33.189,1,32
72.236.86.175,1,32
61.97.197.26,2,256
66.48.6.130,1,32
108.92.9.69,1,60
69.114.146.194,1,40
145.147.102.141,1,32
160.161.91.100,1,32
37.186.43.170,1,60
117.244.238.159,1,32
66.243.191.61,1,40
82.84.89.35,1,32
82.27.49.171,1,32
52.249.90.108,1,32
143.253.206.249,1,60
46.126.57.81,1,32
175.212.84.64,1,32
79.116.205.58,1,32
122.178.225.132,1,32
13.207.251.139,1,32
187.168.96.237,1,32
71.64.50.220,1,32
79.64.226.164,1,32
176.54.240.6,1,60
41.33.33.175,1,40
200.45.159.150,1,32
190.195.130.21,1,32
212.237.97.176,1,32
176.96.183.128,1,32
18.178.1.47,1,204
61.238.199.247,1,32
201.109.251.229,1,40
122.150.156.131,1,32
73.120.143.42,1,32
68.74.17.226,3,164
220.102.35.67,1,76
89.80.51.158,1,52
71.230.250.89,1,40
49.19.43.193,1,40
176.220.25.213,1,32
122.37.221.141,1,32
80.245.104.120,1,32
78.49.45.136,1,32
194.147.34.130,1,40
151.150.77.114,2,104
95.121.224.251,1,32
38.186.226.189,3,374
151.95.61.204,1,32
35.68.190.180,2,112
73.182.109.90,1,32
77.124.224.121,1,32
73.113.10.242,1,32
167.77.77.134,1,76
195.4.28.98,1,168
222.155.128.86,1,44
181.175.25.171,1,32
188.210.32.249,1,32
139.173.155.216,1,40
139.122.247.110,1,32
106.70.79.175,1,48
138.32.19.65,1,60
223.66.72.49,1,32
24.182.73.42,1,32
41.239.4.222,1,32
187.180.14.155,1,32
71.230.250.19,1,40
1.85.3.18,1,52
52.252.105.193,1,76
219.7.198.38,1,32
119.97.254.232,1,32
88.198.40.216,1,32
79.194.56.66,1,32
151.44.236.252,1,44
200.77.18.11,1,40
90.6.227.136,1,32
221.108.118.29,1,32
185.72.218.212,1,40
134.252.215.66,1,44
191.30.27.131,1,60
123.50.139.97,1,48
192.222.7.49,1,32
124.36.46.97,1,60
77.82.193.160,1,52
159.52.36.12,5,200
113.28.138.170,1,64
203.13.208.51,4,1776
125.75.140.185,1,32
189.229.230.19,1,32
2.197.173.85,1,32
80.163.3.98,1,32
117.44.43.239,1,32
108.73.145.19,5,260
190.12.167.182,1,32
27.125.13.125,1,32
151.22.70.85,1,32
219.88.158.161,1,32
124.236.174.203,1,76
103.58.196.218,1,60
59.124.133.146,1,32
125.70.242.100,1,32
220.42.102.70,1,32
176.37.226.21,1,32
179.83.12.165,1,32
201.195.196.137,1,40
37.17.162.210,1,40
182.132.130.232,1,32
36.199.22.8,1,52
190.120.192.168,1,32
88.121.31.135,1,44
41.167.29.198,1,40
181.61.94.153,1,32
69.133.247.170,1,32
218.52.88.30,1,40
69.98.194.197,1,32
31.153.73.156,1,32
96.41.243.65,1,32
1.94.216.188,1,52
200.21.185.227,1,32
70.63.141.40,1,32
47.80.207.68,1,32
179.72.107.68,1,32
173.212.105.17,1,32
77.81.18.105,1,32
135.144.98.103,1,32
120.155.38.167,1,32
137.126.242.121,1,32
35.79.230.109,1,32
31.163.132.156,1,40
178.58.228.92,1,32
151.150.185.125,1,52
46.125.83.181,1,60
77.85.146.44,1,44
223.140.96.36,1,32
46.212.10.69,1,32
83.108.64.157,1,32
197.61.122.191,1,40
155.129.245.67,1,32
119.191.71.129,1,52
213.48.90.86,1,48
182.47.39.72,1,32
74.193.223.139,389,530225
47.192.174.131,1,32
23.121.9.140,1,32
77.85.175.149,1,44
71.163.251.65,1,32
37.126.50.236,1,32
79.158.207.57,1,32
129.241.146.44,1,60
185.99.104.96,1,32
105.148.103.195,1,32
179.44.38.21,1,32
123.29.82.114,1,40
36.172.46.97,1,76
24.187.120.22,1,32
24.118.243.125,1,32
23.125.0.209,1,32
107.184.91.96,1,32
120.134.124.141,1,32
125.198.253.36,1,32
78.188.7.255,1,32
100.219.137.235,1,32
216.222.140.150,1,32
186.37.56.92,1,32
187.39.89.28,1,32
178.214.24.167,1,32
212.29.31.20,1,32
60.32.210.215,1,32
111.175.221.4,1,40
98.178.76.76,1,32
103.204.93.109,1,40
45.46.6.20,1,32
103.82.13.238,1,32
104.75.138.249,1,52
78.69.213.160,1,32
113.59.174.140,1,48
85.225.209.177,1,32
178.217.190.189,1,32
79.168.169.125,1,40
126.109.165.62,1,32
173.175.241.206,1,40
190.135.217.34,1,32
172.72.174.152,1,32
177.150.22.247,1,40
14.84.6.201,1,60
58.217.21.9,1,52
81.217.189.223,1,32
193.165.252.157,1,60
64.249.115.69,1,32
176.194.103.224,1,32
52.51.123.165,2,464
182.117.33.66,1,52
114.19.191.67,1,40
71.230.250.49,1,40
82.171.145.124,1,32
190.126.36.114,1,32
18.240.90.233,1,32
72.189.75.4,1,32
104.36.195.138,1,32
149.131.243.150,1,32
171.48.27.46,1,48
182.199.118.182,1,32
151.182.254.235,1,44
81.212.180.194,1,32
119.194.143.145,1,32
193.181.162.66,1,40
1.54.39.51,1,76
49.195.247.31,1,52
27.237.233.18,1,32
114.172.169.193,1,32
223.50.78.41,1,40
155.186.95.135,1,32
93.14.230.104,1,32
109.124.188.74,1,32
195.59.206.181,1,32
195.118.192.182,1,32
63.218.66.42,1,40
66.14.193.76,1,32
91.164.224.196,1,32
84.110.139.107,1,32
179.44.117.51,1,40
36.31.164.224,1,52
72.220.133.105,1,32
31.86.63.230,1,32
184.68.121.161,1,32
189.201.141.198,1,32
36.247.98.44,1,76
24.40.61.154,1,32
60.22.55.181,1,52
165.224.76.132,1,32
117.50.42.59,1,52
113.112.94.162,1,52
38.112.56.74,1,96
72.102.140.82,1,32
217.17.165.165,1,32
27.24.71.226,1,52
124.236.154.196,1,76
189.74.246.61,1,32
86.74.39.196,1,44
89.215.196.18,1,32
111.175.2.45,1,32
169.46.2.38,1,32
195.173.228.107,1,32
188.139.57.193,1,40
190.40.241.34,1,32
171.156.158.162,2,100
186.204.238.165,1,32
178.179.96.65,1,32
24.218.161.21,1,32
37.17.197.233,1,40
126.210.210.248,1,32
5.114.229.183,1,32
108.56.250.7,1,32
216.32.138.48,1,32
27.187.6.225,1,52
192.13.247.140,1,32
27.68.194.200,1,60
110.58.71.255,1,60
23.117.242.106,1,32
81.241.169.53,1,32
88.121.147.138,1,32
92.73.123.176,1,32
221.7.62.21,1,60
37.17.223.10,1,40
122.58.58.199,1,44
60.29.153.79,1,76
47.41.12.12,1,32
23.9.144.150,1,32
37.146.193.170,1,32
63.128.32.107,1,32
201.202.74.104,1,32
14.215.150.229,2,369
88.245.202.101,1,40
94.242.90.134,1,32
73.255.240.204,1,32
52.248.231.169,1,163
194.132.177.189,1,60
219.105.172.241,2,256
52.255.91.115,1,76
178.28.148.75,1,40
173.172.248.209,1,32
171.236.193.46,1,52
95.41.217.62,1,32
186.181.157.200,1,32
97.27.186.168,1,32
119.71.136.0,1,60
61.12.99.140,1,32
222.169.199.178,1,32
171.204.211.204,1,52
82.222.210.176,5,200
125.172.149.230,1,48
117.82.214.18,1,60
112.239.136.137,1,60
179.56.252.193,1,40
178.53.173.130,1,32
118.167.71.218,1,32
112.11.118.156,1,48
5.42.238.77,1,44
189.31.32.146,1,32
98.20.12.14,1,32
107.170.251.201,1,40
87.45.81.59,1,32
103.217.7.28,1,32
78.28.208.131,1,60
140.144.215.245,1,40
180.35.147.208,1,32
218.108.132.209,1,44
121.89.45.183,1,32
103.112.165.58,1,32
117.195.252.52,1,32
190.0.145.169,1,32
197.39.22.143,1,40
195.214.239.68,1,32
23.247.163.184,1,32
74.193.23.80,1,92
58.51.131.11,1,32
198.120.134.147,1,32
69.128.128.186,1,32
38.245.196.194,1,32
130.53.225.47,1,40
93.191.190.235,1,32
39.13.170.11,1,52
2.72.132.50,1,52
75.117.197.36,1,32
221.28.139.129,1,60
38.132.3.5,1,96
173.63.155.101,1,32
91.212.91.224,1,60
35.90.3.152,1,32
177.41.18.2,1,32
14.157.162.192,1,48
108.80.252.140,1,32
95.169.39.241,1,32
176.120.25.226,1,40
74.240.7.71,1,32
94.204.195.133,1,32
82.11.151.2,1,32
94.181.184.153,1,40
88.219.242.236,1,32
77.148.54.247,1,32
146.51.150.14,1,32
49.212.6.46,1,32
123.54.252.2,1,60
121.137.230.12,1,32
109.122.88.143,1,32
1.90.203.199,1,52
64.88.215.24,1,32
188.49.195.4,1,32
111.83.197.0,1,32
178.60.103.12,1,32
101.113.33.61,1,32
116.219.147.74,1,40
37.17.31.78,1,40
109.206.45.200,1,32
46.244.235.193,1,56
39.66.15.54,1,52
144.198.15.246,1,32
13.31.241.85,1,52
81.95.7.56,1,32
189.248.114.24,1,44
24.227.242.167,1,32
82.82.92.253,1,32
177.202.72.129,1,60
119.163.90.44,1,32
63.79.98.193,1,32
88.83.0.193,1,32
192.152.111.165,1,60
50.142.130.212,1,40
119.203.178.251,1,32
193.70.142.166,1,32
84.22.219.15,1,32
5.70.242.163,1,32
64.244.66.246,1,32
18.182.181.118,1,32
185.39.95.105,1,32
115.196.252.192,1,32
185.99.104.184,1,60
65.203.68.135,1,32
94.30.216.72,1,32
154.164.37.55,1,40
217.94.50.22,1,32
172.249.25.137,7,4056
120.201.214.87,1,32
39.0.104.125,1,32
114.102.125.187,1,32
134.214.106.33,1,40
96.83.216.42,1,32
172.213.184.73,1,32
149.175.207.142,1,32
177.139.44.153,1,60
73.69.36.197,1,32
115.133.76.3,1,32
70.80.7.74,1,32
34.252.137.9,1,32
52.231.174.104,2,87
2.76.57.152,1,32
184.67.13.112,1,32
47.86.121.156,1,32
134.209.39.182,1,32
47.23.93.229,1,32
85.15.154.142,1,60
39.41.118.178,1,32
69.242.223.55,1,32
208.67.165.137,1,32
220.173.31.178,1,60
115.130.215.132,1,32
37.76.157.94,1,32
60.158.41.31,1,48
64.196.13.60,1,32
179.117.151.17,1,32
91.163.106.120,1,32
126.41.227.156,10,520
115.48.35.104,1,32
66.123.195.131,1,32
125.237.141.87,1,40
76.255.165.235,1,32
34.237.12.200,1,52
80.135.58.30,1,32
72.110.88.60,1,32
5.189.44.109,1,125
5.64.104.147,1,40
190.159.36.127,1,32
111.213.133.112,1,32
74.215.54.91,1,44
98.59.162.238,1,32
77.210.220.141,1,32
85.95.91.186,1,32
112.36.221.65,1,32
111.252.245.191,1,52
123.190.194.189,1,32
72.98.123.252,1,32
59.77.229.66,1,76
92.69.168.223,1,32
42.59.110.193,1,40
46.234.223.65,3,445
80.156.74.172,1,44
112.217.51.97,1,32
104.208.102.212,1,32
59.120.249.9,1,52
98.31.13.148,1,32
60.110.192.246,1,32
80.147.226.247,1,32
84.72.125.114,1,56
46.82.179.94,1,44
36.161.12.255,1,32
208.123.79.45,1,511
46.189.30.123,1,32
58.232.39.245,1,32
211.36.220.206,1,60
88.55.227.227,1,40
190.8.197.212,1,44
193.23.0.35,1,32
186.159.122.24,1,32
185.118.210.244,1,32
78.255.251.160,1,40
219.124.61.82,1,48
117.113.237.46,1,40
118.104.214.96,1,32
102.176.230.213,1,32
185.219.218.133,2,88
98.16.247.124,1,32
140.229.178.110,1,76
162.150.62.121,1,32
116.147.223.155,1,32
41.166.102.75,1,44
71.57.248.234,1,32
191.214.31.187,1,40
111.161.235.254,1,52
95.170.107.197,1,32
2.10.127.154,1,32
168.68.3.21,1,56
73.242.253.154,1,32
177.71.127.245,1,32
13.29.230.212,1,32
47.87.57.141,1,40
73.249.118.236,1,32
193.250.66.101,1,56
182.85.10.207,1,32
183.134.120.244,1,32
78.177.173.230,1,32
126.53.67.83,16,1080
58.208.248.150,1,60
83.94.135.244,1,32
85.172.124.130,1,32
62.109.27.137,1,32
81.172.25.81,1,32
177.152.60.69,1,32
86.163.11.238,1,32
201.197.225.39,1,32
217.225.181.166,1,32
139.173.99.128,1,118
192.86.232.25,1,32
86.150.164.86,1,32
197.227.55.150,1,32
82.13.95.26,1,32
136.102.155.38,1,32
138.4.135.14,1,32
89.88.35.222,1,32
188.11.195.239,1,40
210.3.57.217,1,32
207.111.183.197,1,40
104.27.63.191,1,40
87.54.87.215,1,32
89.88.40.173,1,56
81.88.71.98,1,32
88.86.124.97,1,32
174.226.194.82,1,32
88.175.178.145,1,32
124.174.131.53,1,40
112.238.155.110,1,32
216.142.204.98,1,32
50.240.174.64,2,96
196.200.42.252,1,32
150.35.128.16,1,32
96.208.135.127,1,32
81.247.75.188,1,32
190.190.244.198,1,32
139.173.136.244,1,40
195.218.104.98,1,44
87.84.88.242,1,32
109.19.66.250,1,40
50.250.67.59,1,32
24.91.222.229,1,32
31.185.104.46,1,32
176.209.205.129,1,52
23.201.232.20,1,32
95.128.154.30,1,32
160.169.15.148,1,32
71.169.8.3,1,32
115.193.118.101,1,32
206.144.70.113,1,32
104.174.124.85,1,32
79.234.220.172,1,32
159.137.88.40,2,80
13.163.38.246,1,32
188.33.198.197,1,60
179.91.87.137,1,60
77.71.4.134,1,32
93.66.237.176,1,32
60.152.45.69,1,32
209.160.243.166,1,32
106.249.45.10,1,32
61.131.122.201,1,32
23.61.60.228,1,32
60.146.95.54,1,32
89.174.242.182,1,32
1.141.0.88,1,76
99.104.72.137,1,32
200.83.232.156,1,32
94.195.43.197,1,32
195.49.193.229,1,32
216.128.125.121,1,32
218.108.189.100,1,60
113.199.252.23,1,32
125.161.106.102,1,235
109.217.165.58,1,32
221.26.176.188,1,60
123.48.195.179,1,32
216.21.196.96,1,32
85.88.139.95,1,32
114.171.160.239,1,32
106.249.45.246,1,60
59.32.181.47,1,32
49.98.72.48,1,32
12.99.143.72,1,40
34.9.79.251,19,23765
93.74.24.174,1,32
81.139.250.74,1,32
81.56.252.160,1,32
92.255.130.40,1,32
185.72.128.162,1,32
185.46.145.162,1,32
216.170.154.150,1,32
84.85.56.176,1,32
54.33.87.117,1,76
201.213.49.10,1,40
211.229.88.5,1,60
217.4.24.74,1,32
2.241.96.227,1,32
82.37.255.137,1,32
181.128.113.255,1,32
182.63.11.130,1,40
79.155.251.23,1,40
115.63.3.206,1,32
218.144.201.35,1,52
71.230.250.6,1,40
98.41.219.60,1,32
195.99.180.224,1,60
213.78.213.223,1,32
118.134.98.234,1,102
164.48.28.83,2,136
14.47.200.121,1,32
93.252.75.35,1,32
110.237.12.18,1,32
81.211.5.230,1,32
80.94.155.202,1,32
182.139.151.75,1,44
79.168.120.0,1,40
119.155.228.198,1,32
203.166.184.152,1,1411
223.34.4.212,1,76
98.39.117.62,1,32
73.103.224.222,1,32
72.25.24.226,1,32
34.198.98.131,3,278
98.84.143.118,1,32
189.111.56.69,1,32
93.93.193.9,2,88
99.219.64.198,1,32
54.54.188.244,1,32
185.225.81.70,1,32
94.52.221.204,1,40
109.113.81.21,1,32
162.17.141.235,1,32
172.31.130.22,1,32
46.86.128.29,1,32
121.173.56.223,1,32
173.192.255.83,1,32
68.43.20.5,1,60
27.242.162.61,1,40
200.168.221.137,1,40
113.189.115.107,1,48
182.188.67.48,1,32
189.173.227.176,1,32
111.202.125.29,1,40
177.138.150.8,1,40
27.214.112.243,1,60
219.97.138.253,1,32
162.194.50.118,1,52
14.43.67.1,1,32
211.168.66.155,1,32
1.149.189.177,1,32
190.187.124.21,1,40
176.63.7.154,1,32
108.34.195.75,1,32
222.79.121.82,1,32
88.27.255.205,1,32
101.52.201.91,1,32
201.52.128.235,1,60
149.44.104.124,1,32
71.50.250.28,1,32
118.231.215.192,1,32
92.246.12.134,1,32
113.149.81.253,1,40
118.29.177.166,1,32
88.95.110.6,1,32
14.37.197.10,1,32
172.249.28.99,2,104
82.97.157.55,1,32
141.42.30.36,1,32
177.164.28.220,1,32
216.122.207.199,1,32
58.18.30.1,1,32
89.251.171.249,1,40
60.148.39.249,1,32
172.249.162.194,1,52
61.126.145.240,1,32
5.237.207.144,1,40
2.70.25.55,1,32
37.93.75.121,1,40
190.75.190.29,1,32
82.190.24.131,1,32
88.11.63.85,2,80
81.100.110.76,1,56
192.33.42.167,2,706
184.178.8.8,1,32
201.146.10.183,1,32
69.100.134.219,1,32
171.61.12.44,1,40
65.178.158.37,1,60
52.227.116.77,1,52
172.249.162.193,1,52
83.164.176.38,1,52
140.252.89.105,1,32
208.53.111.31,1,81
84.134.25.89,1,32
193.100.243.117,1,60
190.82.230.178,1,32
128.96.117.19,1,32
131.34.199.195,1,44
85.63.112.80,1,32
114.43.165.162,1,132
5.93.216.37,1,232
190.241.57.123,1,32
52.227.116.48,1,52
73.8.252.217,1,32
14.223.202.124,1,52
172.249.28.75,1,52
181.60.12.71,1,32
59.10.141.125,1,32
216.68.133.226,1,52
52.227.116.1,1,52
83.7.156.32,1,32
77.173.18.168,1,32
86.203.20.196,1,32
219.57.118.113,1,32
24.75.157.250,1,32
69.11.199.116,1,32
195.162.127.3,1,32
52.227.116.64,1,52
52.227.116.179,1,52
222.187.153.242,1,48
173.96.58.124,1,32
84.86.68.86,1,32
200.188.167.111,1,60
2.74.195.187,1,32
79.191.163.137,1,32
113.50.179.53,1,48
119.199.63.185,1,32
95.93.49.18,1,32
192.148.89.149,1,32
200.94.221.140,1,48
113.160.205.191,1,52
27.41.248.189,1,32
79.50.109.174,1,32
79.23.132.20,1,44
213.167.254.171,1,60
92.39.250.84,2,64
180.145.82.25,1,84
1.10.120.132,1,32
213.14.110.238,1,40
54.49.112.173,1,52
123.17.102.118,1,32
64.141.52.120,1,60
38.152.121.214,1,32
118.71.43.162,1,60
124.228.231.122,1,48
88.11.63.77,1,40
182.137.91.37,1,32
79.31.122.85,1,44
85.64.26.71,1,40
107.1.150.123,1,32
89.93.108.213,1,96
41.164.241.122,1,40
111.163.103.53,1,76
182.178.138.0,1,32
27.170.4.93,1,32
54.208.220.59,1,40
124.214.77.134,1,40
5.144.139.113,1,40
111.240.161.68,1,32
63.247.0.188,1,32
102.80.8.181,1,32
27.44.64.86,1,32
187.215.228.34,1,32
103.106.13.46,1,44
202.13.64.160,1,32
59.18.192.84,1,32
124.153.2.99,1,32
31.113.147.112,4,322
193.143.23.183,2,219
24.49.173.226,1,44
196.180.49.18,1,45
101.57.34.35,1,32
189.222.131.40,1,32
74.253.242.194,1,32
93.161.113.252,1,32
85.81.81.88,1,32
84.124.223.174,1,32
96.36.117.142,1,32
171.189.88.52,1,32
84.95.18.4,1,32
184.106.216.245,1,32
39.41.122.203,1,40
77.24.128.66,1,32
186.116.154.34,1,32
198.178.199.93,1,32
222.81.0.240,1,76
194.69.177.155,1,32
31.159.5.253,1,32
210.240.192.85,2,80
182.97.185.20,1,32
106.110.227.231,1,40
81.166.210.91,1,32
222.80.235.163,1,40
87.47.74.65,1,40
91.245.35.191,1,32
221.133.92.209,2,112
194.196.173.226,1,32
94.195.118.214,1,40
190.144.158.227,1,32
172.249.30.185,15,1871
177.129.95.69,1,32
119.146.87.169,1,40
59.21.38.155,1,32
183.163.30.19,1,32
78.255.56.229,1,32
95.200.31.169,1,32
14.40.251.118,1,60
219.0.61.210,1,32
178.186.209.174,1,32
172.16.87.87,1,32
68.26.246.236,1,32
52.15.129.212,2,350
8.220.152.66,1,60
209.171.207.208,1,40
60.71.5.183,1,32
122.134.94.99,1,32
109.223.243.140,1,32
202.147.108.74,1,52
113.161.156.84,1,52
205.58.75.149,1,286
71.6.255.207,1,32
156.57.21.252,1,40
47.80.132.48,1,60
71.230.250.32,1,40
109.147.30.26,1,32
66.71.246.192,1,32
2.69.77.123,1,32
194.16.8.217,1,32
113.155.43.64,1,60
58.31.229.117,1,102
159.116.96.3,1,32
119.70.135.4,1,32
71.177.228.96,1,32
103.215.18.196,1,60
5.140.251.99,1,40
113.153.18.8,1,32
180.5.183.253,1,32
96.49.100.72,1,32
61.127.94.24,1,32
126.250.109.12,1,32
27.237.218.3,1,40
170.10.210.193,1,32
13.204.0.212,1,32
114.227.78.188,1,40
114.47.170.124,1,32
73.14.119.179,1,32
117.233.219.175,1,32
196.207.27.218,1,32
80.222.9.15,1,32
80.181.104.112,1,32
72.108.125.242,1,32
208.108.72.119,1,118
99.33.119.246,1,32
181.188.240.82,1,32
183.188.23.182,1,52
70.3.204.147,1,32
50.198.192.27,1,32
134.160.172.65,1,32
204.66.34.54,1,32
37.17.220.119,1,40
216.211.39.137,1,138
67.217.207.126,1,32
212.82.166.182,1,32
87.147.10.109,1,32
220.9.220.62,1,32
119.65.179.182,1,32
84.99.198.26,1,32
72.113.65.141,1,52
67.77.121.35,1,32
13.160.52.253,4,694
80.141.55.126,1,32
108.73.130.98,2,646
123.62.66.125,1,32
211.187.97.241,1,60
90.21.252.236,1,32
97.42.10.10,1,32
220.172.119.169,1,48
104.87.247.19,1,32
52.85.153.41,1,32
187.181.128.37,1,32
76.245.127.69,1,32
125.211.115.249,1,32
37.226.113.59,1,32
190.85.69.74,1,32
59.30.197.168,1,32
121.154.126.146,1,32
23.237.69.92,1,32
74.234.218.164,1,32
27.233.122.104,1,40
178.44.151.237,1,32
162.98.10.164,1,32
104.95.242.173,1,32
200.97.69.98,1,40
17.199.30.104,3,309
36.163.252.197,2,80
1.62.132.153,1,60
125.171.183.221,1,32
85.113.92.147,1,32
172.204.255.149,1,32
1.94.194.88,1,32
84.179.104.110,1,32
218.254.193.192,1,52
123.7.1.63,1,32
151.203.42.138,1,44
98.233.129.218,1,32
211.13.34.236,1,32
61.70.239.97,2,256
71.230.250.253,1,40
202.112.44.126,1,40
172.249.28.66,6,1001
125.193.238.125,1,32
71.230.143.41,1,40
79.124.108.50,1,44
122.7.126.94,1,134
207.118.191.87,1,32
218.20.180.234,1,76
213.128.72.201,1,40
157.218.94.102,1,52
113.119.125.112,1,76
1.64.246.7,1,60
73.196.56.95,1,32
87.25.30.142,1,32
119.146.184.92,1,48
96.66.54.21,1,32
69.38.133.122,1,32
177.191.116.227,1,32
97.7.32.5,1,32
90.16.135.124,1,32
209.41.242.73,1,168
79.168.246.63,1,40
195.155.174.79,1,60
88.57.47.18,1,40
46.210.174.19,1,32
1.203.32.244,1,32
23.92.235.34,2,111
68.210.63.131,1,32
167.192.116.145,1,32
83.197.243.230,1,32
113.41.52.135,1,52
216.211.33.118,2,188
77.228.32.242,1,121
61.26.176.83,1,40
119.146.95.17,1,48
52.96.161.135,1,32
111.255.65.125,1,48
148.251.101.82,1,32
117.115.237.206,1,56
212.102.152.207,1,40
82.181.55.43,1,40
24.140.165.165,1,32
192.202.79.238,1,788
114.38.234.70,1,40
187.129.116.99,1,32
118.87.157.6,1,52
200.103.169.67,1,44
104.233.6.73,1,32
52.249.2.236,1,76
5.108.143.166,1,32
83.105.197.152,1,44
103.122.101.249,1,40
222.211.175.65,1,40
74.60.104.60,1,32
216.113.199.165,1,32
123.209.36.92,1,32
2.76.2.250,1,44
107.22.39.229,1,32
88.200.217.104,1,32
109.188.98.179,1,32
191.193.237.244,1,32
31.192.88.146,1,32
17.199.26.161,12,8115
216.201.32.220,1,32
176.106.199.8,1,32
177.66.6.152,1,32
71.230.250.194,1,40
126.173.230.209,1,32
119.6.56.17,1,32
75.220.105.79,1,32
188.179.248.191,1,32
78.7.7.110,1,32
173.233.156.52,1,96
102.152.51.132,1,60
52.251.1.248,1,32
66.42.31.13,1,32
77.58.134.212,1,32
115.65.253.209,1,44
84.116.159.87,1,32
118.56.169.22,1,32
122.191.150.198,1,48
205.70.95.137,11,4477
61.75.199.112,1,32
77.85.160.67,1,44
189.6.77.155,1,32
176.110.219.233,1,32
35.91.13.147,1,32
176.249.243.27,1,32
217.116.174.101,2,100
182.253.47.254,1,32
174.158.142.229,1,32
191.180.8.46,1,40
151.252.3.98,1,32
2.183.69.175,1,32
176.119.186.231,1,52
181.56.59.200,1,32
209.96.91.118,1,32
69.105.250.104,1,32
72.216.46.199,1,32
121.186.145.198,1,32
121.143.33.220,1,40
113.117.240.218,1,76
103.47.15.220,1,32
88.70.40.218,1,32
74.32.141.205,1,32
101.46.106.52,1,32
5.247.132.120,1,32
139.68.2.51,1,32
173.230.69.188,1,32
14.49.70.163,1,40
110.112.47.67,1,32
122.163.198.29,1,32
92.242.248.11,1,32
126.232.137.202,1,32
189.13.119.26,1,32
187.230.126.27,9,468
62.181.0.157,1,32
201.153.33.220,1,32
63.206.199.34,1,32
197.150.106.9,1,32
151.217.133.106,1,44
201.153.218.2,1,40
118.60.47.12,1,32
205.121.186.218,1,32
211.21.135.114,1,32
83.164.50.60,1,32
181.234.159.111,1,32
125.104.140.74,1,32
88.148.226.149,1,32
60.210.224.26,1,64
218.246.80.243,1,60
221.108.245.39,1,40
180.108.200.10,1,32
114.5.211.203,1,32
50.9.66.41,1,32
54.162.207.190,1,60
151.176.19.251,1,44
125.237.141.33,1,40
113.54.130.122,1,60
35.25.109.167,1,1356
109.37.230.111,1,32
8.211.218.134,1,32
101.45.38.211,1,32
14.46.176.158,1,80
88.11.63.84,1,40
187.201.154.224,1,32
112.166.220.89,1,32
172.107.72.112,1,32
61.43.132.110,1,40
171.211.129.159,1,58
108.202.120.100,1,32
178.64.6.246,1,32
125.236.27.19,1,76
47.91.74.63,1,32
121.117.64.74,1,32
191.74.196.58,1,60
80.0.69.0,1,32
123.183.122.130,1,60
111.249.55.14,1,32
23.70.41.173,1,32
74.193.190.87,1,52
211.39.2.57,1,32
211.203.232.68,2,80
188.254.190.96,1,32
213.227.27.1,1,60
125.208.216.96,1,52
222.174.63.44,1,32
185.50.135.252,1,52
212.1.0.232,1,32
109.16.255.61,1,32
69.181.40.14,1,32
183.81.211.63,1,32
107.178.203.197,1,52
92.194.158.220,1,40
180.122.211.52,1,44
109.24.250.101,1,40
78.10.242.248,1,32
124.60.180.49,1,132
183.205.198.191,1,48
199.75.2.159,1,32
152.20.199.217,1,52
72.102.31.88,1,32
188.21.6.70,1,32
108.131.91.201,1,32
85.16.125.143,1,40
200.65.19.234,1,60
185.26.97.181,1,52
216.211.35.53,1,90
119.133.205.160,1,60
121.236.3.89,1,40
172.249.30.5,3,235
122.165.78.62,1,32
18.236.194.144,1,32
43.211.74.122,1,32
213.40.27.243,1,40
86.220.76.95,1,32
78.125.160.154,1,32
109.165.222.111,1,32
73.82.210.227,1,32
112.37.215.34,1,60
71.174.131.181,1,32
113.16.31.4,1,32
202.149.23.14,1,44
121.147.35.95,1,40
171.62.82.175,1,48
152.57.111.98,1,32
47.1.67.235,1,32
207.237.130.148,1,32
218.89.169.44,1,48
94.181.37.255,1,40
211.200.82.253,1,40
91.8.8.145,1,60
218.49.252.67,1,32
73.141.253.50,1,32
71.230.250.207,1,40
34.234.188.179,1,32
27.203.48.136,1,32
79.189.65.14,1,44
85.143.152.70,1,32
64.22.165.172,1,52
58.27.71.105,1,52
50.0.246.215,1,32
85.77.141.121,1,32
24.149.31.17,1,32
95.155.5.22,1,32
172.103.170.212,1,40
91.39.54.235,1,90
216.90.64.145,1,32
89.212.59.223,1,32
66.213.96.60,1,32
195.74.0.235,1,32
188.67.76.105,1,32
121.110.120.56,1,32
76.23.129.59,1,60
61.195.76.223,1,32
92.248.133.233,1,32
124.56.61.72,1,32
24.201.204.53,1,32
34.239.7.114,1,32
102.104.246.113,1,40
94.251.122.86,1,32
115.31.32.162,1,48
182.3.204.226,1,32
79.128.95.133,1,32
170.195.203.219,1,44
31.101.2.87,1,32
93.18.6.229,1,32
179.222.171.114,1,32
13.205.182.223,1,76
14.72.251.196,1,60
54.237.122.163,1,32
4.126.114.206,1,32
204.172.66.82,1,32
126.193.206.169,1,32
78.194.185.69,1,32
176.254.73.69,1,32
117.17.15.177,1,76
125.124.151.42,1,32
175.222.152.123,1,32
174.240.200.63,1,32
220.175.217.58,1,32
1.255.10.220,1,48
217.16.0.247,1,32
64.193.252.140,1,32
156.34.78.20,1,40
113.59.92.45,1,52
104.184.209.151,1,32
104.173.165.102,1,32
66.12.78.129,1,32
34.228.197.234,1,32
23.80.3.252,23,34401
196.194.172.0,1,32
46.24.151.224,1,32
185.187.0.109,1,32
212.79.18.10,1,32
210.240.194.123,1,44
74.193.127.201,1286,1766771
70.186.140.101,1,32
92.103.181.243,1,32
177.33.176.145,1,44
191.100.123.19,1,60
82.247.119.205,1,44
131.231.39.56,1,52
115.31.244.201,1,86
115.20.227.39,1,32
123.114.84.163,1,60
161.137.246.142,1,32
2.23.82.39,1,32
73.213.70.13,1,32
204.139.111.30,1,60
27.66.235.222,1,76
205.55.83.123,1,32
185.253.23.43,1,32
84.144.69.90,1,32
162.22.175.178,1,32
181.54.125.200,1,32
187.120.196.178,1,32
189.209.173.121,1,32
78.40.101.53,1,32
166.168.8.13,1,32
46.226.73.57,1,32
172.197.41.211,1,32
96.2.45.68,1,137
187.197.144.216,1,44
118.58.28.238,1,32
82.133.64.82,1,32
73.135.143.75,1,32
97.46.50.40,1,32
188.163.121.188,1,40
113.217.97.131,1,32
85.123.44.222,1,40
75.149.201.142,1,32
190.34.103.229,1,32
222.241.125.99,1,40
113.68.217.42,1,40
198.255.203.46,2,80
61.148.103.119,1,32
103.9.150.252,1,32
90.115.55.75,1,32
60.203.61.225,1,32
104.15.182.223,1,40
177.125.95.76,1,32
88.142.243.247,1,32
196.221.15.188,1,32
49.205.184.110,1,32
196.162.30.58,1,52
69.41.61.194,1,32
24.20.188.98,1,32
18.178.113.42,1,76
79.0.223.84,1,32
95.224.66.158,1,32
81.109.202.71,2,80
166.133.67.244,1,32
212.74.22.162,1,32
183.242.199.184,1,52
71.5.161.66,1,40
92.19.94.63,1,32
13.30.69.102,1,76
92.194.32.213,1,32
71.230.250.56,1,40
61.115.75.171,1,167
117.93.185.88,1,40
80.62.59.107,1,32
96.79.205.78,1,32
213.28.8.141,1,32
166.131.67.105,1,32
24.56.190.89,1,32
1.91.155.93,1,48
194.196.119.111,1,40
109.25.2.36,1,32
87.71.97.173,1,32
82.22.216.58,1,32
210.240.118.142,1,32
71.230.250.58,1,40
2.106.12.4,1,32
82.44.242.72,1,32
189.8.207.250,1,32
183.108.53.35,1,32
86.209.37.234,1,32
107.162.130.149,1,32
73.95.64.162,1,32
103.101.177.58,1,40
12.48.12.85,1,60
217.67.23.134,1,32
68.32.197.227,1,32
177.137.147.129,1,44
140.206.100.215,1,84
116.139.197.200,1,52
41.175.0.202,1,32
80.227.197.204,1,32
112.229.177.209,1,48
125.215.129.86,1,58
116.25.210.49,1,48
196.212.8.32,1,32
61.112.63.229,1,32
189.50.254.87,1,96
14.166.86.155,1,60
174.245.35.25,1,32
17.132.125.42,1,52
217.20.136.135,1,32
46.182.24.185,1,40
178.86.3.207,1,44
80.51.114.101,1,32
50.5.128.12,1,32
171.158.199.229,1,32
96.87.55.214,1,32
92.221.57.21,1,32
179.92.219.23,1,32
104.56.33.231,1,40
85.157.27.73,1,40
64.235.160.197,1,32
201.222.10.115,1,32
139.173.163.35,1,40
37.106.0.131,1,40
69.99.191.232,1,32
67.206.121.130,1,32
171.197.99.218,1,32
99.209.66.145,1,32
191.72.0.178,1,32
54.226.24.39,1,52
82.140.69.51,1,32
193.53.36.72,1,32
23.230.246.213,1,32
24.102.158.46,1,32
189.244.221.227,1,40
115.126.218.86,2,120
38.186.226.190,1,48
86.251.28.149,2,64
111.93.92.112,1,44
31.144.12.77,1,32
109.224.108.146,1,60
93.242.126.92,1,32
51.230.5.64,1,40
216.206.38.24,1,32
114.197.164.189,1,32
79.144.62.210,1,32
222.240.94.76,1,40
64.150.223.249,1,32
159.76.220.100,1,32
187.222.71.49,1,44
216.204.221.255,1,32
50.183.168.25,1,32
117.239.230.228,1,40
67.240.57.76,1,32
217.248.92.73,1,32
71.226.117.84,1,32
24.168.174.41,1,32
203.136.241.14,1,44
151.29.78.5,1,32
178.196.15.136,1,32
112.231.182.215,1,32
123.25.176.48,1,52
54.136.128.107,1,32
71.230.143.40,1,40
84.217.188.55,1,32
115.253.1.201,1,32
200.249.148.150,1,60
178.4.243.126,1,32
93.230.122.73,1,32
112.143.61.210,1,32
84.191.26.156,1,32
213.222.203.46,1,44
150.253.255.45,1,32
194.78.100.19,1,32
74.193.28.107,3,402
59.36.49.166,1,60
85.196.120.227,1,32
65.156.69.106,1,40
46.158.28.8,1,40
81.220.247.225,1,32
68.214.100.72,1,32
50.27.224.126,1,32
189.219.135.11,1,32
111.180.8.207,1,48
87.76.175.60,1,32
61.117.40.25,1,32
86.128.176.96,1,32
142.80.56.121,1,32
171.201.250.203,1,76
61.144.239.242,1,32
89.229.120.185,1,32
68.74.131.149,1,32
94.247.119.52,1,32
187.194.5.134,1,32
27.177.87.242,1,32
54.214.104.163,1,32
141.128.95.140,1,32
139.246.7.213,1,132
136.89.47.97,1,32
123.98.104.39,1,32
193.111.152.34,1,56
59.186.83.203,1,32
216.68.133.205,1,52
179.51.138.18,1,32
182.152.207.9,1,40
124.135.65.237,1,76
110.244.98.205,1,32
179.56.208.188,1,60
195.215.197.182,1,32
13.187.32.217,1,40
186.105.71.211,1,32
173.127.47.93,1,32
87.21.253.88,1,32
196.218.137.138,1,32
182.113.108.28,1,48
189.253.53.232,1,32
87.78.208.133,1,32
64.233.155.170,1,32
187.204.15.179,1,32
80.57.196.33,1,40
196.5.46.171,1,40
163.96.124.175,1,32
173.215.11.10,1,32
86.138.69.103,1,32
5.140.249.94,1,40
69.138.177.162,1,32
85.237.217.107,1,32
95.150.255.92,1,32
79.218.148.183,1,32
180.63.236.41,1,40
107.14.98.3,1,32
14.27.61.172,1,60
95.27.253.130,1,32
50.6.132.185,1,32
178.238.222.222,1,32
114.203.205.204,1,32
116.177.69.198,1,40
182.152.135.134,1,32
222.216.72.226,1,32
213.125.162.147,1,32
208.89.43.202,1,60
62.64.249.215,1,40
75.116.76.132,1,32
177.131.155.131,1,32
110.250.172.102,1,32
66.37.50.221,1,32
80.163.38.142,1,40
73.88.39.64,1,32
213.41.117.0,1,32
202.100.222.128,2,88
164.48.28.88,1,44
96.70.76.38,1,32
154.181.44.145,1,32
93.49.14.148,1,40
63.251.138.142,1,60
219.178.95.236,1,32
212.5.120.148,1,32
178.198.182.230,1,40
93.234.119.43,1,32
179.85.83.223,1,60
176.105.240.160,1,32
176.206.54.233,1,32
157.187.72.95,1,76
189.225.153.3,1,32
218.194.174.195,1,44
154.169.25.137,1,44
196.179.65.116,1,32
50.128.40.96,1,32
119.221.164.174,1,32
128.45.224.26,1,48
168.198.97.233,1,40
211.22.38.57,1,56
201.4.207.38,1,32
189.207.88.249,1,52
213.156.199.215,1,32
168.37.172.97,1,44
221.224.76.254,1,32
121.106.189.242,1,60
5.97.245.152,1,32
124.72.131.202,1,32
201.215.247.197,1,32
88.197.203.118,1,32
86.135.184.75,1,32
45.126.58.18,1,52
121.104.188.227,1,32
76.230.80.128,1,32
68.89.231.169,1,32
68.148.40.24,1,32
100.249.28.199,1,32
113.214.108.139,1,76
45.114.156.192,1,44
182.71.248.208,1,32
24.195.197.102,1,32
42.18.152.159,1,32
122.130.55.30,1,52
61.165.42.136,1,32
88.63.193.136,1,52
104.64.26.162,1,32
85.54.242.214,1,32
88.237.224.108,1,60
114.165.161.3,1,60
71.150.215.229,1,32
190.186.132.36,1,40
1.23.140.14,1,32
90.113.144.242,1,40
185.60.165.223,1,60
187.106.223.130,1,32
181.177.253.128,1,32
41.161.0.21,1,40
103.91.33.41,1,40
125.146.119.57,1,56
221.18.140.195,1,32
50.155.56.108,1,32
73.122.252.24,1,32
117.253.5.180,1,32
14.116.210.164,1,32
123.179.143.124,1,76
87.137.104.255,1,32
195.129.119.255,1,32
75.115.150.158,1,44
91.21.255.154,1,32
195.37.7.127,1,32
113.182.182.171,1,32
167.126.191.63,1,32
46.165.5.242,1,32
162.231.234.122,1,52
208.123.1.192,1,32
37.157.178.169,1,60
41.69.231.209,1,32
189.185.10.20,1,32
64.22.164.98,1,52
83.194.247.38,1,40
37.120.76.206,1,32
123.112.241.155,1,32
94.52.209.214,1,40
186.59.115.39,1,32
123.169.226.120,1,32
71.210.25.244,1,32
218.237.147.235,1,28
147.130.114.226,1,52
222.174.31.214,1,40
1.25.90.152,1,32
24.41.140.48,1,32
177.224.52.177,1,32
119.139.16.32,1,32
31.172.62.150,1,32
71.230.250.190,1,40
74.106.191.245,1,32
139.173.135.205,1,40
23.94.228.217,1,40
213.187.209.57,1,56
23.36.41.23,4,160
106.51.163.115,1,76
101.61.17.97,1,32
116.147.5.34,1,52
181.214.144.91,1,52
62.145.32.33,1,32
115.240.1.220,1,32
185.131.219.217,1,40
174.151.121.188,1,32
63.146.60.209,1,32
221.3.94.220,1,32
115.239.122.43,1,32
185.252.221.169,1,40
92.12.193.153,1,40
23.64.223.204,1,32
112.48.57.237,1,84
213.19.138.209,1,32
185.193.253.64,1,32
113.36.249.214,1,52
104.109.234.96,4,160
69.39.251.73,1,40
201.152.126.214,1,40
222.166.96.218,1,40
5.234.231.218,1,32
213.210.135.250,1,32
106.46.229.32,1,76
152.90.32.47,1,32
103.48.131.32,1,44
34.234.100.252,1,32
151.232.148.44,1,44
140.250.204.197,1,76
95.165.10.201,1,32
176.121.79.43,1,32
118.170.116.66,1,52
213.159.12.154,1,32
1.38.222.19,1,32
50.185.1.55,1,32
71.18.48.179,1,32
149.55.56.211,1,40
46.109.200.193,1,32
66.239.55.73,1,32
213.37.118.58,1,32
201.224.182.28,1,32
111.116.240.201,1,56
134.214.198.102,1,40
52.80.166.171,1,32
88.140.189.42,1,32
116.24.77.27,1,32
116.44.87.133,1,40
52.95.229.187,1,32
188.11.187.39,1,40
121.136.112.144,1,32
221.93.241.73,1,32
58.215.237.200,1,40
149.55.55.98,1,40
111.243.254.254,2,120
89.112.240.214,1,32
80.192.236.65,1,84
201.22.210.42,1,32
5.64.104.151,1,40
113.182.182.20,1,60
124.57.248.33,3,384
183.207.233.13,1,60
94.41.72.229,1,32
201.84.90.229,1,32
123.26.194.130,1,44
222.244.163.140,1,32
40.134.27.186,1,32
91.18.6.79,1,32
195.236.27.223,1,32
187.70.240.242,1,76
27.51.139.37,1,48
1.48.243.113,1,124
179.112.117.227,1,32
160.65.107.85,1,32
170.208.114.112,1,44
177.183.244.19,1,32
189.114.198.220,1,32
49.222.254.116,1,32
98.49.34.226,1,32
191.117.245.13,1,32
59.48.243.159,1,32
5.46.122.217,1,32
187.252.33.59,1,32
78.231.57.112,1,32
31.208.40.7,2,80
59.120.154.87,1,40
200.0.168.208,1,32
221.18.59.222,1,40
80.184.157.221,1,32
121.62.8.95,1,32
66.182.190.72,1,32
183.163.135.65,1,52
113.59.113.185,1,48
139.147.124.179,1,32
176.36.59.21,1,76
211.93.188.184,1,32
177.134.161.58,1,32
171.211.84.128,1,40
84.155.184.88,1,32
59.171.81.134,1,32
116.26.8.15,1,32
181.1.126.232,1,32
118.194.13.169,1,32
166.143.215.229,1,32
182.243.226.130,2,1266
38.123.45.89,1,32
81.150.53.213,1,32
58.104.140.12,1,32
47.43.112.187,1,32
194.254.254.185,1,32
177.55.96.53,1,56
218.7.40.114,1,56
82.166.252.128,1,32
223.159.177.247,1,32
52.14.47.27,1,81
165.230.138.250,1,32
82.30.52.37,1,32
170.209.141.137,1,32
112.250.14.240,1,32
170.206.39.97,1,32
52.162.204.92,1,40
125.247.95.254,1,48
187.97.202.82,1,32
218.7.67.195,1,56
74.111.6.72,1,32
201.210.217.29,1,32
78.158.252.177,1,32
52.250.156.208,1,32
46.219.126.199,1,52
185.18.132.158,1,44
65.167.64.56,1,32
125.231.103.117,1,60
192.89.32.117,1,32
89.90.121.65,1,44
45.172.248.220,1,32
65.207.183.98,1,32
188.175.252.102,1,40
2.58.128.241,1,32
222.98.167.162,1,32
124.164.57.87,1,32
172.249.30.60,1,52
194.203.32.19,1,48
180.99.181.5,1,132
202.114.139.254,1,96
49.201.186.255,1,32
186.244.64.149,1,32
194.122.210.19,1,44
190.40.88.211,1,40
114.57.255.157,1,32
41.95.243.140,1,32
123.31.135.49,1,60
104.184.46.38,1,32
116.187.137.3,1,32
106.107.166.131,1,32
118.190.78.78,1,32
188.170.251.26,1,52
1.79.192.133,1,60
144.70.208.212,1,32
119.198.137.254,1,56
37.17.200.141,1,40
151.217.104.220,1,32
117.41.210.157,1,32
2.60.134.45,1,32
89.248.133.194,1,60
12.87.45.58,1,32
31.150.7.121,1,32
154.168.191.199,1,52
46.13.191.180,1,32
111.93.242.156,1,44
182.133.80.70,1,60
121.176.37.67,1,40
37.192.70.249,1,40
2.253.32.131,1,32
39.9.182.81,1,32
95.33.153.232,1,32
36.223.241.211,1,32
140.186.184.179,1,32
182.107.1.124,1,48
206.190.189.242,1,32
40.140.202.142,1,32
167.148.58.5,1,32
201.193.158.155,1,40
185.207.131.36,1,32
114.51.83.220,1,32
50.216.8.220,1,32
185.208.210.193,1,52
114.227.78.96,1,40
141.33.21.246,1,40
139.173.183.79,1,40
61.132.119.55,1,32
201.190.119.253,1,32
181.172.24.250,1,32
37.59.223.93,1,32
182.89.137.195,2,104
171.163.139.129,1,52
191.102.161.69,1,32
151.9.23.100,1,32
201.59.69.174,1,32
125.35.211.158,1,44
2.74.155.238,1,40
89.214.30.82,1,40
187.109.217.87,1,32
208.112.55.83,1,52
191.241.134.10,1,32
183.181.69.120,1,48
74.96.186.70,1,32
191.186.10.249,1,32
76.93.18.2,1,32
5.138.7.135,1,32
106.97.166.187,1,40
105.131.20.19,1,32
93.11.22.141,1,32
60.18.151.207,1,32
93.210.61.48,1,32
107.213.201.25,1,32
72.91.168.33,1,32
58.196.12.118,1,32
67.217.108.80,1,32
182.103.153.208,1,44
177.149.166.214,1,32
41.244.26.241,1,52
174.155.77.246,1,32
47.124.141.34,1,40
91.11.83.251,1,52
23.6.216.162,1,60
85.110.178.239,1,32
151.19.57.220,1,32
163.96.163.57,1,32
106.111.247.30,1,40
189.46.36.126,1,32
195.133.0.169,1,32
90.45.11.65,1,32
109.202.140.192,1,40
95.44.33.3,1,32
172.103.170.64,1,40
162.99.9.249,1,219
91.40.33.4,1,32
162.99.10.193,1,218
14.19.59.98,1,32
162.99.14.247,1,206
51.61.206.226,1,60
87.35.222.127,1,32
217.151.127.182,1,32
145.146.26.185,1,40
111.174.57.74,1,60
111.227.60.212,1,32
218.229.201.60,1,76
186.117.83.245,1,32
182.63.235.12,1,163
92.236.194.155,1,32
74.193.190.125,2,104
88.72.25.165,1,32
93.12.28.252,1,32
54.250.59.72,1,76
211.176.133.99,1,32
121.118.117.157,1,52
190.200.4.107,1,32
160.179.205.74,1,32
94.65.231.158,1,32
80.162.226.177,1,32
121.49.177.204,1,32
98.58.207.123,1,32
74.193.127.107,182,262801
189.121.50.53,1,32
54.230.65.27,1,32
92.42.209.222,1,40
180.35.116.189,1,40
113.4.252.192,1,48
174.145.143.146,1,32
171.210.218.223,1,76
222.212.4.22,2,80
122.59.113.241,1,44
139.219.95.6,1,32
117.251.211.212,1,40
193.20.15.61,1,56
128.221.134.183,1,40
66.243.182.185,1,32
185.216.154.42,1,40
130.47.182.164,1,32
173.241.199.224,1,96
197.228.41.225,1,32
75.154.80.245,1,32
83.133.131.245,1,32
185.123.59.185,1,32
178.165.25.77,1,52
82.99.62.70,1,32
110.62.99.39,1,32
112.204.196.69,1,60
220.156.93.219,1,32
176.216.153.172,1,32
72.119.81.181,1,32
124.164.248.159,1,52
184.27.65.61,1,32
79.167.168.92,1,32
109.224.229.94,1,60
125.116.108.54,1,32
152.55.217.194,1,32
151.150.3.234,1,110
39.3.125.1,1,32
3.200.38.234,1,76
108.55.149.40,1,32
223.104.19.146,1,76
172.25.204.77,1,32
42.55.233.55,1,32
85.123.3.243,1,56
112.11.107.28,1,60
125.209.227.15,1,32
216.68.133.202,1,52
217.116.120.130,1,32
221.141.206.120,1,32
18.212.43.126,1,76
94.49.62.186,1,40
186.240.249.212,1,32
82.122.176.123,1,32
14.164.42.241,1,32
181.206.132.15,1,32
186.152.98.145,1,52
173.214.157.73,1,32
209.41.243.15,2,112
35.83.176.219,1,32
80.107.69.40,1,32
195.140.66.109,1,32
45.248.11.9,1,32
173.181.128.125,1,32
203.136.255.243,1,44
46.234.170.14,1,40
209.152.152.60,1,32
219.151.130.39,1,32
80.97.92.8,1,32
188.192.99.133,1,32
207.131.114.150,1,32
37.38.122.163,1,32
77.74.128.253,1,44
217.145.135.26,1,32
77.85.164.105,1,44
217.11.52.251,1,40
202.97.101.181,1,32
41.29.71.138,1,32
107.142.243.15,1,32
140.144.18.35,1,120
23.227.131.50,1,32
218.7.67.230,1,56
41.167.141.243,1,40
114.227.232.239,1,32
116.231.219.175,1,52
223.31.246.14,1,93
108.148.103.184,1,32
117.255.26.33,1,44
187.244.71.79,1,40
77.99.185.137,1,32
91.9.73.77,1,52
191.121.239.78,1,40
106.200.151.114,1,32
52.101.220.192,1,60
14.185.38.152,1,52
178.57.226.168,1,32
218.110.205.47,1,32
197.59.92.192,1,40
182.243.178.203,2,1306
39.46.150.59,1,156
37.17.171.20,1,40
189.108.81.183,1,40
219.121.11.226,1,48
87.1.24.131,1,32
172.105.187.69,1,32
189.78.143.61,1,32
150.21.131.253,1,32
187.247.217.17,1,32
125.45.83.157,1,52
52.30.164.213,1,32
119.152.241.239,1,52
64.91.125.64,1,32
104.27.182.150,1,32
182.111.12.242,1,60
129.61.181.99,1,32
118.24.151.8,1,32
93.117.102.198,1,52
175.162.8.191,1,60
175.227.60.6,1,32
60.21.179.158,1,32
46.168.247.85,1,32
123.154.13.193,1,32
111.73.224.87,1,56
75.167.13.214,1,32
112.44.230.76,1,56
120.144.17.68,1,52
17.199.46.156,1,60
88.93.1.165,1,32
106.71.84.153,1,132
122.111.177.122,1,60
96.214.176.88,1,40
94.141.159.110,1,32
94.143.33.54,1,32
73.208.32.175,1,32
194.136.104.174,1,32
182.25.87.21,1,60
206.82.181.63,1,32
49.106.181.129,1,32
101.15.196.241,1,32
65.173.69.13,1,32
80.129.185.62,1,32
71.31.119.146,1,32
119.9.237.167,1,32
14.54.126.251,1,44
213.110.117.121,1,32
209.74.117.249,1,32
125.42.233.245,1,32
210.255.62.198,1,60
54.32.157.245,1,32
46.228.133.163,1,32
41.242.107.162,1,60
211.216.2.103,1,32
197.35.219.2,1,40
130.53.249.161,1,52
52.111.221.34,1,32
74.172.87.127,1,32
221.4.23.31,1,32
83.112.47.22,1,32
185.244.220.248,1,60
178.139.10.46,1,32
125.147.152.2,1,32
72.85.171.200,1,32
106.249.51.193,1,32
210.131.143.4,1,84
112.187.177.218,1,32
125.238.63.136,1,52
64.181.226.198,1,32
27.220.11.231,1,32
91.34.10.91,1,52
218.229.201.105,1,76
97.41.119.62,1,32
209.176.113.25,2,348
73.152.219.243,1,32
95.238.204.49,1,32
189.173.164.216,1,40
129.141.231.81,1,32
206.169.125.26,2,111
174.177.8.171,1,32
90.75.226.31,1,32
71.230.250.55,1,40
95.233.185.84,1,32
137.60.11.245,1,60
73.47.0.133,1,32
158.81.142.141,1,32
68.173.48.178,1,32
113.20.94.96,1,58
154.118.2.114,1,32
73.42.120.227,1,32
174.181.70.238,1,40
119.225.155.178,1,40
77.155.137.121,1,32
182.135.174.102,1,60
123.129.188.250,1,40
211.61.233.131,1,32
173.121.50.145,1,32
210.40.206.131,1,79
24.254.22.110,1,32
86.84.90.26,1,32
2.71.207.173,1,52
27.211.246.147,1,32
65.169.44.228,1,44
200.94.19.54,1,40
93.216.195.253,1,32
93.121.66.215,1,32
115.65.255.142,1,44
24.76.182.149,1,60
209.48.211.236,1,32
60.200.34.197,1,32
58.49.143.183,1,32
78.190.153.49,1,32
119.159.138.228,1,52
173.241.198.79,1,138
187.189.61.213,1,32
52.228.244.103,1,71
187.11.95.127,1,32
49.235.242.14,1,64
93.93.98.204,1,32
103.154.127.47,1,44
60.216.93.237,1,32
193.238.184.205,1,32
175.221.120.248,1,40
14.248.9.232,1,32
112.153.170.196,1,52
138.42.26.219,1,40
188.49.232.41,1,40
77.156.124.124,1,32
103.69.1.38,1,44
77.105.133.170,1,32
106.15.217.203,1,32
213.157.68.186,1,68
14.47.42.170,1,60
5.92.195.117,1,32
174.116.176.147,1,32
106.194.226.83,1,32
79.106.159.157,1,32
109.127.71.188,1,32
111.192.225.141,1,32
183.215.3.137,1,52
139.173.134.100,1,40
200.59.16.93,1,40
115.196.224.30,1,40
190.232.215.11,1,32
221.105.114.129,1,32
78.206.64.97,1,32
118.199.4.91,1,40
54.197.122.147,1,32
27.226.6.230,1,40
109.150.30.228,1,32
27.17.8.58,1,32
162.3.140.54,1,32
106.205.239.55,1,32
120.221.72.218,1,52
52.85.232.27,1,32
100.250.254.213,1,32
185.212.34.193,1,40
60.214.236.252,1,32
116.170.105.94,1,32
107.162.85.13,1,32
201.152.124.178,1,32
81.129.40.144,1,32
66.91.32.232,1,32
