,sip_ct,sip_pkt_size_ct
162.194.80.122,20971,29809968
126.26.254.114,383,185160
71.230.250.173,2,80
94.206.144.118,1,40
190.46.144.12,1,32
43.205.250.35,466,24600
46.231.172.29,43,1720
185.62.237.173,2347,247290
36.28.133.236,500,16000
182.102.249.58,23,1196
72.243.39.170,8682,12415260
112.152.195.90,1,32
104.120.156.164,1052,1514133
216.68.133.234,22,2825
173.233.156.50,3,288
162.8.33.57,17,7197
40.75.89.172,54,3240
202.220.73.172,1101,58224
142.161.167.8,373,14920
71.230.183.142,9,396
52.251.205.121,1,76
77.231.194.154,1,32
37.135.194.31,1,32
175.100.164.17,1,40
182.243.230.28,179,218211
74.236.134.145,1,32
126.24.56.110,406,16636
125.35.139.252,1,44
194.96.126.164,165,6600
117.194.232.133,1,52
114.57.200.215,1,76
204.194.145.251,1106,582445
66.10.184.0,1,32
185.72.27.26,214,8560
42.239.244.206,1,40
213.203.13.184,2273,3398308
17.193.181.200,3937,5889752
125.35.4.30,34,6392
89.199.68.17,117,4680
199.183.26.171,1,56
174.185.54.234,1,32
130.53.249.161,46,24591
192.120.148.227,78,4680
73.174.215.205,1,32
162.12.36.19,1,40
192.95.27.190,84,5040
81.109.202.49,156,6240
183.123.147.99,1,32
107.164.191.246,129,5160
206.9.11.196,16,640
186.17.9.241,1,32
109.197.127.31,1,32
202.201.83.30,13,10919
123.188.124.5,1,76
187.95.13.222,1,32
85.120.13.104,1,56
171.205.26.158,1,52
173.100.193.243,1,32
88.11.63.76,5,200
185.72.27.66,235,9400
104.128.80.1,7,1181
97.62.249.110,1,32
120.180.155.149,21,924
206.204.132.59,1,32
92.67.254.131,22,880
46.42.155.233,63,72032
87.59.82.222,223,8920
59.20.16.134,1,60
13.161.203.13,1,32
134.214.180.160,11,452
185.72.27.41,30,1200
104.224.28.68,1,32
118.75.177.2,1,52
31.208.22.230,1,32
119.14.57.245,1,32
118.91.202.85,2,80
219.211.131.83,114,6228
185.72.26.18,16,640
142.161.196.17,11,440
60.211.119.252,1,32
121.180.94.90,1,40
173.221.210.85,124,165640
178.103.29.87,10,400
115.209.9.176,1,32
182.156.237.180,1,32
196.180.49.69,9,684
206.195.27.1,42,10761
104.243.199.60,1,704
71.230.250.34,1,40
37.17.221.114,1,40
201.3.178.195,1,56
82.33.106.190,7,293
220.163.19.184,1,40
82.54.174.197,34,1360
212.54.132.215,1,48
79.92.66.50,1,40
52.214.72.131,20,23892
89.206.107.211,1,32
61.30.13.23,1,32
94.156.215.33,2,80
109.176.10.154,1,32
60.138.108.122,1,76
58.195.181.9,1,40
117.27.43.63,85,12446
201.153.172.219,1,32
196.155.156.25,14,560
13.5.38.213,1,32
38.245.188.88,184,6624
18.182.99.194,32,3210
218.128.12.192,65,6241
218.128.12.141,28,3142
211.236.126.182,1,40
51.81.166.201,10,600
83.213.153.60,53,2756
51.165.203.199,1,52
63.251.186.118,1,32
81.109.202.11,46,1840
101.63.39.215,1,60
115.27.123.62,1,32
95.80.88.202,1,56
83.254.86.225,1,32
27.33.139.8,3,120
94.106.213.120,1,32
151.150.78.118,9,7649
52.15.239.237,21,2615
200.157.246.156,1,32
27.177.183.4,1,32
95.229.195.210,2,96
97.61.68.232,1,32
47.18.197.190,1,32
81.186.237.80,1,32
184.174.54.105,1,44
117.91.61.142,1,48
1.33.251.202,1,32
191.102.254.168,1,32
180.121.117.241,1,32
17.192.251.200,4,314
78.47.183.181,1,32
219.113.122.24,9,1490
39.46.150.44,186,9672
192.49.194.34,4,160
202.228.32.114,6,8911
218.153.121.103,1,32
84.117.199.73,1,32
203.76.29.101,56,78816
58.20.55.20,1,32
190.104.73.37,1,32
137.147.55.154,1,32
104.109.234.177,183,274982
122.232.19.92,79,3600
98.134.255.46,1,32
116.248.84.104,1,32
188.202.204.48,1,40
174.229.67.61,1,32
222.152.31.65,1,44
202.183.185.58,3,255
77.36.232.151,1,32
36.4.9.224,1,32
197.130.20.202,2,80
5.189.61.210,183,249945
62.80.82.221,34,1360
174.186.52.92,1,32
86.197.75.22,1,32
185.72.27.133,58,2320
75.91.215.49,1,32
106.94.35.209,25,1000
45.126.10.171,8,320
52.24.68.86,1,32
222.166.153.1,2,80
74.193.190.124,5,798
71.214.201.240,1,32
115.28.77.145,1,40
73.173.43.244,1,32
185.252.120.253,32,1920
87.4.203.148,1,32
189.42.201.90,1,32
77.245.235.94,1,40
112.140.103.138,1,32
46.231.172.31,52,2080
117.209.239.85,1,52
191.29.245.20,1,32
31.163.25.232,2,80
31.96.124.55,1,52
72.116.153.100,1,40
77.85.216.121,1,32
14.233.252.252,20,800
117.21.56.91,1,32
193.216.222.153,36,1440
114.48.84.114,539,28124
34.199.158.55,20,5907
43.218.10.252,1,32
192.108.224.165,2,111
61.93.118.252,1,32
17.192.163.149,16,2365
86.228.149.248,1,32
210.156.253.209,31,42960
173.244.9.184,1,32
5.111.75.187,1,44
185.129.50.198,13,17253
2.32.5.94,1,32
185.72.26.45,7,280
159.137.197.133,3,120
91.245.170.66,1,32
151.27.100.131,1,40
128.78.171.178,83,12544
46.118.161.214,1,40
201.247.149.108,1,32
178.103.55.42,9,1181
120.210.133.12,1,32
78.175.54.251,1,32
43.217.140.34,47,7667
151.150.76.80,2,515
221.196.62.12,1,32
87.249.23.73,1,32
171.148.30.201,2,120
71.230.146.117,6,477
222.186.21.52,22,2662
1.192.63.193,1,60
79.138.251.11,1,58
185.72.27.113,13,520
172.249.29.78,2,337
210.133.140.36,17,1200
70.123.181.103,1,32
185.0.65.16,54,2160
111.162.161.106,2,180
126.178.94.120,8,495
68.178.56.208,1,32
185.72.27.145,66,2640
216.63.112.178,1,32
175.54.9.134,1,32
17.192.130.63,11,6073
171.63.152.138,1,48
185.48.172.193,45,1800
185.137.116.153,1,32
1.154.173.197,3,187
37.17.223.10,1,40
220.202.165.104,26,1040
81.109.202.36,55,2200
188.94.250.201,1,32
27.45.188.9,1,32
196.180.49.5,5,220
61.40.190.6,1,32
184.13.55.38,1,32
94.205.148.76,1,32
95.80.30.221,1,32
191.120.44.74,1,32
41.165.167.224,5,731
113.1.218.89,1,76
75.71.230.132,1,32
31.113.147.67,5,375
74.193.187.141,23,3186
17.180.93.50,8,959
185.108.232.159,1,32
204.38.181.76,1,32
201.139.124.123,1,32
202.67.182.179,1,44
189.82.201.110,1,32
220.35.71.94,1,32
172.249.31.73,17,3165
220.178.215.113,1,32
107.11.72.95,1,32
196.180.49.190,4,176
92.154.148.196,1,60
84.80.95.39,1,32
216.162.85.188,1,32
54.94.201.121,60,2400
31.106.106.156,1,32
211.34.151.123,1,32
121.175.189.159,1,32
105.131.42.59,1,32
51.173.229.255,63,3780
162.12.12.19,4,160
120.180.155.151,24,1056
175.118.22.39,1,32
156.35.77.154,1,40
75.184.125.47,1,32
50.203.76.36,1,32
182.63.114.101,1,40
76.141.176.249,1,32
211.43.197.55,1,32
14.166.54.98,1,32
98.35.85.52,1,32
187.14.200.177,1,32
72.243.169.195,1,32
220.161.90.104,1,32
212.56.75.152,1,32
59.56.29.188,79,3792
202.234.135.7,108,7904
36.6.98.17,2,80
109.165.84.119,4,160
182.116.126.63,1,40
202.95.150.228,1,142
162.194.50.126,50,5946
122.131.36.122,1,32
49.235.204.125,34,4309
96.54.61.186,1,32
73.43.40.136,1,32
113.26.139.241,1,48
47.120.247.160,4,336
131.121.13.146,1,32
139.253.188.67,57,2736
109.202.138.234,1,40
74.193.190.157,20,1016
71.230.250.68,1,40
212.193.155.85,1,40
23.94.228.246,18,27000
201.83.86.116,1,32
194.106.4.186,1,32
200.168.180.82,1,32
181.135.10.161,1,32
13.4.142.54,25,13717
196.180.49.11,8,352
104.141.213.180,1,32
172.249.30.182,17,2294
31.113.147.64,144,116430
171.145.99.99,1,48
84.130.6.205,1,32
13.206.17.159,3,1268
175.246.137.82,1,32
129.241.148.42,1,32
42.94.246.195,1,60
5.64.104.138,3,120
210.155.81.103,6,1117
62.101.10.183,1,32
178.111.6.76,1,44
198.37.175.76,25,36480
202.1.175.252,64,3840
58.205.240.221,1,40
196.180.49.30,7,308
159.141.14.194,2,135
78.45.148.228,1,32
177.111.142.47,1,32
142.161.201.125,4,160
88.11.63.87,3,120
172.249.162.132,213,232051
111.123.105.190,1,60
182.243.228.236,7,2903
89.205.105.46,1,32
186.180.238.151,1,32
103.242.172.134,1,40
88.110.250.19,1,32
49.241.152.92,1,32
70.88.184.134,1,32
114.49.2.35,10,920
185.72.27.89,15,600
185.48.173.62,42,1680
172.249.25.141,23,15736
211.65.183.91,1,32
42.177.185.25,1,32
34.244.132.33,1,32
106.53.200.22,1,76
88.249.97.67,1,60
126.12.235.11,14,1289
123.195.66.100,2,256
37.248.181.124,1,40
198.100.75.167,1,32
103.227.227.170,1,40
75.211.73.65,1,32
209.238.124.73,7,308
174.124.123.126,1,32
139.173.152.137,2,80
165.116.243.41,7,280
112.175.251.7,1,32
82.2.104.174,1,32
74.193.187.140,9,732
216.211.36.241,1,176
71.230.250.160,1,40
101.55.253.167,2,80
79.209.119.230,1,32
98.46.236.82,1,32
74.193.187.98,1,52
12.59.97.166,2,80
113.49.47.91,1,60
38.185.240.97,1,40
185.0.65.10,29,1160
23.41.135.41,1,32
91.39.53.76,36,52976
185.182.103.146,2,1456
185.72.27.106,73,2920
46.231.172.30,76,3040
59.44.52.150,1,32
60.58.172.165,1,40
122.168.130.166,1,40
185.142.3.70,1,48
76.207.59.43,1,32
139.234.7.33,1,32
71.230.250.142,1,40
176.1.168.123,1,32
13.194.31.48,1,32
81.109.202.26,239,9560
122.173.11.164,1,44
78.172.171.176,1,32
212.139.9.137,1,32
154.201.206.166,1,96
212.68.54.76,1,32
218.241.115.181,1,32
71.230.250.28,1,40
132.145.151.51,10,400
196.180.49.70,11,484
80.126.178.244,1,32
216.68.133.177,2,136
101.209.139.214,1,32
69.7.186.47,1,32
36.29.151.143,1,40
68.74.208.252,6,240
139.173.183.79,4,160
125.104.58.189,1,32
158.81.9.200,2,80
107.164.190.97,69,2760
222.131.123.60,1,32
5.233.104.203,1,52
216.93.46.28,1,32
45.54.203.200,1,32
196.254.29.170,1,32
172.103.155.42,2,80
184.154.186.171,10,400
89.236.234.37,1,32
216.174.63.57,1,32
185.138.110.250,1,132
196.180.49.58,13,572
185.72.27.142,29,1160
218.128.12.170,2,188
89.248.132.61,1,60
211.163.202.56,1,32
187.82.251.252,1,32
216.68.133.113,31,11399
167.77.65.97,1,76
34.215.131.202,1,40
222.102.150.226,3,120
84.184.203.170,1,32
81.219.190.33,1,40
45.172.105.236,1,48
68.16.28.200,1,32
31.111.13.210,1,32
14.205.145.177,1,60
185.72.27.97,28,1120
185.72.26.0,13,520
172.103.186.49,3,120
124.167.50.170,9,702
222.185.215.103,1,132
203.136.255.156,1,44
196.180.49.65,11,484
181.122.23.13,1,32
80.3.150.30,1,32
64.121.109.57,1,48
14.54.49.242,1,32
65.215.94.247,1,32
81.109.202.16,68,2720
113.101.160.100,1,60
145.254.10.250,1,60
72.207.12.216,1,32
113.144.186.159,1,76
92.13.201.226,1,32
77.241.122.240,20,800
200.9.45.214,1,56
203.136.241.38,1,44
220.36.10.134,1,40
197.25.20.41,1,32
41.46.23.30,1,32
113.47.70.4,1,132
94.113.233.65,1,32
88.95.163.83,1,32
5.152.117.93,1,32
217.109.123.190,1,32
109.229.72.181,1,32
118.33.25.146,1,127
104.248.1.195,7,280
12.58.209.214,1,32
172.249.28.73,16,3328
157.127.221.36,1,32
185.182.100.198,28,1120
201.140.10.182,1,32
115.63.138.89,1,32
219.106.70.129,1,40
87.228.250.51,1,32
109.229.175.32,1,60
91.191.61.163,1,32
187.15.41.206,1,32
13.218.57.203,1,141
68.74.23.188,2,80
71.230.250.185,1,40
191.110.13.176,1,40
68.70.202.153,1,32
145.253.180.136,1,32
152.53.134.116,1,60
122.157.135.161,1,32
2.167.231.130,1,44
149.55.5.143,1,32
95.59.194.2,1,32
110.145.190.196,1,76
60.30.30.181,1,52
70.90.251.89,1,32
190.106.75.150,1,32
103.204.93.32,12,5272
212.219.185.177,1,32
91.106.10.58,1,32
113.8.93.88,2,80
103.228.210.32,1,44
191.118.152.243,1,32
74.209.88.247,1,32
47.53.108.215,1,60
81.248.24.199,1,44
89.34.101.143,29,1645
221.16.178.82,1,52
36.196.249.69,1,32
185.72.27.70,71,2840
24.13.54.250,1,32
112.219.140.81,1,32
121.167.248.83,1,32
115.237.0.11,1,32
198.209.115.134,3,120
24.35.160.199,1,32
186.210.43.188,1,32
196.180.49.43,8,352
185.208.242.156,1,32
3.238.160.60,6,4866
180.151.225.93,15,660
31.113.147.71,109,139427
124.136.24.70,1,40
85.10.142.119,1,48
90.113.152.248,1,40
83.114.245.118,1,32
115.52.128.179,1,32
47.150.57.59,1,32
88.11.63.73,1,40
109.230.148.222,1,32
82.146.219.33,1,32
212.186.214.122,1,32
178.185.104.75,32,1440
70.49.207.140,1,32
173.221.210.73,345,464221
2.168.198.75,1,60
75.113.106.58,1,32
154.201.218.254,4,384
2.26.35.220,1,32
164.48.28.91,1,44
87.56.87.57,1,32
134.214.55.84,10,400
83.153.128.38,1,56
103.1.90.105,1,40
179.69.239.154,1,32
195.208.244.92,35,1400
46.99.84.28,1,32
184.21.202.28,1,32
124.163.246.26,1,32
113.158.137.135,1,40
201.48.181.68,1,32
159.137.7.225,1,32
92.67.254.101,19,760
85.135.250.9,1,32
77.136.10.44,1,32
196.180.49.36,9,396
52.249.21.90,1,76
91.39.54.156,1,40
206.169.125.26,8,552
14.54.126.251,1,44
115.227.86.145,1,32
79.224.120.120,1,32
46.171.234.232,1,32
79.139.245.121,1,32
94.158.47.89,1,44
34.222.55.213,1,32
203.136.255.237,1,44
13.31.92.177,1,76
136.89.125.228,1,32
77.119.29.108,2,88
101.115.238.46,1,48
138.4.81.97,4,160
177.242.52.129,1,32
71.230.199.104,7,308
81.31.74.224,1,32
52.11.201.128,1,32
128.221.159.212,3,252
168.31.52.150,1,32
192.212.72.21,36,1440
213.250.215.44,1,32
60.59.227.239,1,58
58.59.67.180,1,32
152.60.214.162,1,32
185.95.159.217,19,760
126.95.249.219,13,744
185.222.255.246,1,32
68.185.90.45,1,32
202.159.40.178,2,80
49.205.253.149,1,40
210.108.8.142,1,32
85.66.28.189,1,40
85.118.12.30,1,32
182.132.218.126,13,1363
123.116.42.255,1,60
79.6.1.82,1,32
121.108.42.48,1,32
39.7.23.109,1,48
110.52.134.85,1,40
71.230.250.241,1,40
192.29.54.185,1,32
86.57.87.137,1,32
112.227.73.13,1,32
195.33.187.93,1,32
196.180.49.28,9,396
96.195.180.1,1,32
185.72.26.36,5,200
81.109.202.4,48,1920
60.194.98.36,1,32
12.104.123.85,1,32
139.232.144.127,1,76
186.158.90.174,1,32
171.201.246.211,1,32
82.191.86.20,1,32
80.212.114.72,19,880
1.55.85.47,1,60
24.153.69.55,1,32
178.47.83.92,1,32
220.31.149.58,31,17516
2.220.200.112,1,32
200.47.171.229,1,32
41.161.214.187,1,40
72.202.71.166,1,32
45.50.240.45,1,32
177.57.183.156,1,32
105.153.156.223,1,32
179.17.128.172,1,32
37.53.241.10,1,32
103.243.190.155,1,40
149.184.130.119,2,80
81.109.202.46,155,6200
52.6.58.43,1,32
125.142.244.240,7,523
150.79.245.75,4,480
59.120.189.31,1,40
201.169.8.183,1,32
120.166.132.75,1,48
200.145.117.197,1,32
182.243.227.99,156,105364
60.29.126.41,1,76
191.255.142.212,2,80
2.222.203.102,1,32
187.147.224.113,1,44
185.72.27.1,22,880
183.153.6.184,1,32
145.236.119.71,44,1760
13.31.233.190,7,448
18.208.72.229,1,32
219.104.249.168,1,132
201.220.31.254,1,60
115.55.155.242,1,40
47.49.184.10,1,32
68.35.192.177,1,32
177.54.236.215,1,32
196.180.49.64,12,528
166.131.82.233,1,32
83.66.203.21,1,32
140.144.214.121,5,200
17.193.212.1,1,32
60.89.10.8,1,32
192.108.224.167,9,3875
118.25.128.204,1,40
188.11.169.47,1,40
210.252.84.77,1,32
103.228.62.24,1,52
206.188.175.51,15,6418
70.182.177.82,1,32
195.123.33.192,1,32
73.176.37.131,1,32
202.10.205.60,1,40
126.7.89.126,11,560
207.175.214.254,1,32
42.185.183.130,1,52
211.236.126.178,1,40
89.28.138.247,1,32
196.180.49.41,8,352
193.254.5.86,13,520
89.220.173.43,1,44
52.125.213.137,1,40
220.139.232.77,1,32
175.169.169.51,1,32
103.29.183.51,1,40
139.173.190.205,3,120
52.122.136.60,14,7354
103.62.61.59,2,104
193.169.155.32,1,60
156.28.12.162,3,120
86.186.171.109,1,32
151.181.245.48,1,32
71.230.250.10,1,40
179.92.10.161,1,32
47.194.31.21,1,32
85.73.176.114,1,48
186.18.4.241,1,32
139.253.27.13,1,40
41.173.9.21,1,40
188.175.241.111,4,440
185.49.252.227,21,840
93.228.25.229,1,32
86.184.169.22,1,32
104.15.195.68,12,2317
203.149.65.167,1,32
24.255.137.241,1,32
58.204.153.68,1,60
94.48.23.53,2,96
201.218.228.194,1,40
91.255.103.161,1,32
34.196.78.69,1,32
211.145.149.45,1,40
196.180.49.27,17,748
217.162.213.164,4,194
2.28.40.16,1,32
1.94.35.124,1,32
72.20.175.255,1,40
42.242.238.13,1,40
89.204.105.81,1,32
188.67.229.80,1,40
50.227.155.191,1,32
114.16.121.169,1,32
91.255.183.174,1,60
72.255.116.46,1,32
31.102.5.255,1,40
194.68.126.177,1,32
97.26.44.234,1,32
88.76.55.78,1,32
31.180.148.196,1,32
172.249.28.110,24,6073
105.159.173.122,1,32
99.146.85.102,1,32
171.144.183.102,1,76
213.227.9.109,4,160
190.52.106.53,1,32
143.7.104.68,1,78
73.239.71.211,1,32
50.206.202.140,1,32
91.71.7.214,1,32
113.62.196.13,1,60
80.8.105.42,2,80
70.58.74.156,1,32
84.217.117.88,1,32
54.226.50.220,1,477
58.22.181.230,1,40
162.194.80.126,6,6727
184.116.94.238,1,64
142.161.236.75,10,400
221.128.246.68,1,40
54.33.28.19,1,76
64.65.244.201,1,40
220.149.67.138,1,40
74.189.211.230,1,32
88.11.63.70,2,80
188.112.43.243,1,32
72.161.161.140,1,32
107.20.197.14,1,32
178.223.104.248,2,80
218.157.247.121,4,160
82.62.85.174,1,52
118.169.135.43,1,32
70.89.7.214,1,32
125.211.18.192,1,32
83.246.102.59,1,60
222.223.77.217,1,40
190.139.34.35,1,32
121.86.21.63,1,58
206.188.175.87,18,6582
47.89.7.66,1,60
213.175.138.194,1,157
175.163.194.184,1,32
91.53.171.204,1,32
185.186.197.195,1,52
114.56.84.98,1,60
114.34.116.81,1,32
111.93.154.124,1,44
200.9.106.91,1,32
91.12.72.65,1,32
178.91.158.114,1,44
185.72.26.31,7,280
59.18.47.35,1,88
2.30.52.125,1,32
177.162.164.253,1,84
86.239.166.128,2,96
188.175.96.131,3,120
109.105.52.151,1,32
172.198.202.105,1,32
218.244.8.112,1,32
31.150.165.22,1,60
27.37.198.212,1,76
183.86.227.72,1,40
45.125.162.26,1,40
52.77.33.103,1,32
184.12.54.33,1,32
202.120.237.58,1,56
101.42.190.31,1,48
79.19.148.107,1,32
172.249.25.186,24,4164
94.225.3.45,1,32
185.143.105.62,1,40
52.255.44.75,1,76
95.36.51.44,1,32
96.63.4.31,1,32
17.193.185.200,9,4238
186.212.240.195,1,32
23.219.202.134,1,32
185.72.26.105,25,1000
192.191.182.198,1,32
172.102.206.108,1,40
165.116.248.159,3,120
109.55.85.102,1,32
121.143.53.237,1,32
177.139.24.58,1,60
83.110.210.57,1,32
88.79.212.187,1,32
179.168.67.14,1,32
104.11.75.196,1,32
196.180.49.32,8,352
201.177.156.27,1,32
125.247.181.108,1,32
83.234.209.130,1,32
84.69.201.25,1,32
157.42.66.218,2,80
221.224.161.116,1,32
196.180.49.59,3,132
173.36.54.25,1,32
196.180.49.68,6,180
162.2.244.227,1,32
46.231.172.26,35,1400
31.182.137.64,1,32
106.26.227.189,1,32
60.57.90.39,1,32
109.52.22.18,1,32
185.72.26.109,2,80
89.37.242.35,1,32
221.31.194.69,1,32
116.137.68.24,1,52
198.55.56.21,1,32
117.113.237.46,1,40
14.217.7.220,1,52
178.222.5.217,1,40
98.116.222.159,1,32
78.99.173.40,1,32
103.57.164.61,1,44
85.180.133.42,1,32
62.237.19.100,4,1191
23.9.241.211,1,32
189.149.73.50,1,32
47.183.184.238,1,32
46.234.223.75,22,1144
73.91.149.92,1,32
162.12.51.215,3,120
68.220.15.169,1,168
118.248.249.209,1,32
198.51.104.135,1,40
14.40.251.249,1,60
65.101.49.104,5,6649
183.155.244.166,1,32
198.15.169.6,3,132
121.221.183.233,1,32
85.13.160.96,1,32
122.111.194.199,1,60
81.109.202.48,133,5320
18.231.232.82,5,371
96.124.185.167,1,32
182.99.23.150,5,200
171.149.241.219,1,132
64.22.165.115,10,752
23.61.18.212,1,40
5.91.104.6,1,32
188.114.41.13,1,32
92.101.30.137,1,40
114.18.75.178,1,32
52.120.149.62,1,40
2.156.14.201,1,52
71.230.250.111,1,40
172.249.29.70,5,503
20.86.217.72,9,920
42.176.75.106,1,52
64.65.244.209,1,40
54.217.134.15,1,32
47.50.251.236,1,32
166.159.172.176,1,32
94.108.210.214,1,32
66.221.119.180,1,32
50.239.4.135,1,32
185.72.27.101,20,800
112.237.126.21,2,80
99.162.87.239,1,32
67.253.133.86,1,32
59.1.6.202,1,32
71.230.250.242,1,40
36.164.21.20,23,1012
54.46.5.72,2,267
92.75.54.160,1,32
178.232.167.248,1,32
89.149.219.77,1,52
182.12.220.7,1,32
177.25.28.125,1,32
199.212.247.99,22,11692
74.235.13.18,1,44
123.254.40.243,1,44
217.67.0.2,1,60
46.228.101.37,8,352
156.60.194.18,1,40
114.63.104.163,1,32
165.229.131.95,3,120
87.198.73.1,1,32
202.85.83.21,2,80
167.148.99.50,9,360
66.97.248.145,1,32
45.207.245.227,1,32
104.131.199.239,1,32
157.42.35.77,6,240
211.175.23.49,17,1632
202.207.175.5,15,1226
156.57.154.8,1,40
218.159.108.123,1,52
119.139.193.38,1,32
190.43.152.98,1,44
199.48.47.74,8,7980
151.186.243.36,1,32
81.66.203.70,1,32
186.208.54.119,1,32
103.156.51.143,1,28
213.106.81.0,1,40
109.146.41.100,1,32
162.0.134.194,1,32
125.33.150.10,1,44
216.68.133.202,1,52
173.78.116.217,1,32
71.230.251.249,3,660
46.108.237.11,1,32
75.179.11.235,1,32
223.49.31.18,1,52
32.208.190.134,1,32
220.146.157.43,1,40
187.254.172.243,1,32
82.55.61.249,1,52
189.21.8.209,1,32
187.79.74.75,1,32
124.56.196.210,1,32
123.193.235.38,1,132
87.74.93.56,1,32
176.163.57.58,1,32
45.35.169.126,1,32
190.213.43.208,1,32
87.196.203.30,1,32
179.253.39.76,1,32
24.141.213.14,1,32
81.215.124.227,1,44
98.124.213.182,1,32
71.230.134.127,3,132
13.31.167.156,1,76
221.137.244.169,1,32
122.111.194.214,1,60
196.180.49.188,9,396
178.245.140.137,20,800
118.229.181.78,1,32
82.231.254.161,1,32
220.55.107.86,1,32
119.84.197.24,1,60
190.39.118.201,1,32
96.2.45.189,2,221
88.225.70.165,1,32
174.212.94.138,1,32
108.73.145.19,2,80
92.125.73.178,1,40
81.189.212.41,1,32
105.195.112.177,1,32
123.123.222.215,1,32
220.116.150.64,1,32
139.155.221.163,1,32
45.218.163.190,1,60
172.103.157.2,3,120
58.51.179.41,1,60
195.14.23.171,5,420
84.186.215.137,1,32
117.38.198.69,3,120
133.175.35.218,1,56
89.227.24.63,1,32
31.149.245.198,1,40
191.110.72.202,1,32
54.45.231.250,10,5230
216.33.85.91,1,68
189.112.85.207,1,32
177.61.96.127,1,32
185.72.27.61,19,760
185.72.26.108,3,120
73.105.119.161,1,32
186.3.102.135,1,32
193.48.73.117,1,32
73.215.42.139,1,32
172.249.25.142,32,22563
64.65.244.42,3,120
220.11.131.189,1,32
189.81.123.73,1,32
220.180.156.170,1,40
23.80.3.30,1,52
71.253.141.46,1,32
110.222.157.215,1,32
66.48.105.102,1,32
187.172.16.33,1,60
13.185.163.122,1,32
46.85.77.154,1,32
27.61.247.25,1,32
71.38.136.6,1,32
124.212.86.65,1,32
14.167.73.202,1,52
101.209.117.100,1,60
209.191.21.108,1,32
41.215.236.152,1,60
107.21.206.16,1,52
115.202.218.225,1,40
202.228.117.198,20,6831
178.224.154.182,1,32
51.161.114.94,5,769
17.147.94.135,5,398
152.222.109.61,1,40
196.180.49.21,6,264
112.48.120.61,1,32
27.243.220.105,2,104
108.55.3.90,1,32
105.36.221.215,1,32
113.62.161.143,1,48
117.231.170.26,1,32
193.213.114.243,1,32
86.252.253.7,1,32
203.136.241.9,1,44
178.222.109.216,1,40
23.83.251.94,11,5303
184.154.114.67,5,200
139.235.120.238,1,32
37.138.105.149,1,32
81.109.202.10,37,1480
102.186.5.108,1,32
205.105.139.14,1,32
87.87.230.96,1,32
95.202.75.3,1,32
64.22.165.173,5,508
181.223.108.90,1,32
222.74.112.174,1,56
148.59.169.12,1,32
220.61.37.197,1,32
125.33.33.55,1,44
116.176.46.241,1,40
188.68.95.6,1,32
5.64.104.136,2,80
192.227.248.182,1,32
92.74.215.86,1,32
175.171.85.34,7,280
134.214.119.79,30,33631
210.205.201.64,1,40
151.252.130.246,1,60
66.194.62.100,1,32
50.50.13.120,1,40
23.250.10.145,1,32
213.218.249.121,1,32
97.5.67.240,1,32
124.226.211.134,1,40
189.173.253.96,1,40
175.247.118.182,1,32
66.3.23.18,1,32
179.235.242.194,1,32
1.194.233.118,1,32
193.216.222.159,25,1000
185.247.40.79,1,32
197.49.200.101,1,40
31.145.243.92,1,32
93.174.99.115,1,32
23.94.228.192,7,887
13.184.130.134,1,40
74.237.57.246,1,32
73.18.7.226,1,32
221.244.246.67,1,32
40.59.62.191,1,165
191.206.182.177,1,32
47.48.249.132,1,32
12.21.248.106,1,32
69.240.33.202,1,32
42.94.148.144,1,76
45.123.6.49,1,32
179.239.69.193,1,32
82.33.106.191,3,132
76.68.192.221,1,32
203.90.53.237,1,32
212.0.123.213,1,58
109.145.52.40,1,32
202.46.27.16,3,252
189.209.76.60,1,32
219.124.98.174,1,60
151.26.215.76,1,52
183.188.60.2,40,49357
24.78.141.161,1,32
83.116.94.15,1,44
60.91.243.58,1,48
110.69.117.43,1,32
183.246.190.52,1,52
181.95.143.86,1,32
190.143.233.111,1,32
54.208.6.74,1,76
218.128.12.164,6,700
67.81.226.61,1,32
69.247.53.52,1,32
93.165.44.93,1,40
114.51.185.29,1,32
122.119.87.209,1,60
199.172.67.29,4,160
198.53.37.41,8,387
185.72.27.53,21,840
217.178.79.27,2,96
87.228.117.164,1,32
133.173.248.119,1,32
103.41.110.143,1,40
71.230.250.94,1,40
141.42.29.31,1,40
90.42.189.67,1,32
189.22.11.17,1,32
36.27.22.172,1,32
219.115.11.5,1,32
191.181.58.248,1,32
37.245.147.222,1,40
124.167.51.65,3,132
101.63.37.82,1,48
88.11.63.81,2,80
217.236.86.40,1,32
181.220.85.113,1,40
5.188.105.96,4,528
52.122.185.166,1,32
182.243.177.138,4,1429
185.72.27.121,19,760
103.30.108.177,5,200
142.161.238.230,9,360
71.230.250.209,1,40
190.151.182.10,1,60
14.104.23.145,1,32
103.97.106.251,1,82
156.43.204.202,1,40
31.113.147.118,4,222
114.155.132.190,1,48
151.106.127.201,18,792
94.26.89.98,1,44
201.153.200.155,1,40
66.99.123.155,1,32
185.72.27.125,16,640
66.224.45.150,4,1344
107.136.37.42,1,32
79.152.96.213,1,32
52.120.235.55,1,32
173.182.251.151,1,32
79.121.176.156,1,32
68.74.23.184,2,80
38.132.139.107,1,32
13.204.233.1,1,52
223.61.133.97,1,32
112.3.87.147,1,32
190.189.199.87,1,40
66.22.241.101,1,60
42.60.137.120,1,32
61.67.11.163,1,60
145.254.201.116,1,32
81.109.202.69,30,1200
140.107.249.175,1,32
220.178.198.30,1,32
115.91.171.195,1,48
185.72.27.118,26,1040
122.180.0.185,1,56
124.162.6.126,1,32
92.51.253.187,1,60
59.3.4.244,1,32
119.86.161.164,1,40
91.211.85.11,1,32
212.231.116.107,1,32
23.251.251.113,1,32
81.65.72.156,1,32
185.213.49.122,3,120
220.49.223.40,1,40
17.193.183.200,1,52
60.143.110.214,2,104
47.127.154.143,1,40
67.67.52.191,1,56
126.201.8.21,1,32
5.235.249.141,1,32
191.111.151.109,1,32
175.213.100.164,1,32
186.55.233.189,1,40
24.25.53.61,1,32
212.2.178.42,8,1102
123.62.35.61,1,136
37.68.198.234,1,32
154.142.176.53,1,40
18.178.1.47,2,966
23.71.73.185,1,32
201.111.105.165,1,44
171.149.42.185,1,76
14.179.151.96,1,32
2.221.72.86,1,32
94.109.206.65,5,343
12.23.244.40,1,32
71.37.139.218,1,32
79.38.55.163,1,32
177.222.54.4,1,32
216.204.127.193,1,52
206.57.241.177,32,6955
192.63.23.252,1,32
217.196.182.86,1,32
178.103.27.153,8,320
183.243.17.113,1,64
24.25.234.176,1,32
46.173.239.199,1,32
185.134.52.211,11,1331
47.244.36.188,4,336
212.214.133.250,1,32
139.173.159.118,2,80
90.113.149.213,1,40
202.190.15.194,2,120
122.53.235.196,1,32
143.7.81.133,3,144
193.250.66.102,1,56
134.214.46.204,6,240
23.254.88.34,2,80
197.237.211.195,1,60
142.161.233.47,7,311
24.103.137.118,1,32
88.227.11.44,1,32
95.148.225.168,1,32
88.11.63.93,2,80
41.79.181.101,1,32
162.1.249.61,1,32
114.152.30.37,2,80
1.193.123.2,1,32
196.204.127.191,1,32
52.126.166.123,1,52
89.214.30.105,2,80
168.37.71.125,2,88
180.83.132.123,1,60
23.66.54.64,4,510
92.255.122.193,2,135
32.83.171.126,1,32
167.139.227.183,1,60
45.113.84.249,1,32
178.121.52.93,1,40
195.54.145.138,1,84
193.216.222.161,13,520
202.233.58.145,2,112
78.52.85.136,1,32
66.249.182.82,3,868
54.224.252.100,1,32
89.246.45.132,2,80
88.40.70.35,2,88
206.55.64.8,1,32
82.228.1.114,5,420
139.173.140.86,2,80
108.183.4.126,1,32
122.57.82.219,1,44
92.216.155.243,1,32
112.241.58.195,1,32
217.32.117.96,1,32
34.213.64.194,1,32
37.246.52.45,1,32
221.108.22.171,1,32
213.231.85.86,1,32
217.180.103.22,15,15636
109.223.244.64,1,40
94.231.184.199,1,32
182.189.183.49,1,40
187.163.152.33,1,56
96.193.185.231,1,32
223.158.210.102,4,336
93.37.216.139,1,40
211.63.203.218,1,60
179.156.246.192,1,32
175.55.246.12,1,32
38.58.43.100,1,32
190.95.185.253,1,32
210.111.133.94,2,80
195.198.120.238,10,600
106.97.169.63,3,120
77.250.24.120,1,32
47.121.80.188,2,168
87.70.54.196,1,32
216.102.78.113,1,60
92.107.107.65,1,44
46.117.245.66,1,32
79.218.85.124,1,32
175.140.139.217,1,32
90.12.118.209,1,32
61.94.52.222,1,32
88.77.215.42,1,32
27.251.221.250,1,32
148.247.244.131,1,32
188.167.31.126,1,52
91.37.133.252,1,32
126.78.233.119,1,32
212.128.193.233,1,52
61.110.250.117,1,60
71.230.250.170,2,80
104.79.52.57,1,32
198.15.182.21,1,44
200.61.152.215,1,32
54.165.180.125,1,32
209.17.43.213,1,32
80.14.32.113,1,56
80.210.152.254,1,40
103.200.185.27,1,56
91.166.28.129,1,32
87.113.153.107,1,32
74.193.112.181,1493,2161555
84.228.182.30,1,32
88.113.106.238,1,32
41.170.54.6,1,44
151.203.42.138,1,44
101.36.135.118,1,32
222.107.155.181,1,32
211.79.240.122,1,60
184.185.34.62,1,32
201.12.208.205,1,60
115.31.137.255,1,32
128.60.4.94,1,32
101.159.57.7,2,120
198.187.244.69,1,60
60.134.224.109,1,52
184.14.91.185,2,226
212.98.163.145,1,44
72.89.213.17,1,32
66.247.69.62,17,868
82.47.230.155,1,32
76.155.64.66,1,56
176.25.10.212,2,80
94.228.75.174,1,32
202.228.117.199,10,3354
64.109.34.226,1,40
202.228.117.203,10,3345
36.251.103.28,1,32
165.229.141.192,5,200
116.199.68.194,1,32
189.195.190.93,1,32
75.97.181.120,1,32
179.151.60.253,1,32
5.235.194.137,1,40
185.72.26.104,20,800
113.37.205.192,1,52
172.119.244.249,1,32
61.103.181.164,1,32
94.211.149.225,1,32
212.139.13.163,1,56
213.170.198.237,1,32
27.216.98.130,1,132
58.150.106.139,1,44
93.216.90.160,1,32
83.144.12.1,1,96
79.115.117.71,1,32
184.176.84.126,1,32
84.120.219.190,1,32
217.4.65.126,1,32
104.109.225.31,13,13588
85.29.94.81,1,40
123.126.183.13,12,778
71.230.250.182,1,40
106.71.91.144,4,176
205.3.193.31,1,32
174.171.42.181,1,32
61.70.115.13,2,248
121.85.211.217,1,48
103.43.90.5,1,60
184.39.244.115,1,32
67.157.251.39,1,32
80.212.114.216,13,1375
36.248.164.141,1,32
172.116.7.163,1,32
71.230.250.222,2,80
112.252.235.238,1,32
172.249.30.145,50,10695
93.41.148.187,1,32
165.229.131.38,7,280
104.75.146.41,6,2719
5.63.179.166,1,32
71.230.251.248,4,160
94.241.162.123,1,32
174.206.185.0,1,32
113.28.154.216,1,40
79.73.198.241,1,32
188.137.53.26,1,32
176.54.240.6,1,60
103.229.149.158,1,32
88.245.202.101,1,40
179.225.84.51,1,32
89.177.83.56,1,32
191.119.35.79,1,40
52.249.193.102,1,76
124.237.35.64,1,52
61.81.111.93,1,52
77.247.133.83,1,32
107.9.55.255,9,360
41.249.212.65,1,32
185.60.165.203,6,728
88.57.47.18,1,40
198.118.65.79,1,32
156.35.158.83,1,40
119.22.120.13,1,32
76.149.233.153,1,32
59.175.123.83,1,32
130.145.198.185,1,32
37.18.138.169,1,40
119.129.59.177,1,76
220.90.55.5,1,32
83.238.122.93,1,32
147.130.189.227,1,52
61.65.210.78,1,52
149.140.193.7,1,32
65.157.134.224,1,32
90.14.116.113,1,32
115.202.146.138,1,40
151.252.37.195,1,44
102.103.119.142,1,60
139.173.184.33,1,40
83.194.71.74,1,32
177.98.244.151,1,32
118.207.190.201,1,132
111.241.94.226,1,52
1.82.230.45,1,40
178.162.1.211,1,40
24.52.11.24,1,32
89.246.132.190,1,32
68.169.202.224,1,32
87.100.151.249,1,69
136.178.229.131,1,60
112.153.69.207,1,32
95.84.42.229,1,32
197.39.46.175,1,52
69.139.194.58,1,32
213.186.200.253,1,32
122.119.206.87,2,80
72.217.217.39,1,32
123.170.56.190,3,372
122.180.121.134,2,80
183.188.30.141,201,233116
182.47.121.83,1,32
223.138.231.119,1,60
111.249.96.207,1,52
52.76.147.103,1,32
108.73.130.77,3,652
83.31.196.14,1,32
218.92.183.234,1,32
88.155.189.5,1,32
185.72.27.6,20,800
188.172.193.138,130,185380
83.29.201.177,1,32
111.249.7.201,1,48
40.134.121.54,1,40
105.206.12.63,66,3656
50.159.242.126,4,224
49.194.56.72,1,76
173.221.210.119,2,109
209.118.231.34,1,44
77.64.3.215,1,44
189.222.56.243,1,32
222.214.138.51,1,52
72.181.218.58,1,32
92.55.59.234,1,32
23.218.212.197,1,32
113.24.192.22,2,88
183.108.195.125,1,60
61.131.18.26,8,320
87.68.43.255,1,32
154.140.43.179,1,32
50.141.164.239,44,62530
190.167.6.109,1,32
81.240.39.252,1,32
182.221.65.116,1,76
186.50.119.17,1,60
122.244.233.207,1,32
69.133.225.232,6,312
213.131.88.177,1,40
197.111.114.15,1,40
17.71.208.50,1,83
166.246.96.198,1,32
177.221.15.79,1,40
52.30.151.120,10,7649
188.217.181.119,1,32
182.100.187.162,1,32
46.42.85.31,3,120
65.193.102.59,1,32
114.161.181.49,1,40
120.147.75.113,1,32
24.235.151.113,1,32
172.249.162.206,12,1821
104.248.236.24,4,217
50.237.8.45,1,32
76.69.39.48,1,32
17.147.94.132,1,40
27.66.177.114,1,48
122.236.163.33,1,52
74.193.187.99,3,171
92.16.223.176,1,32
85.110.35.215,1,32
54.226.18.145,10,7108
36.26.150.232,1,32
113.243.71.62,1,32
12.74.87.157,1,32
201.11.70.118,1,32
71.230.250.89,1,40
211.88.171.14,1,60
113.247.102.70,1,76
64.197.162.46,1,56
67.108.196.139,1,32
185.72.26.13,10,400
79.208.120.94,1,32
90.84.252.108,1,56
188.175.214.69,3,120
24.62.103.166,1,60
202.149.23.216,1,32
119.121.200.9,1,32
130.1.58.10,1,32
196.76.88.225,1,32
182.53.159.92,1,48
129.237.32.219,2,80
113.215.83.11,1,76
122.236.170.121,3,208
125.245.103.114,1,32
139.232.216.20,1,76
106.50.130.94,1,48
39.42.158.49,1,40
209.111.135.226,1,32
120.180.155.148,28,1232
52.254.101.246,1,76
125.231.82.12,1,32
93.178.175.238,1,32
62.76.114.126,1,60
90.84.254.104,1,56
62.160.73.165,1,32
90.84.253.150,1,56
85.71.16.119,1,56
176.197.114.34,1,61
89.199.72.64,4,942
90.77.214.26,1,32
113.241.68.118,1,32
118.14.2.210,3,156
85.71.16.76,1,56
23.249.8.110,1,32
69.132.86.220,1,32
90.84.252.133,1,56
189.83.121.121,1,32
87.17.163.93,5,420
120.159.52.142,1,40
139.173.134.7,1,40
54.33.189.1,2,111
24.100.116.229,1,32
108.189.187.36,1,60
5.203.108.199,1,40
142.113.105.58,1,32
80.10.39.243,1,32
1.63.133.149,1,48
172.102.237.232,2,80
140.250.226.205,1,76
217.9.180.131,1,32
96.94.183.216,1,32
172.103.154.82,1,40
75.110.4.174,1,32
103.86.61.8,1,32
89.223.149.65,1,32
188.10.181.172,1,40
190.165.4.245,1,32
31.113.147.114,146,179857
125.234.249.95,1,32
94.16.137.75,1,32
160.184.3.148,1,32
188.115.215.30,1,32
45.77.204.223,1,40
171.163.139.129,1,52
113.246.159.60,1,76
98.19.43.11,1,32
90.84.255.171,1,56
61.63.65.249,1,32
222.72.22.138,1,48
90.84.255.74,1,56
89.26.26.168,5,420
74.132.90.62,1,32
91.75.215.238,1,32
91.233.136.4,1,32
91.112.234.135,1,32
63.217.7.9,1,32
90.84.253.86,1,56
185.85.227.17,1,40
42.87.57.141,1,32
117.254.197.200,1,40
90.84.252.127,1,56
58.235.19.230,1,60
1.65.187.228,1,32
47.205.141.222,1,32
176.194.49.51,1,32
177.148.241.66,2,80
170.207.7.180,1,32
82.227.116.201,1,32
218.221.219.63,1,32
80.92.29.64,1,32
114.45.39.93,7,388
80.123.64.2,1,32
162.8.33.22,18,6606
186.22.47.237,1,40
38.132.128.138,1,60
183.152.6.104,1,32
59.151.52.172,1,96
80.229.136.132,2,168
141.153.220.58,1,32
134.214.62.229,1,60
17.172.62.66,9,7629
179.87.1.163,1,32
90.84.253.127,1,56
90.84.253.176,1,56
90.84.252.7,1,56
82.156.136.163,1,32
211.225.171.113,1,32
90.84.250.5,1,56
213.167.254.92,1,60
90.113.148.54,1,40
84.68.215.247,1,32
221.166.43.2,1,32
139.173.186.130,3,120
218.159.88.69,1,40
65.253.168.73,1,32
76.139.248.200,1,32
90.84.251.100,1,56
47.127.52.91,5,200
92.227.185.31,1,32
196.180.49.2,4,176
85.25.67.173,1,32
96.92.132.55,1,32
125.240.109.89,2,104
157.134.45.142,3,880
126.189.199.166,1,32
139.68.232.31,5,200
173.188.101.126,1,32
220.131.74.133,1,96
58.58.101.87,1,32
65.158.123.111,1,32
88.224.198.186,1,32
66.46.247.106,1,40
37.70.4.223,1,32
79.39.41.44,1,32
80.157.121.203,1,32
78.18.75.55,1,32
155.15.132.220,1,40
112.177.98.156,1,32
120.201.137.114,1,32
52.86.74.144,1,32
132.228.136.28,1,32
104.120.157.124,1,1500
60.28.41.191,1,52
201.72.126.98,1,32
216.68.7.154,1,96
109.210.248.46,2,120
218.132.62.46,1,32
75.163.107.114,1,32
159.52.33.95,2,80
124.11.108.28,1,32
178.107.177.145,1,32
172.249.252.158,1,52
185.72.26.63,10,400
177.231.38.129,1,60
218.128.12.128,6,488
90.84.255.136,1,56
78.16.70.203,1,32
79.201.0.248,1,32
218.190.162.223,1,32
185.104.111.133,5,280
73.19.119.82,1,32
196.180.49.71,5,220
189.150.123.107,1,32
37.47.72.149,1,52
42.85.43.117,1,32
206.198.248.89,1,32
24.211.20.190,1,32
76.244.152.94,1,32
180.78.138.106,1,40
49.30.145.51,1,52
87.160.243.213,1,40
188.11.134.53,1,40
71.230.250.1,1,40
201.176.150.250,1,60
87.31.162.141,1,32
173.172.151.33,1,32
40.140.35.182,1,32
117.102.212.168,1,32
188.212.62.80,1,32
5.188.104.192,1,52
109.202.146.181,1,40
155.153.9.20,1,32
46.183.49.183,1,40
114.192.155.250,1,32
159.153.172.26,10,400
178.223.240.180,1,40
77.241.122.87,220,95539
94.18.251.34,1,32
71.52.165.169,1,32
52.30.163.223,4,160
185.169.68.39,1,32
81.190.40.31,1,32
186.245.254.155,1,40
83.234.236.7,2,80
138.221.89.121,2,80
114.110.42.38,1,32
31.170.60.121,1,32
219.199.50.213,1,44
122.176.17.149,1,48
37.47.79.62,2,104
117.100.57.87,1,32
88.90.202.47,1,32
81.80.165.166,1,32
52.254.12.102,1,76
125.64.193.245,1,32
95.200.169.251,1,32
123.126.34.141,1,52
190.40.63.6,2,80
159.153.180.3,4,160
217.147.4.225,5,420
122.182.176.147,1,44
76.155.235.198,1,60
90.173.6.250,1,32
14.227.83.15,1,52
189.98.134.238,1,32
31.163.200.51,1,40
216.211.36.138,1,92
186.7.181.149,1,60
138.221.254.166,1,40
174.155.156.69,1,32
98.26.62.28,1,32
74.79.142.46,1,32
60.242.89.5,1,32
49.124.120.201,1,32
113.209.214.118,1,52
209.238.124.173,9,396
109.122.54.21,1,32
108.181.6.115,1,32
46.109.224.157,1,44
115.246.158.69,1,32
123.154.44.232,1,52
191.210.49.2,1,32
173.240.35.187,1,64
197.49.123.78,1,40
196.180.49.29,7,308
122.40.250.77,1,32
82.159.123.145,1,32
186.41.131.3,1,60
206.190.30.175,7,280
96.61.120.199,1,32
82.115.236.195,1,40
78.143.6.34,1,32
181.42.72.83,1,32
98.88.90.91,1,32
88.66.182.210,1,44
103.23.11.182,1,131
95.79.215.106,1,32
175.231.232.95,1,32
62.102.37.55,1,40
179.85.226.182,1,32
182.53.143.226,1,48
13.207.187.170,1,76
79.127.192.13,4,160
179.193.234.14,1,32
27.219.48.82,1,40
190.22.215.189,1,32
210.154.7.194,7,1360
95.142.9.9,1,32
201.9.139.209,1,32
68.74.17.143,2,80
190.39.59.14,1,60
183.134.22.142,1,32
184.173.6.175,1,32
159.239.134.126,1,32
113.28.122.92,1,32
69.183.61.180,1,32
68.152.20.88,1,32
115.193.22.224,1,32
85.110.131.101,12,480
61.67.38.139,1,32
46.187.13.235,1,32
217.198.116.101,1,32
187.200.170.27,1,32
76.247.91.123,1,32
118.88.65.58,1,32
117.248.209.188,1,40
41.162.31.248,1,40
47.137.105.89,1,32
197.235.22.49,1,32
222.82.19.193,1,52
101.186.215.12,1,32
27.56.66.96,1,132
75.137.104.113,1,32
185.88.80.117,1,113
98.8.222.110,1,32
177.223.215.236,1,32
50.244.157.106,1,32
81.250.236.12,1,44
23.59.235.247,1,32
54.218.25.105,1,60
39.16.62.145,1,48
118.202.68.182,1,60
86.154.251.47,1,32
101.121.180.23,1,32
198.120.232.31,1,32
129.226.116.24,1,32
146.51.193.56,1,32
185.48.172.155,10,400
196.203.183.65,1,32
173.173.169.78,1,32
200.16.73.62,1,32
37.38.155.207,1,32
118.89.129.77,1,32
173.181.8.111,1,32
23.91.203.86,1,32
71.233.22.3,1,32
52.236.166.42,1,32
114.236.128.159,1,32
126.132.240.177,2,104
78.65.238.87,1,44
5.205.19.180,1,32
185.237.195.58,1,32
59.125.125.122,1,40
52.15.166.57,1,76
93.214.36.206,1,32
115.54.53.148,1,32
177.205.74.45,1,56
78.3.151.99,1,44
201.10.201.60,1,32
194.227.63.152,1,40
60.65.189.201,1,32
98.128.138.71,1,32
173.230.11.34,1,32
190.148.181.107,1,32
118.134.61.97,2,80
5.247.229.54,1,32
200.70.63.29,1,60
119.205.185.159,1,32
66.64.168.199,1,32
196.203.71.62,1,32
85.91.223.98,1,32
88.4.75.7,1,32
173.57.164.227,1,32
221.94.68.152,1,32
203.166.184.152,1,386
69.187.121.22,1,32
37.227.143.181,1,60
121.177.148.211,1,32
115.18.18.193,1,60
141.23.50.74,1,60
93.108.62.29,1,32
1.247.195.101,1,48
115.65.97.187,1,44
32.209.79.216,1,32
41.114.199.72,1,32
34.220.170.140,1,32
38.152.22.4,1,32
71.230.251.251,8,320
113.49.43.121,1,32
115.97.217.127,1,32
121.122.168.27,1,32
61.26.0.89,6,240
218.228.158.110,1,32
23.85.12.6,41,30865
71.230.89.34,1,32
79.103.22.60,1,96
203.130.255.193,1,32
183.121.120.74,18,1072
42.180.110.34,1,32
179.70.110.147,1,32
197.149.95.52,1,32
1.85.73.60,1,48
88.82.174.150,1,32
115.241.200.186,1,32
181.66.177.100,1,32
208.100.8.32,1,32
81.150.163.2,1,32
184.37.6.126,1,32
178.16.114.197,1,32
115.205.129.130,1,32
172.249.28.100,5,1036
45.22.139.233,1,32
95.210.170.75,1,32
113.198.173.91,1,60
54.198.7.44,3,318
113.33.110.210,1,60
95.26.229.52,1,32
98.32.119.190,1,32
114.17.120.244,1,32
134.214.83.31,2,80
178.186.244.199,1,60
172.119.52.97,11,466
217.197.70.185,1,32
183.250.14.91,1,52
12.20.249.196,1,32
91.232.137.116,2,64
113.144.209.17,1,32
139.68.202.55,8,320
190.39.8.30,1,44
72.93.240.158,1,32
76.13.152.89,1,32
74.241.104.44,1,32
104.25.53.151,1,32
74.201.107.211,1,32
187.215.26.9,1,32
47.85.20.180,1,32
97.30.56.1,1,32
77.239.98.146,1,44
221.138.6.210,1,32
124.15.171.176,1,32
188.181.108.137,1,32
49.219.222.42,1,76
173.163.221.121,1,32
222.167.55.14,1,32
169.22.48.62,1,32
73.160.126.79,1,32
212.166.69.162,1,60
180.149.157.119,1,40
93.151.245.38,1,60
175.201.57.159,1,32
139.173.147.5,3,120
188.39.187.212,1,32
49.219.66.207,1,48
113.70.137.72,1,60
111.88.73.119,1,32
192.33.42.167,19,27782
218.128.12.186,5,592
114.168.2.175,1,40
46.6.63.189,1,32
115.242.43.176,1,32
96.88.48.217,1,32
42.233.66.21,1,60
91.151.32.159,1,32
180.78.35.59,1,32
68.150.93.158,1,32
193.162.132.50,1,32
177.156.174.203,1,32
186.221.128.32,1,32
196.180.49.34,4,304
78.141.123.8,1,32
37.196.169.102,1,32
191.85.14.141,1,32
108.73.130.252,5,236
46.118.204.175,1,60
31.168.174.126,1,32
88.156.137.241,1,32
201.212.114.5,1,40
34.252.9.1,1,32
201.243.101.189,1,40
165.253.209.28,1,32
76.132.25.69,1,32
196.75.228.250,1,48
177.173.119.131,1,32
18.152.168.77,15,4568
94.198.33.185,1,32
184.97.137.122,1,32
121.66.63.70,6,2868
179.74.153.55,1,32
71.230.250.131,2,80
187.59.190.75,1,32
79.235.75.105,1,32
112.173.124.9,8,320
211.92.180.57,1,32
117.41.3.149,1,40
175.175.108.112,1,60
64.22.165.80,1,40
190.166.57.138,1,32
88.159.11.142,1,32
113.112.78.105,1,60
14.36.96.224,1,40
221.34.25.130,1,32
2.35.246.16,1,32
95.34.101.221,1,32
90.13.118.49,1,32
94.194.76.123,1,40
77.38.233.201,1,44
47.244.10.123,3,252
121.184.185.33,1,32
183.97.51.81,1,40
79.52.218.99,1,32
73.72.120.52,1,32
12.250.249.102,1,32
223.158.204.137,2,192
212.89.202.41,1,32
120.183.22.103,1,32
196.180.49.0,7,210
156.60.7.37,1,40
46.169.248.179,1,60
14.49.232.52,1,32
71.230.251.253,2,80
31.163.130.94,1,40
192.113.190.168,1,32
189.91.254.144,1,32
54.135.137.169,1,32
90.113.156.121,1,40
61.108.204.82,1,60
124.215.148.107,1,32
38.184.169.231,1,32
186.189.227.219,1,32
104.109.213.107,18,9243
188.228.137.106,1,32
212.82.222.214,1,32
42.19.183.177,1,32
108.73.145.146,27,6935
64.193.239.64,1,56
173.245.6.39,1,32
83.252.0.19,1,96
110.77.198.195,1,60
185.85.85.176,1,40
114.170.173.166,1,60
210.18.102.122,1,32
66.255.171.211,1,32
60.31.196.217,1,132
43.222.106.85,1,60
216.68.133.205,22,7949
122.117.250.39,1,52
84.138.249.80,1,32
85.186.40.1,1,32
46.185.16.60,1,40
221.40.216.88,1,40
196.36.56.75,1,32
219.4.25.80,1,32
49.87.156.122,2,505
71.134.40.83,1,32
159.137.143.195,6,240
93.226.80.102,1,32
218.193.8.46,2,80
83.28.137.225,1,32
107.9.37.247,8,320
195.229.239.86,1,44
154.142.158.193,1,40
46.118.205.209,1,60
83.249.188.177,1,40
104.89.193.37,1,32
113.210.125.223,1,52
2.29.57.96,1,32
103.214.64.14,2,905
98.255.42.104,1,32
111.73.66.237,1,60
73.202.104.134,1,32
202.112.39.150,2,80
115.81.167.74,2,100
196.180.49.20,8,352
172.102.228.13,3,120
182.198.168.185,1,32
68.155.232.236,1,32
94.230.72.81,1,32
87.92.237.185,1,32
183.227.206.213,1,48
27.60.6.83,1,32
82.246.56.212,1,32
52.93.56.8,2,341
131.34.7.25,1,32
93.180.41.18,1,32
80.31.60.152,1,32
176.45.182.106,1,32
174.235.139.145,1,32
72.75.38.200,1,32
94.204.149.220,1,32
211.42.199.14,1,32
199.212.245.10,19,10105
212.144.104.145,1,40
209.110.136.36,1,32
37.58.9.131,1,32
65.99.249.184,1,32
31.200.142.32,1,32
185.72.27.94,16,640
202.165.71.83,1,48
106.10.247.102,2,104
195.36.43.46,1,60
46.183.184.113,1,32
197.150.156.42,1,32
193.222.133.49,2,100
114.28.219.214,1,32
189.67.193.90,1,32
38.170.227.3,1,32
52.71.148.241,1,32
71.182.9.49,1,32
213.219.104.155,1,32
121.174.167.145,1,40
187.43.119.222,1,32
121.253.187.40,1,32
95.99.15.73,1,60
185.129.48.241,2,152
175.248.129.110,1,32
60.132.138.21,1,86
71.230.250.237,1,40
185.253.188.237,1,44
50.207.43.198,1,32
71.230.250.82,1,40
156.221.168.50,1,32
83.194.247.38,2,332
189.20.248.41,1,32
118.114.193.148,3,265
100.213.101.78,1,32
124.53.135.98,1,89
70.37.202.189,1,32
68.197.214.59,1,32
47.19.187.228,1,32
50.22.173.149,1,60
108.92.9.69,1,60
165.121.107.249,1,32
188.9.42.226,1,32
103.122.97.119,1,40
80.169.7.86,1,44
196.222.109.177,1,32
189.138.137.32,1,32
124.53.135.4,3,260
123.119.185.255,1,60
185.12.25.165,13,520
194.225.244.38,1,32
218.99.215.186,1,40
177.228.165.54,1,40
92.226.120.180,1,32
173.224.89.14,1,32
82.225.200.1,1,32
14.205.6.29,2,80
108.15.148.184,1,32
199.59.5.103,1,32
99.16.124.101,1,40
93.165.174.20,1,52
190.94.121.62,1,32
66.191.22.137,1,32
177.67.183.95,1,44
139.173.130.252,2,80
18.227.104.39,1,32
79.72.248.38,1,32
159.52.166.94,7,280
151.78.219.166,1,40
64.121.173.121,1,32
139.43.143.99,3,120
59.146.203.22,1,32
113.189.22.252,1,32
81.143.58.122,2,161
89.225.227.50,1,56
72.162.31.191,1,40
134.71.150.91,1,32
71.215.240.185,1,60
14.32.229.149,1,32
23.92.235.34,2,111
190.180.70.127,1,40
211.236.126.188,2,80
71.230.250.23,1,40
115.245.128.211,1,32
46.81.170.74,1,60
31.129.70.231,1,32
220.162.200.22,1,32
110.204.5.151,1,32
84.116.63.182,1,32
67.146.30.53,1,32
202.143.125.160,1,40
12.142.95.61,1,32
52.237.152.171,1,32
70.82.36.166,1,32
219.113.173.235,2,104
72.215.172.184,1,32
174.232.87.37,1,32
218.136.151.122,1,32
198.15.145.129,8,352
46.81.168.136,1,32
61.26.176.83,1,40
69.196.122.135,2,112
103.25.88.34,1,32
118.114.193.130,3,531
17.132.124.202,12,6767
73.34.100.102,1,32
167.198.72.197,1,32
93.46.212.203,1,40
113.70.137.185,1,52
178.189.42.152,1,32
184.20.36.141,1,32
193.98.135.145,1,32
87.80.222.25,1,32
27.97.27.205,1,76
196.39.47.68,1,44
31.163.132.156,1,40
181.98.253.140,1,32
183.235.102.18,1,52
182.182.253.230,1,32
84.87.43.195,1,32
87.26.35.195,1,60
182.182.20.169,1,48
193.34.29.128,1,60
190.107.138.23,1,32
65.62.105.5,1,32
172.103.218.223,4,160
185.72.27.49,7,280
170.17.203.227,1,40
52.14.176.59,1,76
52.86.213.46,1,32
191.233.1.184,1,32
202.139.120.213,1,32
198.41.15.194,8,6636
39.25.216.84,1,32
83.80.197.166,1,32
134.214.180.168,7,280
183.188.61.226,43,15875
82.245.222.55,1,32
182.89.137.202,36,17763
185.253.188.210,1,44
54.243.98.28,1,32
60.140.97.102,1,32
75.79.202.193,1,32
113.159.210.6,2,256
145.14.118.137,1,32
113.29.246.222,1,132
219.108.22.178,1,32
210.143.94.145,1,60
183.188.23.182,9,7344
96.2.45.197,1,141
5.64.104.151,2,80
211.41.192.83,1,32
80.220.84.225,1,32
108.74.249.171,1,32
109.229.252.73,1,60
71.169.86.71,1,32
1.66.152.152,1,32
172.117.246.11,1,32
84.118.162.215,1,32
2.33.244.134,1,32
5.106.87.167,1,32
174.199.247.32,1,32
91.222.183.236,1,32
140.229.215.118,1,32
61.45.81.195,1,52
108.73.130.76,19,2806
185.216.209.144,1,44
110.73.9.78,1,32
23.40.248.55,1,32
58.34.138.63,1,32
168.17.43.250,1,60
37.97.211.231,1,32
177.134.162.44,1,40
217.173.206.185,1,32
121.63.147.128,1,44
180.156.185.158,1,60
42.58.74.141,1,40
82.237.247.227,1,32
138.53.134.122,1,40
185.126.164.187,5,229
188.92.8.179,1,32
64.22.167.111,5,300
54.210.64.102,8,6464
128.235.143.106,1,32
124.13.82.232,1,76
84.130.249.251,1,32
47.126.26.25,1,40
78.250.177.76,1,40
34.200.82.240,1,32
113.171.194.236,1,56
96.33.101.163,1,32
95.57.57.6,1,32
58.150.73.192,1,32
112.142.29.250,1,32
54.33.243.21,1,76
101.41.131.181,3,372
104.140.43.171,1,32
88.11.63.74,3,120
97.29.164.168,1,32
64.109.56.117,1,32
54.48.53.218,1,76
103.21.24.57,1,60
68.74.223.154,1,40
178.28.21.153,1,44
191.218.212.124,1,32
183.188.238.224,13,6090
35.28.171.95,1,101
27.42.20.94,1,32
123.129.2.178,1,48
221.227.57.195,1,32
84.77.135.207,1,32
39.67.15.43,1,32
79.89.150.43,1,32
54.240.185.161,1,40
78.17.184.7,1,32
118.41.134.154,1,32
104.128.84.28,3,493
87.48.96.249,1,60
83.149.181.154,1,32
85.123.248.254,1,32
125.233.84.86,1,32
107.164.130.55,1,32
166.229.227.117,1,32
113.49.15.145,1,52
118.57.23.143,1,32
185.12.25.229,5,300
141.149.144.233,3,302
91.96.248.146,1,32
24.185.161.61,1,32
223.50.78.41,1,40
213.115.68.117,1,40
123.51.232.59,1,32
122.227.248.223,1,32
186.23.239.54,1,44
36.170.73.95,1,76
182.132.124.81,2,104
105.154.40.109,1,32
181.59.233.21,1,32
195.155.65.19,7,280
197.50.59.2,1,40
45.167.74.130,1,44
216.206.105.18,1,32
80.181.0.34,1,32
202.147.114.22,1,60
94.41.198.168,1,32
72.157.23.121,1,32
93.80.162.244,2,88
124.159.203.167,1,32
151.56.134.199,1,32
164.48.28.73,2,88
172.249.25.190,6,408
24.222.165.79,1,32
99.213.190.123,1,32
125.105.43.82,1,32
27.37.90.200,1,32
46.215.41.157,1,32
115.250.61.220,1,32
222.186.53.35,1,40
45.125.173.212,4,276
71.230.250.56,2,80
116.244.63.19,1,32
76.245.169.228,1,32
184.118.122.105,1,32
27.168.214.144,1,32
41.98.62.25,1,32
73.146.8.226,1,32
185.126.164.186,2,904
65.190.180.182,1,32
188.95.244.115,1,32
162.29.235.244,1,32
60.225.90.232,1,32
121.239.42.249,1,32
73.34.59.157,1,32
50.152.221.38,1,32
94.131.244.44,1,32
76.25.194.126,1,32
170.205.238.107,1,44
124.253.58.64,1,32
212.163.68.145,4,160
103.254.33.205,1,32
134.214.85.223,2,80
88.202.207.1,1,60
189.64.208.27,1,40
39.43.142.247,1,40
196.180.49.23,3,132
117.101.55.66,1,32
171.189.15.142,1,32
79.168.163.220,1,40
91.39.55.92,7,673
195.5.124.182,1,60
23.233.6.171,1,32
27.239.97.162,1,40
59.71.237.65,1,32
197.132.120.175,1,32
116.153.238.174,1,52
144.47.244.112,1,32
201.79.74.96,1,32
70.120.214.8,1,32
93.168.42.242,1,32
82.157.136.90,1,32
58.72.215.247,2,80
164.154.6.192,1,32
115.64.249.114,1,44
186.64.168.164,1,40
69.4.168.169,1,32
151.232.70.135,1,32
221.229.153.86,1,32
162.32.166.125,1,32
42.237.23.184,1,32
180.101.187.107,1,60
42.231.85.28,2,80
105.41.103.82,1,32
187.238.234.191,1,32
95.218.59.75,1,32
91.127.164.72,1,32
78.173.42.32,1,32
91.1.7.5,2,96
79.40.160.83,1,32
71.197.171.128,1,32
87.229.4.33,1,32
190.250.157.31,1,32
89.160.201.182,1,32
58.71.92.150,1,32
104.225.126.174,6,240
83.167.12.92,2,120
83.113.246.0,1,32
47.87.233.156,1,32
199.38.72.227,1,32
31.105.150.112,1,32
60.195.135.16,1,32
209.238.124.98,7,308
23.248.6.78,1,32
113.145.3.43,1,40
83.108.125.35,2,96
93.130.249.175,1,32
220.231.75.121,1,32
111.160.233.6,1,32
124.159.61.161,2,80
123.169.89.139,1,52
81.124.95.22,1,40
221.140.46.15,1,32
146.24.69.162,7,695
83.157.248.38,1,32
91.204.211.161,1,60
68.187.89.63,1,32
196.180.49.19,5,220
65.250.14.121,1,60
220.157.214.86,1,40
218.222.40.65,1,32
159.52.175.60,7,280
72.243.39.225,1,108
52.212.108.96,4,456
99.253.75.81,1,60
89.199.67.26,5,234
82.127.253.0,2,100
172.102.234.115,1,60
43.221.247.1,1,60
187.113.103.121,1,32
5.64.104.159,3,120
85.238.182.227,2,80
221.14.139.208,1,76
88.111.251.27,1,32
92.8.58.140,13,520
160.237.112.69,1,52
113.227.120.248,1,60
60.192.94.36,1,32
221.39.116.54,1,40
140.247.84.54,1,32
107.14.173.129,1,32
94.53.42.244,1,32
181.51.89.201,1,32
71.236.179.126,1,32
5.138.165.116,1,52
5.64.104.137,2,80
78.142.249.201,1,32
49.228.141.128,281,21220
162.194.80.124,13,10893
81.29.7.109,1,32
50.204.185.162,1,32
47.101.2.70,3,252
191.28.244.128,1,32
182.135.201.219,1,32
37.71.181.184,1,32
123.133.188.189,1,40
94.17.7.165,1,32
95.100.156.86,1,32
101.123.86.40,1,32
188.11.198.250,1,40
79.39.22.60,1,44
82.111.247.147,1,32
139.74.132.224,1,32
181.51.202.216,1,32
87.13.3.132,1,44
88.11.63.82,4,160
186.53.129.46,1,32
59.47.128.170,1,144
39.247.10.192,1,60
169.62.9.100,1,32
31.161.84.38,1,44
196.37.117.124,1,44
36.29.203.197,1,40
119.6.73.222,1,32
77.78.172.60,1,40
59.163.35.100,1,40
110.238.201.248,1,32
99.49.247.18,1,32
65.211.133.9,1,56
175.119.152.179,1,32
190.23.220.189,1,60
85.134.4.209,1,32
88.11.63.84,4,160
190.151.151.65,1,44
47.51.181.36,1,32
185.253.189.84,1,44
74.193.12.72,47,59271
179.93.83.21,1,40
85.74.216.43,1,32
61.101.72.148,1,32
126.237.86.67,2,892
133.200.138.251,10,3702
187.49.233.93,1,32
116.35.198.136,1,52
113.201.95.37,1,40
192.241.6.114,1,32
113.112.26.74,1,48
220.1.29.185,1,32
1.63.250.152,1,48
176.231.131.188,1,32
110.240.165.208,1,32
23.111.242.152,2,196
122.56.249.39,1,44
96.95.6.174,1,32
124.238.251.174,1,60
107.180.6.209,1,32
89.20.231.65,1,60
85.98.196.162,1,40
86.153.120.102,1,32
46.12.207.185,1,32
172.249.30.150,14,4456
71.186.117.179,1,32
217.149.244.121,1,40
160.172.216.23,1,32
212.255.3.170,1,32
70.107.226.4,1,32
184.22.57.215,1,32
213.167.254.159,1,60
123.140.174.111,1,40
183.251.94.38,1,48
73.49.199.113,1,32
193.42.62.178,1,32
178.123.79.20,2,104
82.236.249.184,1,32
192.71.78.129,1,60
66.147.102.170,1,32
119.138.36.178,1,32
81.109.202.169,1,40
218.128.12.180,1,136
118.86.68.79,1,40
5.105.171.51,1,32
75.173.130.148,1,56
212.185.213.167,1,32
109.185.218.165,1,40
72.243.199.195,2,176
122.59.197.188,1,44
172.249.25.177,10,2930
181.72.53.4,1,32
116.131.27.98,1,52
178.222.61.174,1,40
197.196.57.93,1,32
64.65.144.145,2,80
114.229.108.160,1,32
220.160.164.144,1,32
184.70.34.169,1,32
185.71.198.206,1,32
141.149.249.0,4,160
35.124.179.250,3,179
206.190.202.178,8,320
188.8.236.142,1,40
193.102.188.230,1,32
119.71.105.21,1,32
87.30.114.12,1,32
192.174.89.141,1,32
200.242.57.78,1,60
81.144.241.6,1,40
67.172.125.141,3,108
81.158.188.230,1,56
70.187.196.61,1,32
175.162.60.49,1,32
202.165.203.187,1,32
113.39.68.41,1,52
34.236.148.24,1,32
88.11.63.91,2,80
115.240.184.85,1,32
182.51.250.40,1,52
67.249.54.131,1,40
170.140.203.75,1,32
97.8.25.175,1,32
114.195.205.113,1,52
189.99.39.17,1,32
220.167.147.17,1,32
104.15.196.220,1,103
52.12.224.122,1,32
73.136.249.52,1,32
76.148.232.156,1,32
66.247.94.110,5,220
14.122.188.239,1,32
119.194.63.144,2,80
79.10.4.85,1,32
167.185.39.170,1,32
79.138.244.113,1,32
188.139.123.30,2,80
197.163.24.38,1,32
50.18.248.84,1,32
70.73.196.158,1,32
5.64.104.129,2,80
109.137.139.43,1,32
175.161.58.183,1,32
180.142.138.81,1,32
49.177.223.198,1,32
222.77.20.120,1,32
116.151.211.188,1,32
105.44.26.92,1,32
185.21.93.186,1,40
42.51.125.191,1,40
52.23.60.11,1,32
151.150.78.69,1,52
24.43.192.143,1,32
217.11.69.109,1,60
190.40.6.12,1,32
72.72.164.103,1,32
200.205.7.241,1,32
31.70.198.189,1,32
23.203.177.143,1,44
173.98.32.143,1,32
117.115.158.48,1,32
76.237.22.177,1,40
114.194.169.215,1,32
42.227.162.34,1,60
188.136.203.168,1,32
23.26.75.17,1,32
121.109.43.133,1,32
182.9.101.53,1,32
1.1.200.198,1,32
149.152.153.77,1,40
114.165.84.143,1,40
46.20.212.190,1,32
195.190.16.228,1,40
64.65.244.221,1,40
63.141.202.86,1,56
195.5.120.70,1,60
34.231.68.125,2,267
89.29.123.241,1,32
123.150.196.146,1,32
1.17.54.136,1,32
68.74.170.64,3,120
207.92.180.209,1,32
119.77.117.243,1,132
171.203.10.103,1,32
1.17.54.126,1,60
118.206.45.184,1,48
125.227.55.166,1,40
93.19.150.177,1,60
180.122.137.191,1,32
218.136.181.0,1,40
103.94.219.94,1,44
78.218.220.208,1,32
119.8.157.205,1,32
178.222.32.157,1,40
54.215.145.68,2,112
218.238.61.53,1,52
14.53.141.59,4,160
71.230.250.178,1,40
58.184.100.129,1,32
192.98.5.208,1,32
23.66.54.187,1,138
13.30.89.231,1,76
172.71.219.217,1,32
23.42.251.73,1,32
54.186.116.92,1,32
67.195.5.168,1,32
191.242.124.31,1,44
79.137.8.162,1,32
74.193.119.54,62,84093
93.31.218.217,1,32
78.207.88.241,1,32
46.101.126.228,1,32
183.188.238.235,18,3839
80.229.205.67,1,32
201.204.121.213,1,32
172.196.255.127,1,32
88.217.9.76,1,32
106.98.162.241,1,32
79.115.56.178,1,40
115.96.41.131,1,32
41.162.200.133,1,40
177.207.213.117,1,32
201.183.88.88,1,56
105.128.208.173,1,32
221.164.56.87,1,32
178.168.102.252,1,32
160.225.80.23,1,40
105.157.205.129,1,32
211.172.103.104,1,40
87.20.157.96,1,32
71.230.146.118,2,88
114.101.230.229,1,56
149.53.120.75,1,32
143.215.121.93,1,32
64.247.128.254,1,99
115.64.199.79,1,44
89.93.30.86,1,40
115.64.150.10,1,44
211.203.114.119,1,40
89.16.178.230,1,32
203.181.83.12,1,44
121.186.153.153,1,40
122.10.203.120,1,32
109.56.181.130,1,32
182.63.85.126,1,40
86.220.23.197,1,40
34.227.153.9,1,32
90.112.164.57,1,40
65.192.246.205,1,32
172.249.28.71,7,1958
179.93.11.15,1,32
111.192.73.165,1,40
216.68.133.187,1,52
17.192.250.206,3,422
191.117.60.246,1,32
183.102.118.71,1,32
5.70.116.239,1,32
121.255.182.127,1,32
27.50.135.186,1,32
178.223.246.37,1,40
88.136.22.244,1,32
101.62.226.118,2,104
64.221.214.225,1,32
73.226.243.19,1,32
160.8.1.106,1,40
58.186.92.42,1,32
179.216.37.10,1,32
91.66.96.196,1,217
185.49.252.234,21,840
221.28.218.36,1,32
124.57.25.104,1,48
94.247.40.48,1,32
114.229.241.51,1,48
103.238.137.134,1,44
216.93.198.230,1,32
94.92.61.155,1,32
185.26.97.181,1,48
216.68.133.188,4,299
184.77.106.32,1,32
104.90.219.216,1,32
90.154.2.235,1,40
105.33.104.5,1,32
184.121.153.86,1,32
212.213.72.139,1,32
82.98.51.163,1,40
158.74.16.55,1,52
5.64.104.157,2,80
47.58.202.45,1,32
196.180.49.72,8,352
102.184.9.29,1,32
130.182.87.182,1,32
23.29.5.60,1,40
49.90.114.245,1,32
151.150.187.160,2,441
115.60.72.238,1,32
37.233.171.183,1,32
222.66.37.115,1,32
119.30.55.57,1,32
24.198.6.54,1,32
60.242.49.9,1,76
113.102.180.184,1,76
182.102.54.26,1,32
173.234.236.1,1,52
212.193.154.2,1,40
185.72.27.78,7,280
170.208.182.15,1,44
177.182.24.123,1,32
111.194.101.25,1,48
34.253.8.78,1,32
70.184.56.130,1,32
71.198.89.49,1,32
49.219.203.246,1,132
125.34.25.11,1,44
111.249.86.49,1,32
31.201.125.161,1,32
208.112.160.114,1,32
123.121.63.85,1,32
46.116.244.66,1,32
156.46.72.226,1,40
78.12.221.111,1,32
114.247.199.189,1,32
221.158.128.239,1,32
139.173.141.211,2,80
213.229.184.191,1,32
84.216.212.242,1,32
218.196.142.150,3,120
182.137.158.190,1,32
125.228.105.22,3,120
110.223.184.197,1,32
94.253.217.160,1,32
186.159.132.178,1,32
5.186.151.14,1,32
174.233.70.81,1,32
112.8.63.1,1,32
189.97.171.43,1,32
198.101.53.204,1,32
109.41.163.56,1,32
185.26.136.184,1,32
187.21.75.209,1,32
61.108.200.140,1,52
47.136.70.193,1,32
112.26.87.247,1,52
105.188.66.44,1,32
162.42.114.233,1,32
191.155.132.231,1,32
58.30.105.86,1,60
77.195.34.119,1,32
93.53.143.167,1,44
47.193.101.175,1,32
172.249.28.70,11,1056
42.90.99.239,1,76
213.230.212.109,1,32
61.100.121.125,1,32
63.126.55.169,1,32
129.25.120.140,1,32
81.48.38.110,1,56
73.177.203.28,1,32
185.184.166.22,1,32
18.215.124.142,1,32
1.253.22.35,1,52
12.248.131.61,1,32
14.51.117.215,1,32
95.118.246.185,1,32
174.169.100.112,1,60
219.107.64.247,1,32
177.95.8.106,1,32
87.17.38.173,1,32
41.170.169.138,1,32
76.79.212.164,1,32
58.252.219.79,1,32
68.58.167.241,1,32
124.160.162.198,1,60
123.0.37.49,1,32
71.230.146.69,4,176
207.56.31.29,1,32
36.223.56.234,1,32
37.119.42.209,1,32
61.124.230.27,1,32
76.30.26.31,1,32
200.80.62.52,1,56
188.138.150.138,1,32
65.156.150.126,1,32
118.79.86.196,1,40
3.236.31.25,4,257
116.207.10.185,1,40
52.251.214.129,1,76
177.65.220.123,1,44
176.15.219.36,1,32
217.228.56.249,1,32
210.237.180.81,1,32
178.223.254.231,1,40
172.249.28.78,13,1946
190.29.26.246,1,48
170.17.84.194,1,44
42.90.246.36,1,60
79.169.182.18,1,40
62.188.162.249,1,32
121.223.117.141,1,48
200.76.43.144,1,32
174.127.229.179,1,32
74.193.127.245,1147,1575559
185.112.196.250,1,60
24.26.55.63,1,32
67.225.232.19,1,32
92.14.29.214,1,32
40.132.201.122,1,32
104.114.216.10,1,32
82.54.4.210,1,64
50.13.122.78,1,32
181.67.67.95,1,40
203.76.90.17,2,256
77.16.33.202,1,32
46.119.7.42,1,32
117.117.90.185,261,368667
200.54.87.126,1,32
5.205.220.230,1,32
37.187.185.94,1,32
182.134.122.23,1,60
37.192.192.78,1,84
89.117.20.120,1,32
124.239.111.35,1,48
177.55.97.107,1,56
115.132.164.136,1,28
46.93.33.60,1,32
218.227.233.82,2,80
110.251.116.65,1,76
84.70.213.26,1,32
91.206.192.44,1,60
151.150.185.13,9,776
73.236.197.178,1,32
5.43.158.190,1,32
14.43.163.165,1,40
102.187.251.232,1,32
37.17.214.148,1,40
69.137.192.226,1,32
151.150.187.212,3,1281
66.192.187.33,1,32
207.23.182.110,1,32
73.203.150.193,1,32
119.78.174.132,1,48
2.7.178.205,1,32
186.179.23.121,1,32
202.13.178.147,1,32
62.12.235.41,1,32
124.41.2.109,1,56
112.22.146.245,1,52
106.111.246.53,2,80
138.253.243.178,1,44
182.152.215.242,1,32
23.90.252.99,36,34517
99.183.251.110,1,60
64.22.160.130,1,40
46.115.15.148,1,56
175.211.154.98,1,32
188.242.163.130,1,52
114.195.182.153,1,32
87.250.218.193,1,44
123.30.2.174,1,56
188.62.222.225,1,32
96.62.5.111,1,32
1.31.89.50,1,32
94.234.12.157,1,32
101.186.7.123,1,32
190.242.216.13,1,44
58.220.224.83,1,64
186.21.77.45,1,32
61.95.74.160,1,32
212.111.60.187,1,60
142.136.54.20,1,32
202.163.133.114,1,48
151.187.98.42,1,32
124.86.175.34,1,40
37.77.96.31,1,32
45.125.126.41,2,80
49.211.187.139,1,76
166.253.129.188,1,32
124.43.112.169,1,60
82.56.11.245,12,480
116.178.90.98,1,32
117.96.146.140,1,132
117.117.95.121,10,4829
188.93.249.157,1,32
23.230.122.131,10,4582
1.174.43.119,1,32
189.217.196.133,1,32
79.80.208.129,1,32
212.111.63.40,1,32
169.146.113.27,1,52
46.42.110.143,4,160
218.135.168.18,1,40
37.17.223.129,1,40
202.100.222.128,2,88
61.61.188.62,1,32
219.113.227.16,1,60
94.246.151.74,1,32
110.236.116.124,1,76
37.17.215.51,1,40
165.116.243.161,4,160
52.125.146.239,1,32
52.249.172.224,1,213
218.238.148.80,1,32
98.227.56.47,1,32
167.144.221.30,1,32
167.148.79.19,2,80
182.198.58.77,1,40
98.224.171.42,1,32
74.193.112.191,163,220849
86.142.102.195,1,32
104.105.29.86,1,32
103.122.171.104,1,32
23.61.148.9,1,60
125.107.201.90,1,32
67.252.107.68,1,32
189.62.89.180,2,80
103.105.10.143,1,32
193.176.222.227,1,32
66.56.32.124,1,32
47.16.134.15,1,32
125.67.1.249,1,32
108.29.25.247,1,32
46.36.162.44,1,32
169.47.131.125,4,222
78.149.90.175,1,32
81.183.95.97,1,32
27.235.203.35,1,52
192.125.151.103,1,32
41.64.90.132,1,52
186.237.8.199,1,32
119.207.238.243,1,40
189.73.190.95,1,40
188.39.84.216,1,32
67.254.88.18,1,32
87.41.185.237,1,32
62.177.215.172,1,32
99.218.48.66,1,32
211.231.51.112,1,48
220.202.118.6,1,32
41.185.68.243,1,40
74.193.187.157,1,52
114.48.160.0,1,32
122.162.143.5,1,32
123.195.119.182,1,60
109.202.73.227,1,32
104.60.139.111,1,32
177.243.42.112,1,32
14.99.156.38,1,32
180.99.102.197,1,48
213.139.118.113,1,32
50.226.222.218,2,100
8.216.200.116,1,83
117.121.88.46,1,60
59.48.70.138,1,52
59.109.167.132,1,40
14.231.92.110,1,52
149.162.15.106,1,40
191.146.149.196,1,32
24.209.137.40,1,32
88.25.90.78,1,32
125.45.113.189,1,32
99.21.155.9,1,32
151.150.115.111,1,359
202.90.150.197,1,60
178.213.255.77,1,40
24.152.171.112,1,32
186.96.50.118,1,32
98.33.86.84,1,32
113.242.140.247,1,60
125.114.182.133,1,32
180.127.99.28,1,40
78.235.59.126,1,40
60.30.218.82,1,32
64.195.169.154,1,32
13.204.158.67,1,76
175.223.201.234,1,32
109.0.44.129,1,52
61.30.54.115,1,40
50.178.36.38,1,32
177.187.191.31,1,32
2.192.216.39,1,32
117.38.148.45,1,32
112.242.219.248,1,32
71.135.70.3,1,32
182.132.68.254,1,52
125.113.171.246,1,32
94.208.121.233,1,32
78.55.153.87,1,32
112.12.248.236,2,88
124.157.199.41,1,32
178.227.150.213,1,32
184.96.105.96,1,32
82.28.105.254,1,32
95.166.7.217,1,32
93.241.62.192,1,32
60.134.88.216,1,76
113.212.69.91,1,60
70.229.43.112,1,32
94.244.148.183,1,32
41.37.244.192,1,40
5.203.197.41,1,52
211.188.212.201,1,32
51.82.203.36,1,32
45.33.76.87,11,14788
47.206.55.28,1,32
178.222.108.7,1,40
167.248.120.183,1,32
190.10.187.180,1,32
123.11.41.221,1,32
66.45.12.166,1,32
52.239.164.173,1,32
192.81.89.185,1,32
59.126.248.21,1,52
68.33.37.128,1,32
187.112.201.46,1,32
108.162.126.188,1,32
201.108.5.18,1,32
31.113.147.98,35,29224
88.157.119.118,1,32
122.9.73.84,1,32
178.3.233.42,1,32
78.250.84.11,1,32
87.62.195.69,1,83
221.96.153.250,1,32
118.218.14.242,1,40
198.58.73.202,2,80
182.63.107.197,1,40
34.193.40.45,1,32
190.131.71.24,1,40
99.50.251.67,1,32
75.123.5.89,1,32
70.3.157.151,1,40
113.40.116.26,1,52
177.112.23.119,1,32
173.247.245.76,1,32
151.188.50.30,1,32
208.13.245.154,1,32
182.48.116.17,1,60
96.93.74.17,1,32
27.201.104.119,2,80
185.252.221.169,1,40
183.120.215.52,1,32
73.118.35.231,1,32
118.204.203.92,1,28
178.225.164.6,1,32
89.46.255.133,1,32
71.230.250.225,1,40
72.180.36.14,1,32
118.31.190.3,1,52
5.233.255.246,1,40
114.199.187.151,1,60
47.129.230.39,1,32
172.197.71.243,1,32
153.26.51.238,2,80
93.17.147.89,1,40
96.73.225.177,1,32
172.249.30.177,21,3194
195.44.202.103,1,96
107.220.165.72,1,32
12.103.251.118,1,32
2.195.59.206,1,32
218.226.152.27,1,32
189.66.63.204,1,32
93.233.84.4,1,32
95.146.200.160,1,40
84.17.76.207,1,40
117.105.143.9,1,52
105.136.213.237,1,32
199.227.120.227,20,10635
24.70.6.104,1,32
107.213.183.44,1,32
114.3.9.135,1,32
124.154.188.74,1,40
192.242.229.93,1,40
76.237.225.56,1,32
64.146.150.48,1,32
190.196.37.106,1,32
186.102.132.79,1,32
219.173.80.184,1,32
121.172.68.119,1,40
182.53.213.234,1,60
67.191.52.14,1,32
188.24.198.129,1,40
81.187.228.136,1,28
159.52.36.12,4,160
73.116.34.103,1,32
209.100.213.37,3,1710
69.5.166.208,1,32
173.49.36.250,1,32
223.49.2.176,1,52
118.55.230.213,1,32
88.134.66.43,1,32
45.74.51.193,10,891
162.59.66.64,1,32
211.40.62.157,1,32
182.152.207.9,1,40
82.31.171.222,1,32
187.163.89.101,1,52
174.150.22.19,1,32
117.67.59.157,1,76
1.53.195.220,1,48
125.218.139.65,1,40
38.189.12.67,1,56
68.84.182.19,1,32
5.139.105.70,1,32
217.3.240.90,1,32
71.70.216.239,1,32
119.206.103.150,1,32
37.23.202.144,1,32
66.19.86.217,1,60
72.183.214.19,1,32
184.188.28.254,1,32
184.187.221.173,1,32
31.163.180.134,1,32
82.56.15.178,1,32
118.30.163.197,2,96
115.44.225.197,1,32
69.219.161.116,1,32
174.222.163.161,1,32
37.153.164.229,1,32
174.169.216.145,1,32
185.45.160.71,1,44
182.132.43.246,1,32
54.161.237.127,1,32
54.43.204.145,1,32
219.234.240.188,1,76
184.184.56.181,1,32
80.209.154.44,1,60
123.126.145.110,2,80
111.168.39.20,3,498
221.253.71.223,1,32
208.85.57.221,1,32
122.232.87.216,1,32
183.166.182.158,1,32
98.234.242.24,1,32
178.167.133.24,1,52
49.247.161.146,1,32
92.181.1.80,1,32
210.240.225.79,1,48
65.208.29.113,1,32
183.243.32.154,1,48
181.137.54.121,1,40
62.159.135.197,1,32
171.206.200.211,1,40
103.85.222.245,1,32
41.19.71.168,1,40
123.132.217.152,1,32
83.112.249.178,1,32
77.241.189.219,1,32
99.167.189.230,1,32
2.123.6.50,1,126
175.218.143.83,1,32
157.182.168.97,1,52
189.135.44.192,1,32
84.149.94.250,1,32
160.172.240.93,1,32
213.150.136.179,1,40
218.231.6.194,1,32
74.43.21.169,1,32
183.121.56.28,1,32
41.168.22.81,1,40
98.52.97.53,1,32
46.43.5.95,1,52
92.78.141.157,6,656
112.176.224.192,1,32
179.224.213.214,1,32
65.222.105.24,1,32
82.192.99.122,1,44
123.163.229.213,1,48
183.195.13.84,1,32
84.113.250.213,1,32
183.168.221.193,1,32
82.172.196.76,1,32
37.146.70.233,1,32
79.147.116.44,1,60
5.74.88.101,1,40
110.238.0.85,1,76
80.207.209.203,1,48
172.99.194.89,1,40
209.114.132.188,1,32
216.202.230.134,7,280
54.210.223.88,4,239
98.27.59.181,1,32
73.3.153.131,1,32
37.189.59.61,1,40
222.190.52.150,1,48
123.16.54.210,1,32
74.100.134.122,1,32
69.86.43.171,1,32
208.84.33.189,1,60
118.231.135.209,1,40
74.138.85.178,1,32
24.142.40.87,1,32
91.126.154.169,1,32
182.112.15.193,1,60
172.102.245.167,4,160
185.184.82.194,5,200
221.254.203.50,1,32
191.255.216.136,1,40
218.229.7.147,1,32
47.32.220.151,1,32
213.155.232.25,1,32
5.64.104.130,1,40
125.65.135.108,1,32
79.114.52.189,1,32
197.227.70.186,1,32
216.6.158.53,1,32
110.150.189.246,1,40
117.205.216.139,1,32
106.97.143.204,1,40
73.216.230.182,1,32
5.152.252.66,1,40
188.249.154.246,1,32
27.2.66.38,12,480
213.168.221.215,1,32
195.66.193.38,1,32
182.243.241.61,2,1221
211.236.126.179,1,40
94.71.121.21,1,32
52.85.136.155,1,32
61.108.94.49,1,48
168.35.235.193,1,32
121.135.98.16,1,32
61.28.251.144,1,40
1.138.97.223,1,40
14.221.168.46,1,52
86.227.210.159,4,336
68.186.86.97,1,32
73.48.201.235,1,32
80.237.54.95,1,32
42.129.144.28,2,80
86.219.43.196,1,32
172.114.206.64,1,32
13.218.12.71,34,33373
41.208.233.81,1,32
89.119.22.173,1,32
61.81.192.167,1,32
27.239.250.28,1,40
218.250.122.101,1,76
124.159.20.14,1,32
219.200.176.190,1,40
91.36.75.243,1,32
194.189.155.108,1,32
123.117.15.66,1,60
173.51.201.152,1,32
83.156.8.169,1,32
108.73.145.147,1,52
154.167.244.224,1,32
218.135.60.92,1,32
181.105.92.215,1,40
52.20.70.104,1,40
121.220.254.136,1,52
202.112.43.45,2,80
180.79.60.122,1,32
62.1.92.215,2,144
71.7.136.31,1,32
117.117.90.237,8,1920
217.199.138.62,1,32
186.186.222.243,1,32
190.29.119.180,1,40
189.124.26.215,1,32
78.53.180.83,1,32
69.213.215.243,1,32
71.230.250.253,1,40
52.71.11.250,1,32
210.74.143.44,1,44
31.119.112.57,1,32
179.95.249.206,1,32
220.189.166.30,1,32
109.232.226.110,1,60
187.100.25.17,1,32
37.186.174.136,3,120
111.116.207.249,1,60
95.16.150.122,1,32
54.196.255.8,2,348
71.230.250.125,1,40
139.232.214.208,1,76
173.221.209.8,166,225738
46.80.160.94,1,60
186.203.201.244,1,32
67.188.55.27,1,32
84.220.63.135,1,32
40.137.26.117,1,32
145.236.199.200,1,32
46.161.62.10,1,32
14.204.230.22,1,32
186.214.243.48,1,32
206.80.222.170,1,32
212.155.232.104,1,32
101.56.139.130,1,52
1.141.182.183,1,52
54.34.125.217,1,32
185.21.92.234,2,80
122.150.221.146,1,32
77.108.122.6,1,32
105.40.82.167,1,32
217.144.23.205,1,32
50.176.61.107,1,32
168.37.131.8,1,40
64.22.160.67,3,248
222.64.162.224,1,32
63.215.158.69,1,32
183.246.195.209,1,48
126.190.40.119,1,32
202.167.215.137,1,32
203.136.255.243,1,44
101.152.233.110,4,422
3.135.197.187,1,32
209.234.66.158,1,160
68.23.63.172,1,32
222.221.195.139,1,32
186.4.125.61,1,32
196.213.224.25,1,32
106.54.18.159,1,48
119.84.5.198,6,3164
115.195.11.117,1,76
113.240.138.88,1,32
111.246.207.90,1,64
87.59.225.108,1,40
95.238.168.250,2,100
190.125.215.110,1,40
142.161.168.60,3,120
152.45.109.56,1,32
182.175.248.232,1,32
1.64.202.219,1,32
47.15.225.177,1,32
64.22.164.130,8,879
222.214.144.253,1,40
101.152.218.73,1,48
174.140.117.183,1,32
72.91.200.50,1,32
178.17.123.152,1,32
196.167.163.155,1,44
64.64.198.214,1,32
126.28.155.183,1,32
114.64.184.37,1,48
89.39.49.193,1,32
84.171.73.175,1,32
68.42.61.32,180,269808
163.124.28.73,1,32
173.54.188.54,1,32
193.163.81.123,1,40
59.173.66.209,1,52
187.202.40.188,1,32
118.135.207.219,1,40
35.86.99.149,1,32
14.192.232.166,1,32
80.183.4.200,1,32
50.61.41.187,1,32
52.248.201.29,1,76
84.100.150.248,1,32
184.153.225.198,1,32
124.61.225.28,1,32
94.80.224.74,1,32
110.50.190.131,1,76
104.167.56.128,1,32
109.235.105.249,1,60
81.28.246.152,1,32
47.84.234.186,1,32
54.208.206.224,2,2138
122.238.207.41,2,80
23.24.215.230,1,32
123.138.22.227,1,40
172.102.248.212,2,80
114.7.13.222,1,58
125.170.206.165,1,48
65.65.59.19,1,32
60.105.53.97,1,32
95.235.235.111,1,32
60.71.246.226,1,40
92.42.209.222,1,40
42.58.33.21,1,32
185.58.120.116,3,120
198.80.29.22,1,32
130.47.233.4,1,32
78.69.86.244,1,44
36.195.19.77,1,48
34.246.104.49,1,60
46.169.105.68,1,32
61.66.35.244,1,32
197.72.11.72,1,172
68.74.189.228,1,40
116.203.10.65,1,40
184.163.139.120,1,32
46.174.224.55,1,40
188.77.23.160,1,32
14.222.58.94,1,52
78.183.38.83,1,32
121.203.98.178,1,32
121.212.125.17,1,40
208.78.157.126,1,32
191.158.29.144,1,32
107.212.182.151,1,32
5.75.115.86,1,40
159.137.136.36,5,200
98.24.190.83,1,32
69.111.122.156,1,32
24.206.169.146,1,32
54.33.19.170,1,76
1.253.180.188,1,32
14.106.250.252,1,32
203.166.177.185,1,556
79.105.34.56,1,40
179.0.118.127,1,32
190.207.87.207,1,32
171.165.110.173,1,60
123.175.184.68,1,32
117.230.100.128,1,32
177.114.107.71,1,32
134.214.229.157,4,160
27.241.228.247,1,52
85.230.91.136,1,32
52.235.15.154,1,32
139.173.163.35,2,80
104.71.247.254,1,40
217.65.123.254,1,32
102.83.229.222,1,32
24.80.103.32,1,32
14.20.68.3,1,32
123.107.207.166,1,60
223.34.34.141,1,32
74.193.127.181,1,40
97.24.146.214,1,32
203.60.83.62,1,32
115.206.184.142,1,32
151.182.254.235,2,88
176.94.39.132,1,32
109.116.41.76,1,32
79.136.8.42,1,32
168.250.13.190,1,40
13.161.239.27,9,712
89.7.227.36,1,44
175.175.126.71,1,60
78.206.249.232,1,32
117.4.150.94,1,32
5.64.104.146,3,120
51.161.71.211,1,32
110.67.209.32,1,60
113.221.73.59,1,32
219.100.92.146,1,32
52.18.153.193,1,32
206.82.78.110,1,32
97.44.197.248,1,32
193.66.219.126,1,32
113.23.47.108,1,76
189.65.61.22,1,32
183.232.249.3,1,132
178.231.225.137,3,754
149.25.91.63,1,32
192.49.201.102,1,40
186.122.25.6,1,32
74.44.241.66,1,32
112.48.27.125,1,32
114.35.230.250,1,40
174.156.61.82,1,32
24.231.220.140,1,32
62.131.112.144,1,32
118.24.221.191,1,48
171.199.83.137,1,48
36.250.188.210,1,40
79.159.30.156,1,40
128.44.140.58,1,60
71.230.250.137,1,40
211.239.207.54,1,32
64.65.244.246,1,40
187.129.90.181,1,32
108.32.164.244,1,32
124.170.70.41,1,32
213.237.186.40,1,52
182.110.244.173,1,52
59.57.62.63,1,32
159.137.14.111,1,40
186.60.59.73,1,48
73.244.216.205,1,32
23.94.230.129,1,1496
200.21.16.118,1,32
71.24.230.87,1,32
218.221.170.112,2,80
142.75.42.74,1,32
175.51.248.12,2,80
119.251.219.216,1,40
89.165.215.112,1,40
193.143.183.125,1,40
67.255.152.49,1,32
152.90.41.230,1,40
71.230.250.6,1,40
218.108.189.106,1,60
216.103.92.240,1,32
186.241.150.114,1,32
52.106.130.116,1,32
47.60.139.62,1,32
113.161.195.78,1,32
17.192.163.187,1,105
69.82.126.109,3,120
41.39.88.67,1,40
83.108.101.59,1,32
106.25.222.138,1,48
165.229.136.81,7,280
121.133.104.78,1,60
94.12.220.134,1,32
52.244.199.253,1,32
178.168.250.175,4,336
112.221.53.236,1,32
211.10.227.42,1,32
68.74.225.106,2,80
64.214.97.72,1,32
182.163.243.107,1,76
62.57.231.209,1,32
68.161.166.60,1,32
50.213.94.62,1,32
91.9.150.252,4,4918
82.115.129.13,1,32
113.62.124.144,1,64
119.136.57.182,1,32
187.203.105.209,1,32
24.39.99.177,1,32
106.196.89.101,1,32
125.227.33.109,1,40
191.79.87.159,1,32
58.27.101.38,1,32
70.167.153.135,1,32
1.66.244.83,1,60
27.25.254.84,1,60
122.236.206.110,1,40
183.237.95.89,1,40
123.120.39.145,1,32
175.234.156.18,1,32
46.8.214.53,1,32
49.220.146.183,1,60
209.51.218.87,1,32
78.147.69.255,1,32
52.251.186.80,1,76
114.167.13.60,1,60
95.225.96.229,1,44
181.233.193.220,1,40
43.199.135.136,2,197
219.5.231.34,1,32
180.161.29.152,1,40
94.35.68.243,1,32
209.176.113.25,1,104
46.130.255.137,1,60
125.218.135.61,1,32
109.118.203.128,1,32
183.83.34.239,1,48
75.203.56.231,1,32
172.17.102.163,1,60
182.180.196.112,1,32
87.192.142.248,1,32
83.221.117.78,1,32
213.107.6.127,1,32
5.64.104.158,2,80
12.42.182.90,1,32
107.219.101.252,1,32
119.219.4.142,1,76
45.222.14.245,1,44
59.25.226.182,1,32
183.117.154.141,1,32
115.49.195.23,7,964
68.42.252.21,1,56
122.41.244.237,1,32
60.17.1.17,1,40
104.115.216.174,1,32
85.211.225.198,1,40
171.153.144.210,1,32
133.208.59.14,1,56
189.161.75.186,1,32
195.122.34.157,1,167
74.110.150.169,1,32
93.150.235.7,1,32
176.118.129.85,1,32
218.7.183.22,1,56
102.185.246.117,1,32
122.100.127.221,1,32
12.107.72.157,1,32
183.144.86.125,1,40
124.104.127.4,1,52
61.152.84.42,1,60
24.229.222.220,1,32
88.88.40.212,1,32
218.130.74.170,1,48
75.155.55.51,1,32
89.152.153.110,1,32
177.66.53.111,1,40
70.230.183.25,1,32
213.139.105.117,1,32
218.234.124.139,1,52
198.138.95.245,1,32
97.2.105.17,1,32
65.160.54.181,1,32
173.160.223.133,1,32
95.136.250.232,1,40
220.171.218.71,1,56
191.80.234.122,1,44
82.88.143.209,1,32
71.214.41.215,1,32
79.118.11.205,1,44
185.42.201.98,1,32
88.121.5.204,1,32
171.61.18.170,1,40
62.92.212.114,1,32
196.26.12.171,1,40
213.140.131.57,1,60
27.38.36.123,1,32
117.44.29.230,1,32
143.183.104.61,1,32
84.143.113.202,1,32
103.123.133.22,1,32
216.52.199.53,1,40
166.161.30.44,1,32
190.5.219.188,1,32
220.254.230.16,1,32
148.144.4.12,1,32
137.141.216.241,1,32
170.205.2.13,1,44
79.53.43.237,1,32
213.165.215.87,1,32
81.97.232.179,1,60
24.163.161.220,1,40
52.67.161.188,1,32
89.214.30.200,1,40
205.58.73.150,1,224
87.241.166.208,1,32
47.82.51.248,1,52
14.33.227.168,1,32
69.230.156.164,1,32
216.52.194.33,3,120
12.140.147.249,1,60
113.161.51.205,1,52
90.130.48.226,1,40
118.201.220.207,1,32
154.163.12.254,1,32
195.4.28.98,1,168
5.185.139.91,1,32
119.133.207.40,1,52
67.222.158.170,1,32
5.86.141.10,1,32
69.153.187.171,1,32
91.106.222.160,1,60
23.4.212.161,1,32
60.226.99.194,1,32
221.35.147.191,1,40
77.85.162.108,6,264
143.192.124.129,1,32
71.221.157.51,1,32
67.134.217.41,1,32
201.43.89.197,1,48
222.142.246.144,1,40
45.223.101.240,1,32
213.6.84.81,1,32
195.69.190.201,3,168
46.130.252.90,1,32
37.123.23.144,1,32
69.12.214.180,1,32
49.50.8.168,1,48
220.111.4.93,1,32
119.130.166.61,1,52
61.115.75.175,1,227
39.79.215.180,1,52
67.14.92.228,1,32
190.70.109.182,1,56
213.209.252.189,1,32
5.64.104.141,1,40
191.160.2.138,1,32
172.249.28.66,21,3082
73.6.120.228,1,32
96.32.88.24,1,32
83.81.52.249,1,32
43.218.146.133,2,80
1.86.181.112,1,48
86.217.216.196,1,32
63.151.22.252,1,32
212.138.185.139,1,32
88.198.30.17,1,32
221.29.199.47,1,32
220.2.157.133,1,32
64.40.245.10,1,131
123.173.204.155,1,76
87.248.22.30,1,32
171.214.70.110,1,32
80.196.117.52,1,146
194.225.116.204,1,32
207.125.156.133,1,32
67.157.11.146,1,60
186.197.97.95,1,32
154.248.29.201,1,96
182.97.173.229,1,60
49.109.155.144,1,32
123.182.150.157,1,32
217.1.147.131,1,40
115.98.186.69,1,32
34.221.75.145,1,32
151.180.220.205,1,44
121.243.223.143,1,32
179.114.217.102,1,40
37.101.150.175,1,32
188.144.162.11,1,40
50.157.185.106,1,40
78.101.107.242,1,32
191.216.193.66,1,32
98.84.94.199,1,32
191.240.22.200,1,32
178.220.166.81,1,52
88.11.63.89,1,40
149.131.51.204,5,712
58.32.246.103,1,32
188.65.121.155,1,32
190.212.19.185,1,60
188.76.104.189,1,32
221.7.84.199,1,76
182.183.4.35,1,32
65.92.201.96,1,32
187.144.18.185,1,56
200.55.103.246,1,32
98.31.28.25,1,32
95.35.68.207,1,32
23.38.40.69,23,34738
74.248.57.104,1,32
223.66.98.78,1,32
42.63.226.152,1,32
58.70.197.169,1,32
49.80.209.193,1,32
24.6.153.4,1,32
91.122.217.7,1,32
118.202.213.124,1,60
43.194.151.204,1,84
82.55.76.218,1,44
77.241.122.67,4,160
37.16.209.108,1,40
205.24.5.173,1,32
125.190.96.246,1,32
203.36.26.99,1,32
203.136.241.14,1,44
88.204.84.238,1,32
58.198.59.41,1,32
62.29.30.118,1,32
2.254.5.184,1,32
105.42.50.81,1,32
188.139.74.201,1,40
104.109.210.139,2,111
200.157.255.233,1,40
41.163.30.145,1,40
177.10.126.11,1,32
99.18.230.19,1,32
182.135.224.254,1,52
154.196.154.89,1,32
80.186.142.126,1,32
60.224.88.149,1,32
5.249.212.216,1,32
124.64.167.124,1,32
27.235.193.31,1,32
64.244.92.126,1,32
79.80.32.238,1,32
116.138.45.71,1,76
108.39.100.29,1,32
92.32.33.209,1,32
38.152.255.166,1,60
120.134.89.127,1,32
182.55.128.155,1,32
205.37.192.166,1,32
183.97.54.223,1,40
114.168.172.46,1,40
222.255.224.68,1,32
98.95.67.60,1,32
118.106.181.80,1,32
45.213.104.171,1,32
168.81.168.241,1,32
31.102.1.89,1,32
62.132.19.42,1,96
177.224.10.174,1,32
96.39.160.52,1,32
185.127.93.32,1,40
103.108.158.231,2,458
38.144.123.19,1,32
89.31.102.219,1,32
85.172.158.78,1,32
66.112.103.69,1,32
218.250.146.88,1,52
82.40.88.23,2,108
41.37.166.94,1,40
201.195.14.216,1,32
202.111.30.233,6,576
85.151.2.119,1,32
39.25.88.215,1,52
94.10.114.112,1,60
189.79.226.241,1,44
222.212.62.157,1,60
183.139.27.8,1,32
179.204.98.163,1,32
60.84.184.181,1,32
221.37.208.140,1,32
49.51.153.194,1,48
82.44.85.14,1,40
23.11.158.210,1,32
191.214.185.51,1,32
186.132.29.143,1,32
93.225.213.67,1,32
58.185.157.192,1,32
175.205.5.19,1,40
200.126.135.46,1,44
195.252.44.25,1,32
187.146.68.88,1,56
99.176.192.44,1,32
58.16.126.101,1,52
164.89.90.188,1,32
98.131.136.176,1,32
143.215.105.184,1,32
78.54.153.206,1,32
194.253.162.197,1,32
75.254.213.184,1,32
80.118.190.227,1,56
91.149.79.91,1,32
50.165.194.232,1,32
110.221.165.135,1,32
114.200.57.32,1,32
50.15.89.222,1,32
205.58.75.9,2,443
38.186.226.141,5,1194
201.109.175.164,1,40
84.83.100.28,1,32
81.129.126.249,1,32
45.47.39.186,1,32
27.248.37.36,1,32
23.234.66.126,1,32
86.197.180.103,1,32
35.68.158.149,2,114
202.114.132.71,1,48
186.56.187.193,1,60
213.136.5.64,1,32
91.73.139.204,1,52
116.37.169.44,1,32
60.40.203.127,1,32
110.244.93.115,1,40
34.210.33.42,1,32
186.116.143.144,1,32
162.0.37.135,1,40
142.161.151.150,3,120
119.72.71.231,1,32
100.212.123.99,1,32
68.90.165.248,1,32
27.47.74.247,1,40
73.167.37.228,1,32
71.235.42.149,1,32
200.176.164.200,1,32
52.70.234.209,1,32
157.174.52.85,1,32
78.170.109.35,1,52
201.99.89.133,1,40
60.73.21.218,1,32
125.33.105.55,1,44
180.33.77.138,1,32
62.84.121.117,2,80
83.137.133.90,1,60
37.187.216.167,1,48
139.173.142.36,2,80
73.62.142.23,1,32
188.187.227.29,2,96
78.47.8.56,1,32
41.37.21.154,1,40
93.169.52.231,1,32
95.207.1.99,1,32
111.183.149.148,3,120
222.218.76.206,1,58
93.75.10.126,1,44
52.93.65.200,1,32
175.83.94.224,1,32
101.39.242.221,1,32
41.58.189.60,1,32
204.243.27.36,1,32
5.37.233.158,1,32
198.51.96.148,1,32
51.60.122.103,1,125
188.40.3.148,1,32
12.184.53.29,1,60
24.154.166.137,1,32
111.85.169.137,1,52
2.193.166.158,1,32
112.243.92.36,1,32
212.90.54.152,1,32
83.252.11.221,1,32
158.32.120.222,1,32
170.205.245.95,1,32
217.219.44.126,1,52
110.210.207.140,1,44
118.177.120.70,1,32
88.248.60.184,1,32
64.65.244.174,1,40
82.174.89.141,1,32
50.128.121.226,1,124
37.226.48.39,1,40
123.193.42.196,1,76
62.63.199.149,1,32
94.209.136.176,1,32
188.219.216.130,1,32
108.163.152.172,1,32
185.43.70.135,1,32
46.150.151.104,1,32
222.128.8.211,1,32
195.37.139.251,1,56
118.135.179.93,1,40
218.92.168.180,1,32
222.138.23.0,1,40
79.100.102.115,1,40
87.87.26.220,1,32
175.49.133.72,1,40
23.95.94.181,3,4318
104.238.145.185,1,60
180.80.3.233,1,40
92.185.239.179,1,56
14.55.118.191,1,60
59.163.114.105,1,32
70.88.118.251,1,32
13.161.234.220,15,19619
198.216.121.170,1,32
221.117.178.80,1,56
82.29.121.179,1,32
117.117.90.189,1,654
168.31.203.123,1,32
61.209.174.81,1,40
88.11.63.88,2,80
95.209.71.62,1,32
175.54.248.61,1,32
82.87.29.93,1,40
178.141.1.98,1,32
216.211.35.53,1,92
27.234.133.251,1,132
34.224.133.69,1,32
146.75.166.197,1,32
24.199.227.38,1,32
201.183.214.2,1,32
139.242.99.74,1,60
172.249.25.181,12,1758
64.160.75.201,1,28
181.123.23.3,1,32
193.110.159.192,1,32
73.46.243.160,1,32
111.227.239.233,1,58
82.244.59.249,1,32
189.130.87.198,1,32
88.244.92.30,1,60
111.248.220.3,1,52
92.71.194.138,1,56
80.108.98.5,1,32
177.63.226.242,1,32
5.187.150.195,1,32
171.49.190.218,1,48
187.65.227.57,1,32
114.152.64.216,1,48
86.169.201.6,1,32
83.158.9.33,1,40
181.236.134.166,1,32
52.78.218.156,1,32
37.17.206.143,1,40
52.11.65.82,1,32
113.150.81.4,1,60
62.94.216.36,1,32
183.228.79.143,1,60
71.89.215.255,1,32
37.249.100.55,1,32
60.22.179.169,1,60
31.176.243.178,2,96
24.246.46.6,1,32
91.11.56.143,1,40
188.194.98.188,1,32
84.115.183.148,1,32
190.249.13.148,1,40
196.248.123.227,1,32
52.250.166.190,1,740
78.175.215.2,1,32
96.124.71.219,1,32
79.58.165.156,1,32
169.53.118.170,1,32
62.206.105.123,1,32
103.48.131.32,1,44
119.10.153.54,1,32
189.1.124.45,1,32
218.102.167.42,1,32
23.73.225.51,1,32
92.69.142.64,1,56
223.49.193.192,1,32
200.234.17.6,1,32
136.169.230.191,1,32
187.185.113.141,1,32
176.1.40.136,1,60
72.38.213.82,1,32
85.22.109.110,2,88
79.54.54.12,1,32
92.71.194.143,1,56
181.50.216.249,1,32
92.185.239.94,1,56
179.158.180.186,1,32
73.251.58.166,1,32
37.17.210.124,1,40
217.120.134.103,1,32
45.54.68.138,1,32
91.196.25.77,1,32
71.230.250.26,1,40
81.104.90.199,1,32
92.71.194.66,1,56
182.8.91.63,1,32
94.252.191.51,1,32
92.71.195.195,1,56
71.243.140.10,1,32
128.37.75.190,1,134
92.185.239.153,1,56
139.234.249.149,1,32
172.249.25.131,23,5075
74.90.25.63,1,32
176.27.175.142,1,56
200.38.225.18,1,32
187.128.27.89,1,32
13.206.81.187,1,389
92.71.193.192,1,56
159.252.229.176,2,104
82.39.219.142,1,52
68.234.178.209,1,56
110.60.210.92,1,32
119.157.49.39,1,48
217.217.192.236,1,32
182.144.248.149,1,48
54.95.106.179,3,402
92.71.192.62,1,56
92.69.142.24,1,56
78.223.225.53,1,32
176.1.104.131,1,32
96.75.224.241,1,32
110.128.25.74,1,32
185.179.56.126,1,107
52.51.204.118,2,573
5.140.48.102,1,40
109.207.182.61,1,60
118.252.210.183,1,32
172.103.131.213,1,40
92.185.238.43,1,56
46.38.153.58,1,32
190.6.39.113,1,32
113.117.244.96,1,76
146.117.39.204,1,32
68.111.28.254,1,32
173.221.73.16,1,60
194.182.88.191,2,120
113.157.201.122,1,32
185.72.26.39,7,280
171.171.0.222,1,60
92.185.239.51,1,56
46.86.113.163,1,32
92.69.142.4,1,56
112.238.161.37,1,32
58.160.177.174,2,80
216.79.240.254,1,32
114.171.145.7,1,32
92.83.38.229,1,32
121.146.146.198,11,440
123.59.191.66,1,32
185.141.206.169,1,52
65.67.217.37,1,32
92.185.239.129,1,56
13.31.122.82,1,76
171.204.36.107,1,48
121.124.239.246,1,32
79.16.23.255,1,32
92.71.194.184,1,56
74.228.61.86,1,32
203.108.234.22,1,32
54.136.155.110,1,32
139.173.134.100,2,80
83.83.39.161,1,32
93.28.218.10,1,32
192.108.224.166,14,7100
84.33.1.100,1,56
117.85.119.191,1,32
49.214.164.130,1,52
59.120.98.72,1,32
36.21.183.81,1,40
42.18.174.111,1,52
13.206.149.249,1,76
118.8.216.35,1,76
118.200.63.69,1,60
222.72.142.87,1,32
189.204.230.210,1,56
116.159.174.164,1,32
54.248.104.99,1,32
95.171.118.213,1,60
189.81.187.63,1,32
13.161.169.251,1,52
190.7.217.149,1,32
115.170.58.74,1,32
218.155.75.134,1,32
54.166.185.244,1,32
66.229.24.108,1,32
179.225.240.95,1,40
192.33.47.55,1,135
189.152.197.101,1,32
92.11.127.92,1,32
119.27.242.158,1,60
80.212.58.204,1,32
54.227.208.149,1,32
198.52.195.199,1,115
164.128.200.63,1,60
163.160.245.73,1,40
36.18.81.220,1,48
197.25.235.184,1,32
185.113.129.217,1,40
81.71.126.108,1,32
114.32.9.250,1,60
217.104.93.28,1,52
85.244.157.2,1,60
218.134.56.181,1,32
91.213.51.232,1,32
49.215.110.33,1,32
61.26.76.153,2,80
14.98.124.134,1,32
92.71.195.55,1,56
91.250.226.149,1,60
199.146.243.48,1,527
167.199.137.229,1,32
107.4.90.0,1,32
92.71.193.187,1,56
207.32.54.38,1,32
187.133.70.55,1,32
75.168.37.87,1,32
221.97.132.200,1,32
74.33.128.27,5,790
139.173.159.2,1,40
92.185.238.183,1,56
58.217.52.211,1,52
201.1.22.245,1,40
23.83.251.42,2,812
93.149.153.145,1,44
62.230.61.121,1,60
24.36.158.95,1,32
106.51.182.151,1,32
184.122.227.119,1,32
93.30.59.185,1,32
66.213.81.72,1,32
73.245.33.164,1,32
151.153.199.134,1,32
52.84.70.224,1,32
180.93.96.108,1,32
180.153.45.157,1,40
121.93.75.212,1,32
144.67.137.221,1,32
201.192.254.53,1,44
152.69.228.66,1,32
107.164.219.173,5,3215
36.20.79.60,2,80
220.35.249.76,1,32
188.208.70.246,3,252
89.230.188.79,1,32
181.160.125.171,1,40
111.93.242.156,1,44
170.20.98.168,1,32
109.7.141.39,1,32
122.119.224.195,1,40
84.182.162.212,1,32
179.112.239.98,1,32
109.16.200.134,1,40
221.124.125.147,1,32
108.209.230.134,1,32
92.71.194.255,1,56
79.169.72.125,1,40
190.191.198.88,1,32
191.109.212.138,1,60
82.13.97.149,1,32
39.4.29.168,1,58
174.153.32.107,1,32
144.103.112.82,1,132
77.44.29.53,1,32
162.194.50.134,7,3953
34.226.195.50,1,32
122.59.113.241,1,44
185.184.83.21,4,160
76.33.77.188,1,32
212.164.55.67,1,32
66.193.92.232,1,32
147.104.107.203,3,120
75.90.214.195,1,32
186.238.133.213,1,32
187.251.184.231,1,32
54.92.209.13,1,32
23.0.0.153,1,32
5.133.255.250,1,60
54.36.150.236,2,267
98.126.56.210,1,32
114.193.74.229,1,32
46.57.143.54,1,32
104.216.155.117,1,32
94.210.216.232,1,60
81.51.39.191,1,32
122.143.53.161,1,32
75.121.101.147,1,32
222.190.186.183,1,40
103.5.112.194,1,32
104.152.236.131,1,44
156.63.111.228,1,40
188.247.123.31,1,32
75.76.57.190,1,32
51.74.223.229,1,32
159.137.136.71,3,120
114.174.54.72,1,40
50.131.98.131,1,32
116.143.237.192,1,60
211.75.92.79,1,32
122.42.7.79,1,32
50.12.231.174,1,32
212.81.162.39,1,32
180.83.48.93,1,32
221.141.145.87,1,52
107.149.101.87,1,32
111.182.209.216,1,32
93.232.21.35,1,32
45.199.235.180,1,44
124.35.221.249,1,40
5.159.255.35,1,32
59.43.113.70,1,52
213.154.23.144,1,32
95.156.219.151,1,32
112.23.227.116,1,44
2.18.163.179,1,32
77.193.161.165,1,32
202.201.83.50,6,4075
122.32.216.4,1,32
125.211.217.212,1,32
39.46.135.78,1,40
114.233.151.232,1,40
39.49.165.212,1,32
58.249.190.59,2,120
185.135.26.175,1,32
78.221.241.201,1,32
172.26.171.206,1,60
87.59.148.30,1,32
138.221.35.73,7,280
61.60.130.224,1,32
74.219.76.78,1,40
188.63.35.136,1,32
50.143.226.75,1,32
59.162.230.117,1,40
88.89.198.50,1,32
24.228.198.61,1,32
184.120.227.197,1,32
176.95.198.24,1,32
36.16.75.60,1,32
202.155.132.170,1,32
154.57.160.20,1,32
83.14.218.38,1,32
79.229.252.218,1,32
5.143.92.93,1,40
77.80.101.39,1,32
94.255.93.19,1,32
191.160.2.9,1,32
185.126.211.199,1,60
185.72.26.20,4,160
59.69.154.8,1,32
54.165.219.64,1,32
99.95.170.1,1,32
73.137.155.44,1,32
171.171.6.10,1,60
182.216.34.14,1,40
40.136.228.157,1,32
96.72.31.177,1,32
186.202.216.123,1,32
183.252.114.143,1,48
177.83.4.1,1,32
189.159.26.233,1,32
113.9.150.181,1,52
5.64.104.143,1,40
34.218.0.203,1,32
85.118.195.150,1,32
98.138.198.208,1,32
60.29.14.73,1,48
106.27.125.30,1,32
58.51.94.150,1,76
87.50.66.66,1,60
5.22.52.228,1,32
191.189.56.32,1,32
190.200.175.246,1,40
122.36.121.106,1,32
73.218.225.137,1,32
121.102.99.125,1,32
203.130.71.110,1,76
23.90.227.17,1,52
123.179.57.1,1,60
188.97.1.120,1,32
1.29.156.120,1,32
101.40.53.116,1,52
31.113.147.99,4,746
89.213.184.249,1,60
62.237.51.50,719,1077336
176.59.188.190,2,80
128.59.104.222,1,48
191.107.218.16,1,40
172.103.153.252,1,40
14.84.119.5,1,40
78.182.168.136,1,32
113.179.168.37,1,44
52.84.121.120,8,739
99.246.145.142,1,32
177.206.52.144,1,32
1.14.230.224,1,40
188.61.34.214,1,32
183.103.16.17,1,40
109.117.57.159,1,32
36.27.168.194,1,32
182.133.197.131,1,32
24.122.57.121,1,32
1.63.177.93,1,60
157.42.143.91,6,829
189.64.58.196,1,32
174.242.213.68,1,32
98.62.53.70,1,32
172.77.42.194,1,60
84.128.252.101,1,32
85.138.127.181,1,32
105.138.217.105,1,60
87.18.57.123,1,32
160.167.111.18,1,32
94.35.7.12,1,40
71.230.250.22,1,40
216.165.84.213,1,183
218.236.104.219,1,48
123.121.244.251,1,76
176.59.162.203,3,120
212.186.55.160,1,32
182.162.77.176,1,76
112.153.171.149,1,48
64.22.164.98,1,40
177.181.71.104,1,32
109.24.120.181,1,40
64.40.245.11,1,131
159.31.54.116,1,32
115.62.28.108,1,53
103.249.229.198,1,32
190.63.36.44,1,32
66.57.192.84,1,32
113.99.201.218,1,32
58.58.47.92,1,52
222.77.44.58,1,44
61.70.175.8,1,64
115.85.89.188,1,32
78.13.88.187,1,32
119.207.156.182,1,32
77.58.167.52,1,32
211.231.146.218,1,32
201.127.250.145,1,32
88.76.183.91,1,32
211.30.70.210,1,32
210.179.164.17,1,32
202.234.217.219,6,539
5.135.216.32,1,32
17.192.162.192,3,864
177.74.61.202,1,32
82.222.210.176,6,240
184.6.162.53,1,32
192.3.193.191,1,32
72.190.96.208,1,32
61.169.72.106,1,40
118.35.211.121,1,32
177.160.19.197,1,60
212.43.72.197,1,32
175.177.0.207,2,80
81.31.133.45,1,32
75.85.38.123,1,32
88.176.233.128,1,40
121.208.212.244,1,40
189.128.49.173,1,40
125.193.220.32,1,32
37.131.25.189,1,32
68.254.193.252,1,32
27.67.91.51,1,76
76.239.231.175,1,32
218.149.69.157,1,32
178.93.95.128,1,60
199.197.58.130,1,32
5.250.55.89,1,32
82.55.171.237,1,48
190.43.203.69,1,44
123.234.170.203,1,32
210.147.37.97,1,56
85.60.108.160,1,32
65.122.56.109,1,32
126.158.164.213,2,96
223.35.219.11,1,32
91.135.250.105,1,32
218.194.170.229,1,52
118.134.41.163,1,60
66.165.227.9,1,56
12.223.227.134,1,32
112.178.38.64,1,32
190.254.120.152,1,32
102.136.54.70,1,32
93.60.30.73,1,32
190.249.7.172,1,40
174.152.160.235,1,32
86.140.67.147,1,32
134.249.71.151,1,32
112.3.151.15,1,32
90.113.151.1,1,40
220.230.234.54,1,32
112.37.222.239,1,48
123.23.180.126,1,52
2.220.55.201,1,32
82.191.200.135,1,32
223.49.23.218,1,52
36.170.59.235,1,76
183.107.228.209,1,32
45.127.153.132,1,32
187.90.57.225,1,32
179.166.78.166,1,32
189.77.207.18,1,44
180.32.220.112,1,32
14.71.154.177,1,48
5.160.32.215,1,40
1.42.109.154,1,60
93.53.150.252,1,32
45.197.3.188,1,40
87.49.97.93,1,32
190.252.70.106,1,32
150.11.25.42,1,32
12.98.78.101,1,32
5.41.64.1,1,32
221.159.126.147,1,32
54.227.111.63,1,76
212.178.158.117,1,32
219.230.119.196,1,32
52.77.161.52,1,32
40.138.157.201,1,32
68.21.221.83,1,32
178.200.194.160,1,32
80.215.15.115,2,80
104.243.199.61,6,424
38.135.249.105,1,32
101.47.236.176,1,52
91.229.205.143,1,32
24.105.182.250,1,32
76.229.254.201,1,131
105.145.191.25,1,32
79.169.30.206,1,40
187.244.5.145,1,40
77.181.216.96,1,32
96.49.82.252,1,32
177.157.80.28,1,40
94.13.241.201,1,60
52.93.56.10,1,152
72.235.96.232,1,32
154.201.218.158,6,576
86.195.189.45,1,44
168.27.183.52,1,44
77.245.184.79,1,32
109.208.95.227,1,60
139.232.216.110,1,60
52.127.18.132,1,32
61.24.26.51,1,40
124.212.184.81,1,32
180.145.80.123,2,80
75.186.62.54,1,32
54.250.139.232,1,76
88.135.163.33,1,32
219.101.33.193,1,48
94.139.179.8,1,32
94.60.101.62,1,32
219.120.52.30,1,60
121.218.30.17,1,28
27.243.220.240,2,180
106.59.206.121,1,32
104.240.57.131,1,32
62.254.199.109,1,32
131.114.43.175,1,32
70.117.84.255,1,32
173.125.156.50,1,32
115.192.224.44,1,52
192.5.144.102,1,60
59.187.174.105,1,60
200.78.57.43,1,32
159.137.149.121,3,120
117.202.58.31,1,44
45.56.91.160,3,120
62.14.116.53,1,40
104.104.24.135,1,32
117.83.69.205,1,52
14.186.57.248,1,44
82.72.147.192,1,32
79.63.240.129,1,40
45.125.82.119,2,80
142.223.103.153,1,32
192.227.6.175,1,32
138.54.40.31,1,32
5.42.68.10,1,32
86.143.156.188,1,32
73.84.224.11,1,32
84.78.226.79,1,32
47.35.223.196,1,32
68.39.30.184,1,32
76.208.223.135,1,32
46.57.159.18,1,32
171.61.252.30,1,52
217.123.231.89,1,32
88.132.102.26,1,32
68.176.188.58,1,32
95.169.193.237,1,32
17.192.162.221,1,265
82.43.63.127,1,32
91.30.7.228,1,40
95.130.187.201,1,32
97.5.130.23,1,32
110.210.49.193,1,52
194.227.195.13,2,80
54.175.211.138,1,52
182.147.208.130,1,76
203.136.241.10,1,44
112.227.135.155,1,32
189.229.112.174,1,32
218.144.10.161,1,48
105.41.60.104,1,32
83.77.161.84,1,32
105.137.203.183,1,32
52.104.28.37,1,32
112.39.247.199,1,92
80.221.216.132,6,501
59.125.130.134,1,40
181.23.210.156,1,32
213.140.82.30,1,32
219.199.60.194,1,32
110.210.188.230,2,80
166.158.125.99,1,32
95.230.166.24,1,32
157.42.86.25,1,60
70.85.62.218,1,32
119.171.132.213,1,32
151.25.185.71,1,32
208.97.169.164,1,32
123.195.127.73,1,40
191.121.201.45,1,44
177.73.223.181,1,32
97.45.195.78,1,32
196.193.192.54,1,32
113.197.57.74,1,52
190.199.9.150,1,32
172.249.28.99,6,601
64.20.232.82,4,336
188.252.91.88,1,32
185.166.12.45,1,52
109.172.95.253,1,32
184.8.15.132,1,32
207.225.155.31,1,32
179.179.125.47,1,44
181.122.232.219,1,32
82.190.109.73,1,44
54.181.86.243,1,76
72.191.81.52,1,32
187.102.226.145,1,32
93.43.223.102,1,40
218.137.226.189,1,70
13.17.55.186,1,115
116.219.168.85,1,32
106.52.110.121,1,76
92.65.161.215,1,32
184.119.148.204,1,32
47.13.28.53,1,32
73.86.31.142,1,32
5.97.171.5,1,60
119.133.2.156,1,52
115.188.34.45,1,60
200.119.3.159,1,32
84.252.198.241,1,40
61.74.23.48,1,32
109.146.215.248,1,32
177.199.98.85,1,32
86.76.141.116,1,32
111.123.116.108,1,60
52.249.127.44,1,76
81.161.201.80,1,32
210.180.136.34,1,60
182.54.153.101,1,32
78.161.153.235,1,32
95.29.191.65,1,32
88.11.63.68,1,40
114.62.203.5,1,132
211.89.109.135,1,32
45.125.93.171,1,32
60.67.48.246,1,48
123.252.225.49,1,52
49.196.11.32,1,76
182.214.62.151,1,32
72.39.228.41,1,32
104.57.142.181,1,32
213.105.163.167,1,32
115.234.100.254,1,32
97.17.88.188,1,32
71.55.60.80,1,32
83.13.35.173,1,32
121.186.185.107,1,32
46.3.227.39,1,32
14.205.34.254,1,32
190.28.218.209,1,32
118.48.57.166,1,32
13.53.8.101,1,32
121.168.190.146,1,32
27.61.118.213,1,32
94.236.33.178,1,32
88.70.25.50,1,32
117.85.4.180,1,52
113.57.189.142,1,60
63.124.58.26,1,32
75.122.192.211,1,32
116.27.249.147,1,32
77.250.208.43,1,32
93.20.229.85,1,32
178.223.111.148,1,40
17.199.30.114,28,4437
77.194.160.132,1,32
17.192.250.249,2,157
209.152.182.122,1,32
52.255.48.14,1,76
176.196.204.146,1,48
63.92.244.27,1,32
221.137.4.14,1,32
177.138.150.9,1,40
5.140.255.197,1,40
192.242.158.171,1,32
68.74.212.165,2,80
212.6.87.50,1,60
72.243.38.148,1,99
36.173.18.187,1,60
125.240.208.68,1,52
180.12.95.53,1,32
49.199.160.153,1,76
132.145.142.88,2,80
23.98.58.6,1,32
118.166.122.73,2,80
109.60.48.193,1,32
58.42.18.178,1,32
114.235.47.61,1,60
67.190.202.50,1,32
85.103.85.128,1,32
196.53.167.96,1,60
45.46.36.84,1,32
5.64.104.139,1,40
93.126.167.255,1,32
54.34.146.80,1,120
160.176.123.73,1,32
91.186.97.95,1,32
110.66.52.115,1,132
94.143.63.12,1,32
118.113.79.254,1,44
34.237.122.145,1,32
18.232.78.91,2,111
24.196.24.211,1,32
208.127.212.122,3,132
61.73.44.82,1,48
176.39.151.22,1,76
185.157.56.24,1,32
60.67.89.185,1,32
89.250.187.70,1,60
109.55.149.122,1,32
77.96.149.197,1,32
71.215.201.214,1,32
179.92.245.233,1,32
187.53.37.25,1,32
132.216.70.128,1,40
113.246.124.32,1,52
81.109.202.70,1,40
122.228.58.246,1,32
27.251.54.147,1,60
31.87.46.249,1,32
1.221.229.134,1,32
151.192.27.31,1,44
176.235.123.2,1,32
117.36.177.6,1,52
71.52.195.127,1,44
139.173.155.216,3,120
67.238.228.109,1,32
74.189.100.154,1,32
5.160.225.119,1,32
96.201.161.128,1,32
47.127.26.249,1,40
219.7.231.212,1,32
46.33.205.223,1,40
113.251.37.131,1,32
115.47.128.227,1,48
5.239.242.214,1,32
68.220.28.134,1,32
69.136.61.107,1,32
92.90.175.0,1,32
36.27.68.84,1,48
73.18.247.66,1,32
89.149.244.97,1,48
178.33.201.2,1,32
124.228.243.10,1,48
113.125.46.229,2,80
188.58.95.74,1,32
201.11.135.131,1,32
23.193.15.241,3,384
106.86.152.172,1,32
103.121.35.18,1,40
112.50.25.37,1,32
64.65.244.70,1,40
190.105.215.21,1,32
79.198.54.190,1,32
156.56.73.250,1,40
199.144.167.212,1,32
46.153.206.114,1,32
144.204.107.13,1,241
221.214.251.186,1,32
196.212.95.102,1,32
211.223.10.156,1,52
69.249.244.75,1,32
14.50.68.2,1,32
83.205.188.38,1,32
91.33.121.233,1,52
218.105.23.129,1,32
115.193.140.237,2,80
123.25.229.46,1,56
186.212.15.218,1,32
13.161.234.159,4,789
220.191.156.105,1,32
73.147.135.11,1,32
71.230.250.245,1,40
111.244.210.57,2,120
39.6.99.165,1,32
91.19.23.81,2,110
83.190.203.82,1,32
14.170.165.157,1,32
104.107.31.140,1,32
87.68.171.239,1,32
58.215.64.50,1,32
42.230.25.76,1,32
195.89.181.170,1,56
171.62.252.113,1,32
1.137.232.255,1,76
114.41.120.32,1,40
176.116.196.178,1,32
66.221.184.176,1,32
5.64.104.153,1,40
122.170.135.17,1,44
37.68.119.49,1,32
203.100.157.129,1,32
31.163.182.138,1,40
2.221.200.6,1,32
39.5.159.16,1,32
203.57.78.80,1,32
45.77.7.74,1,60
155.237.14.230,1,44
172.107.168.120,1,32
5.64.104.150,1,40
220.179.34.234,1,40
183.143.65.154,1,32
222.81.169.36,1,32
68.36.159.53,1,32
69.144.45.110,1,32
88.250.38.205,1,32
213.115.50.67,1,60
77.85.161.115,15,660
54.48.93.52,1,76
123.152.24.243,1,52
39.20.134.65,1,48
49.235.104.142,3,1073
118.204.247.64,1,52
203.76.92.84,1,60
91.20.16.205,1,56
72.84.103.186,1,32
46.158.105.92,1,40
181.210.97.178,1,32
124.40.84.122,1,32
125.33.83.207,1,44
190.99.226.244,1,32
60.31.88.70,1,32
36.193.14.78,1,76
211.225.20.204,1,32
103.251.159.97,1,32
61.130.241.43,1,52
140.205.88.68,2,269
140.205.88.88,3,374
183.165.132.61,1,40
103.5.62.225,1,60
95.202.212.71,1,32
82.181.97.121,1,32
108.75.119.196,1,60
67.203.69.92,1,32
174.209.240.177,1,56
188.175.98.63,2,80
128.161.85.143,1,32
82.85.113.2,1,32
196.244.35.165,1,32
61.131.78.191,3,120
45.220.0.153,1,32
5.64.104.131,3,120
77.109.156.104,1,32
124.40.18.71,1,76
138.221.243.247,7,280
211.111.161.153,1,32
50.16.132.113,1,32
157.100.120.77,1,32
49.16.247.40,1,32
177.221.43.72,1,32
88.7.71.105,1,32
84.74.25.124,1,32
92.62.49.163,1,32
174.157.99.22,1,32
187.101.24.205,1,32
5.62.178.237,1,32
190.151.64.220,1,32
41.238.195.212,1,56
112.10.160.232,1,60
111.171.28.213,1,48
188.213.70.1,1,32
115.40.247.243,1,60
60.23.119.86,1,48
24.25.181.210,1,32
54.50.176.172,2,80
95.84.220.181,1,60
178.172.97.224,1,32
133.156.208.159,1,32
42.238.63.22,1,76
114.51.101.164,1,32
174.194.34.2,1,32
99.135.44.14,1,32
78.115.221.9,1,40
213.152.192.210,1,60
134.192.112.165,1,40
109.106.54.255,1,32
186.60.101.111,1,32
182.24.170.0,1,48
103.39.187.175,1,32
79.222.8.89,1,32
222.236.241.12,1,32
60.227.155.102,1,32
60.57.205.214,1,32
14.63.5.218,1,32
188.212.209.118,1,32
115.239.100.247,1,32
23.92.226.215,9,4459
186.33.79.168,1,44
201.109.251.238,2,80
60.126.122.244,1,32
97.12.186.60,1,32
27.39.69.227,1,32
122.121.10.167,1,52
197.34.55.4,1,40
218.250.137.148,1,32
80.123.211.132,1,32
211.180.223.247,1,32
183.145.121.115,1,32
70.60.40.12,1,40
219.225.213.223,18,2338
112.239.194.199,1,60
188.188.166.194,1,44
209.139.88.187,1,32
93.157.225.120,1,32
94.3.159.134,1,32
81.50.38.26,1,32
42.105.51.220,1,48
177.116.107.80,1,40
194.205.209.111,1,60
189.125.228.37,1,32
222.168.231.129,1,48
114.73.150.247,1,52
173.172.104.35,1,32
91.161.14.237,1,32
219.122.97.79,1,32
164.44.165.222,1,32
106.199.86.204,1,32
49.246.124.115,1,32
190.129.49.120,1,40
122.212.18.99,1,48
64.166.166.7,1,32
172.249.162.137,1,40
17.199.30.119,3,156
83.110.134.153,1,32
76.130.142.212,1,32
58.72.20.64,1,32
218.92.54.73,1,32
128.96.62.92,1,76
123.56.124.17,1,32
61.28.192.93,1,40
130.1.202.73,1,32
118.164.28.113,1,40
118.135.37.140,1,40
186.184.218.114,1,32
87.240.103.126,1,32
218.101.177.53,3,120
173.221.161.124,1,84
46.121.206.252,1,44
112.152.132.24,1,52
47.88.253.216,1,60
83.109.100.212,1,32
125.191.157.247,1,32
99.19.24.251,1,32
110.112.30.133,1,32
212.150.124.25,1,32
14.34.228.158,1,32
62.62.36.172,1,32
121.179.87.26,1,32
108.53.78.8,1,60
114.0.213.142,1,32
210.77.242.109,1,40
80.97.106.180,1,32
78.96.92.190,1,40
125.78.223.71,1,28
218.197.28.148,1,32
180.95.139.196,1,40
65.123.93.52,1,32
107.160.57.22,1,40
84.78.93.129,1,32
209.181.92.188,1,32
177.31.186.77,1,32
221.13.36.51,1,32
106.96.13.83,2,80
167.231.159.63,1,32
84.48.224.124,1,32
87.242.128.221,1,32
1.192.207.29,1,60
221.42.118.162,1,40
52.19.159.105,1,32
171.197.70.68,1,32
78.100.106.202,1,32
202.164.204.134,1,40
179.66.24.41,1,60
188.9.44.64,1,40
221.7.81.57,1,76
112.30.41.36,1,58
210.58.212.7,1,32
78.184.198.135,1,60
187.6.34.29,1,48
115.194.141.112,1,52
74.41.232.55,1,32
162.12.66.15,1,32
122.57.30.253,1,44
68.163.157.254,1,32
172.249.162.193,3,183
105.39.62.40,1,32
191.118.87.15,1,32
179.64.241.161,1,44
163.73.39.74,1,32
111.178.244.15,1,32
27.51.218.203,1,52
87.118.5.111,1,32
50.27.218.195,1,32
84.68.55.5,1,32
89.121.64.254,1,32
106.96.90.9,4,160
206.47.31.115,1,32
71.38.72.215,1,60
61.30.172.48,1,52
221.199.171.6,1,52
181.26.115.41,1,40
41.219.121.128,1,32
115.198.102.200,1,60
185.249.100.213,1,32
89.228.217.140,1,32
36.206.189.110,1,60
99.197.208.173,1,32
100.226.100.39,1,32
148.51.160.181,1,32
5.228.218.117,1,32
211.118.176.155,1,32
186.53.108.254,1,60
139.173.72.83,1,40
1.203.29.65,1,32
73.5.130.204,1,32
201.53.46.24,1,32
182.89.137.223,19,7446
221.242.169.247,1,32
24.141.106.21,1,32
106.197.76.121,1,32
47.86.232.25,1,32
177.31.5.108,1,32
95.97.33.250,1,32
103.86.162.196,1,32
112.166.95.129,1,40
221.241.223.163,1,32
115.246.109.37,1,32
181.128.38.62,1,40
24.187.92.89,1,32
119.164.13.169,1,32
126.208.92.148,1,32
47.252.179.131,4,160
156.57.0.116,1,40
35.93.232.38,1,32
83.137.33.147,1,32
88.196.26.104,1,32
49.206.152.178,1,32
89.32.121.116,1,32
49.201.119.57,1,40
116.246.51.86,1,32
95.93.177.229,1,48
122.35.103.192,1,40
47.121.240.179,1,40
104.6.118.153,1,32
109.185.68.30,1,32
117.246.193.82,1,40
85.105.163.32,1,32
2.26.12.124,1,32
120.183.214.90,1,32
74.193.223.244,1275,1847183
2.138.193.41,1,32
120.116.87.199,1,32
49.81.64.27,1,32
64.196.239.65,1,32
52.16.96.15,1,32
62.31.228.122,1,32
91.212.33.117,1,60
119.111.113.86,1,32
130.128.86.5,1,32
79.47.162.251,1,32
70.166.160.250,1,32
110.71.208.36,1,132
45.123.251.237,1,48
222.142.124.219,1,52
91.9.220.126,2,148
104.70.205.87,1,32
59.152.156.190,1,32
88.120.216.247,1,32
60.168.19.39,1,40
122.61.236.169,1,44
216.221.135.169,1,32
113.63.151.125,1,60
73.166.219.176,1,32
114.197.15.17,1,58
94.15.235.39,1,68
90.25.88.74,1,32
172.249.29.71,1,48
60.220.119.132,1,32
91.121.223.72,1,32
218.7.67.177,1,56
85.103.101.7,1,58
82.234.38.207,1,32
179.69.47.90,1,32
101.42.153.142,1,32
99.253.209.252,1,44
24.154.56.222,4,237
200.32.63.4,1,32
86.170.42.105,1,32
59.24.31.142,1,32
85.39.250.144,1,32
46.86.193.234,1,44
45.33.75.113,1,40
139.173.152.35,1,40
172.81.36.234,1,32
117.248.240.68,1,40
186.30.3.165,1,40
61.109.123.108,2,104
93.182.43.110,1,32
52.14.40.172,1,76
87.86.100.244,1,32
80.52.165.236,1,32
1.64.162.131,1,132
83.190.205.75,1,40
182.184.104.253,1,32
46.86.214.60,1,44
78.7.253.122,1,44
190.229.204.18,1,32
220.248.16.58,1,58
89.151.149.0,1,32
103.235.36.67,1,32
5.87.25.237,1,32
162.63.154.89,1,32
197.195.13.78,1,40
71.40.213.102,1,32
101.62.26.106,1,32
8.247.244.137,1,84
189.35.99.38,1,32
112.13.99.49,1,48
90.45.58.236,1,32
183.188.241.131,11,5106
24.244.57.41,1,32
184.152.27.246,1,32
124.141.87.42,10,5826
98.118.99.195,1,32
47.196.164.161,1,32
204.240.122.39,1,32
60.67.216.178,4,176
72.9.90.170,1,32
117.35.143.25,1,32
2.160.203.61,1,44
34.212.191.123,1,32
52.92.51.112,1,32
191.186.28.126,1,32
58.208.195.213,1,60
14.241.190.126,1,52
61.61.162.254,2,100
122.152.155.53,1,32
99.60.135.253,1,32
177.160.142.85,1,56
221.165.73.242,1,32
208.66.213.70,1,32
189.254.231.148,1,32
67.237.159.44,1,32
210.152.109.221,1,164
52.14.125.154,2,216
93.250.199.47,1,32
73.37.101.59,1,32
201.91.154.66,1,32
67.60.53.203,1,60
89.93.39.187,1,32
114.179.82.159,1,32
8.214.97.159,5,4886
119.21.36.232,1,32
76.78.69.181,1,32
113.6.208.16,1,76
122.164.93.72,1,32
114.167.22.11,1,40
114.45.75.18,1,52
13.205.173.4,1,76
128.36.35.152,1,60
67.174.218.3,1,32
118.175.140.221,2,120
88.58.248.241,1,44
212.61.29.87,1,40
118.112.106.241,1,44
216.136.150.193,1,32
94.195.88.164,1,40
178.92.53.189,1,32
221.14.43.26,1,32
178.112.62.207,1,32
209.48.230.248,1,32
24.169.73.106,1,32
220.90.198.111,1,32
114.179.9.182,1,86
64.198.40.149,1,136
182.10.93.88,1,32
201.205.185.183,1,32
117.45.228.171,1,32
45.32.49.101,1,40
71.230.250.141,1,40
97.51.221.166,1,32
179.130.233.59,1,32
46.148.228.83,1,60
166.241.149.252,1,32
209.204.149.55,1,40
188.60.90.36,1,32
62.102.115.150,1,60
79.97.229.98,1,32
216.182.1.41,1,32
139.173.135.232,1,40
122.53.21.200,1,60
79.30.103.33,1,32
78.220.27.68,1,32
68.253.16.170,1,56
178.7.171.131,1,40
47.127.183.192,2,88
210.68.53.216,2,80
103.50.25.4,1,48
27.234.60.78,1,32
94.101.91.155,1,40
122.39.137.190,1,32
119.143.85.40,1,48
144.222.9.213,1,32
81.173.158.228,1,32
112.181.194.23,1,32
104.23.156.107,1,32
88.199.231.43,1,32
138.203.51.135,1,32
116.165.152.74,1,32
52.227.227.114,1,32
23.9.152.67,1,32
46.234.253.198,1,40
1.72.134.136,1,32
34.225.58.151,1,32
163.73.252.162,1,76
173.104.108.156,1,32
182.243.227.237,13,4526
12.29.157.150,1,32
177.223.72.130,1,32
164.89.245.206,1,76
88.242.143.219,2,112
27.53.66.48,1,32
126.182.161.143,1,32
171.207.125.16,1,48
14.237.113.234,1,32
80.243.225.177,1,32
111.160.87.58,1,32
201.42.25.212,1,32
171.147.102.161,1,52
190.219.204.98,1,40
61.127.110.147,1,76
167.193.179.191,1,32
191.12.124.88,1,44
173.209.160.23,1,32
49.200.61.32,1,60
201.138.51.225,1,32
120.133.155.226,1,32
202.60.138.88,1,60
111.198.137.29,1,32
200.147.249.27,1,32
109.53.6.214,1,32
196.134.250.74,1,32
191.109.197.51,1,40
220.47.55.75,1,32
24.7.103.190,1,32
18.227.151.173,1,32
101.122.214.41,1,32
179.253.71.209,1,32
75.86.102.82,1,32
84.158.47.173,3,252
179.217.125.233,1,32
71.230.250.65,1,40
62.139.155.82,1,32
36.30.11.250,2,80
117.120.138.166,1,32
221.118.15.215,1,48
80.19.160.63,1,60
156.33.34.185,1,40
216.12.3.66,1,60
171.147.206.218,1,44
198.12.41.50,1,32
182.144.224.139,1,32
77.228.38.29,8,5681
5.203.104.176,1,32
222.180.56.95,1,52
88.27.199.236,1,32
83.255.205.176,1,40
5.55.141.39,1,32
119.85.126.90,1,32
47.63.214.99,1,32
75.110.251.62,1,32
92.255.161.85,1,32
23.232.252.71,1,32
88.129.158.155,1,32
204.247.35.30,1,32
183.167.204.138,1,44
103.117.13.204,1,40
181.128.147.89,1,32
203.136.241.11,1,44
213.215.209.230,1,32
76.247.187.146,1,32
129.232.98.58,1,32
110.239.215.239,1,32
116.167.187.235,1,32
77.192.222.192,2,64
91.250.228.225,1,60
175.169.99.34,1,60
5.140.55.29,1,40
183.249.217.44,1,52
66.40.58.149,1,32
35.68.143.3,1,52
122.175.240.33,1,48
68.27.233.165,1,32
23.200.193.186,1,32
103.25.212.113,1,52
50.14.96.14,1,32
110.67.12.232,1,60
192.15.20.109,1,32
87.116.28.192,1,32
115.156.13.31,1,32
77.213.121.82,1,32
63.251.85.174,1,60
115.54.218.65,1,32
211.90.42.253,1,60
85.186.168.37,1,32
196.9.6.178,1,32
94.254.36.108,1,32
210.14.224.251,1,32
58.58.226.160,1,32
89.209.44.190,5,260
141.33.96.146,1,40
46.224.156.181,1,32
114.193.252.128,1,40
189.222.26.159,1,32
41.34.129.32,1,40
159.239.56.186,1,32
94.179.36.129,1,44
183.87.142.250,1,52
212.45.52.51,1,40
112.223.214.227,1,32
177.212.46.236,1,44
92.180.12.37,1,32
171.213.6.154,1,60
182.181.225.32,1,32
87.181.24.201,1,32
91.147.245.217,1,32
103.122.71.38,1,60
177.150.176.90,1,40
103.204.93.55,8,4011
209.124.168.241,1,32
24.5.100.96,1,32
66.171.130.103,1,32
163.83.104.3,1,32
217.178.79.26,1,76
125.64.30.237,1,32
37.69.137.187,1,32
64.131.139.235,1,32
23.235.7.214,1,32
192.79.11.170,1,32
72.149.6.119,1,32
201.111.248.68,1,32
171.49.183.10,1,52
119.11.103.119,1,32
191.236.245.176,1,32
212.55.210.62,1,40
165.116.241.89,1,440
88.11.63.83,2,80
182.106.41.137,1,48
181.172.57.129,1,32
184.168.60.190,1,32
104.109.231.73,11,6961
203.136.248.6,1,44
58.24.154.152,1,32
71.230.250.194,1,40
84.124.45.203,1,32
223.50.39.132,1,32
201.233.156.46,1,32
71.184.119.90,1,32
87.54.120.97,1,40
153.98.92.145,2,80
124.43.73.9,1,32
84.94.17.204,1,32
69.134.235.6,1,32
73.24.90.96,1,32
123.185.145.229,1,76
62.246.153.64,1,32
85.184.218.171,1,40
78.30.222.213,1,32
208.111.198.111,1,780
111.193.164.247,1,40
113.210.41.5,1,32
220.205.73.170,1,28
41.236.217.129,1,32
118.57.200.14,1,32
122.37.140.85,1,32
115.97.57.68,1,32
202.39.34.119,19,24321
1.69.144.238,1,40
183.135.169.177,1,32
178.240.164.185,1,52
78.214.28.139,1,40
180.130.233.163,1,142
76.92.152.46,1,32
93.249.196.178,1,32
209.110.9.239,1,32
172.255.227.108,1,32
200.85.33.154,1,32
80.212.127.134,1,48
45.67.166.111,1,32
192.156.91.41,1,32
175.84.8.73,1,48
185.184.93.215,1,32
34.252.135.62,1,32
24.57.89.240,1,32
96.94.86.169,1,32
24.54.248.193,1,32
71.230.250.240,1,40
81.244.27.23,1,32
94.65.210.47,1,32
118.163.174.116,1,32
91.10.209.119,1,103
154.199.99.202,1,32
173.223.21.8,1,32
194.179.196.104,1,60
82.41.88.125,1,32
182.174.242.72,1,60
113.222.103.66,1,76
94.52.223.141,1,40
119.102.71.181,1,48
78.14.71.136,1,32
180.138.30.187,1,40
113.209.192.134,1,32
172.249.30.14,2,80
188.64.207.132,1,52
14.49.88.32,1,32
95.234.10.11,1,32
68.146.25.170,1,32
71.230.250.214,1,40
60.75.232.124,1,32
59.41.27.79,1,52
216.165.100.144,1,60
182.7.9.109,1,32
39.50.135.93,1,32
221.126.121.250,1,32
68.22.165.56,1,32
119.25.121.0,1,32
14.168.55.6,1,32
85.246.28.86,1,32
84.14.45.19,1,32
98.75.122.108,1,32
52.250.185.88,1,32
83.20.203.180,1,40
190.145.150.81,1,40
73.165.30.107,1,32
200.251.192.32,1,32
118.161.168.242,1,32
220.151.114.133,1,40
59.42.241.183,1,48
50.204.40.52,1,32
71.230.250.195,1,40
189.28.113.38,1,32
180.78.138.205,1,40
14.219.108.166,1,52
187.175.39.7,1,56
58.215.223.166,1,32
116.169.10.136,1,32
50.216.113.114,1,44
58.17.30.99,1,40
123.209.141.85,1,32
212.23.68.37,1,32
114.232.52.229,1,32
136.103.32.203,1,32
5.141.123.19,1,40
200.39.99.104,1,32
72.105.154.217,1,32
90.122.163.196,1,32
39.48.83.14,1,32
92.96.71.153,1,60
126.135.193.88,1,32
223.122.147.109,1,40
91.24.194.132,1,32
186.165.214.142,1,32
200.9.68.45,1,40
106.56.57.110,1,32
175.208.97.73,1,32
109.147.57.52,1,32
212.156.88.100,1,60
218.228.29.176,1,32
108.27.206.86,1,60
79.67.198.24,1,32
80.157.177.47,1,44
112.206.250.36,1,32
109.9.90.66,1,44
34.225.205.196,1,84
17.199.26.230,13,2027
73.15.104.208,1,32
221.139.197.31,1,52
108.72.244.27,1,32
47.17.119.33,1,32
173.45.99.57,1,32
91.68.229.234,1,32
83.228.54.226,1,32
187.103.229.213,1,32
118.4.20.114,1,32
24.180.148.15,1,32
62.128.155.171,1,32
208.98.180.210,1,160
37.250.14.28,1,60
113.117.248.114,1,76
202.86.26.238,1,32
156.54.238.104,1,40
200.216.28.54,1,32
180.93.255.107,1,32
72.25.64.86,1,52
142.161.25.145,1,40
80.124.23.130,1,32
134.252.110.77,1,32
62.209.8.136,1,32
38.153.104.55,1,32
71.230.250.239,1,40
47.33.98.184,1,32
211.142.38.131,1,32
168.42.157.36,1,40
123.114.230.153,1,131
5.40.71.214,1,32
167.198.135.68,1,32
41.115.22.73,1,32
54.244.200.193,2,171
113.225.91.63,1,52
49.109.95.178,1,40
71.230.250.36,1,40
121.184.29.111,1,32
50.0.105.21,1,32
118.89.137.157,1,52
200.144.11.17,1,32
54.201.223.162,1,32
46.110.27.140,1,32
173.249.49.75,1,125
176.82.218.29,3,144
180.151.33.191,1,40
31.105.23.218,1,32
80.145.185.229,1,32
79.216.193.225,1,32
97.49.223.128,1,32
46.131.25.38,1,32
5.64.104.142,1,40
179.221.6.202,1,32
68.38.231.133,1,32
78.111.70.247,1,32
47.87.105.216,1,32
54.213.140.71,1,32
172.249.29.69,5,1849
175.229.212.126,1,32
79.217.95.24,1,32
219.4.193.124,1,32
82.137.125.154,1,32
144.219.240.193,1,60
73.152.226.250,1,32
1.195.168.138,1,32
64.208.112.249,1,56
149.148.161.248,1,96
183.104.27.48,1,32
17.192.251.171,2,157
216.68.133.181,10,6194
65.171.102.184,1,32
186.40.65.251,1,52
68.234.38.13,1,32
46.95.246.118,1,40
188.193.160.242,1,32
173.46.160.242,1,32
140.205.88.79,3,417
62.218.197.96,1,32
178.247.100.77,1,32
103.213.174.206,1,40
208.77.224.43,1,32
156.35.199.167,1,40
71.230.143.40,1,40
121.54.180.3,1,32
207.50.107.23,1,32
132.148.35.43,1,32
223.171.232.57,1,60
62.172.78.98,1,32
223.48.40.115,1,32
116.30.206.97,1,60
125.208.221.196,1,32
203.200.59.78,1,56
177.208.126.61,1,40
167.116.241.137,1,56
128.121.66.118,1,60
81.246.152.206,1,32
60.17.178.30,1,48
201.166.195.178,1,56
180.103.180.229,1,32
49.30.146.205,1,40
52.248.108.31,1,76
216.172.116.248,1,40
5.64.104.154,2,80
73.172.85.18,1,32
210.240.179.197,1,52
115.205.29.32,1,32
166.135.136.38,1,32
188.152.59.71,1,32
201.103.190.89,1,32
91.197.27.248,1,32
107.150.102.146,1,32
185.13.104.254,2,80
86.220.61.244,1,40
197.22.38.7,1,32
59.34.1.201,1,32
83.241.27.36,1,32
72.75.199.158,1,32
1.28.218.0,1,32
96.74.28.51,1,32
62.62.48.196,1,32
113.176.26.90,1,32
1.86.10.233,1,52
58.207.48.22,1,52
46.73.84.227,1,40
78.64.63.148,1,40
169.47.131.116,2,111
139.164.121.248,1,76
71.230.143.47,1,40
188.195.164.112,1,32
42.233.229.250,1,40
85.149.76.231,1,48
111.73.157.28,1,52
138.214.128.218,1,32
111.227.10.189,1,32
217.58.98.101,1,32
60.104.43.215,1,32
58.40.142.175,1,32
168.193.63.198,1,32
13.161.234.163,9,11672
95.148.124.9,1,44
52.113.30.83,1,32
117.42.54.109,1,40
45.236.153.126,1,32
216.105.151.16,1,32
121.110.136.195,1,32
189.234.50.22,1,32
107.6.95.147,1,32
79.222.224.13,1,32
183.125.66.108,1,32
139.180.242.38,1,76
187.199.32.239,1,32
50.1.168.198,1,32
173.83.158.244,1,32
195.20.63.224,1,32
183.236.33.186,1,132
27.251.254.48,1,48
70.189.19.211,1,32
114.236.122.21,1,60
195.60.202.222,1,32
31.113.147.119,2,211
74.214.27.126,1,32
210.100.197.49,1,40
171.170.103.68,1,40
210.34.10.152,3,261
123.233.162.89,1,32
200.111.112.241,1,60
120.221.70.3,1,60
178.1.82.147,1,40
104.198.13.105,1,32
41.99.33.127,1,32
188.161.34.58,1,32
220.169.162.230,1,32
106.71.200.159,1,40
211.236.126.184,1,40
76.238.224.230,1,32
85.245.156.189,1,32
176.115.27.245,1,60
178.40.97.209,1,32
85.208.221.157,1,52
91.57.226.170,1,32
125.231.27.94,1,76
78.222.28.89,1,32
14.125.187.145,1,32
201.149.130.117,1,32
58.207.207.124,1,52
179.169.58.210,1,32
217.218.157.204,1,52
32.14.130.177,1,32
121.159.74.225,1,32
71.117.122.198,1,32
176.111.11.241,1,32
211.181.188.225,1,60
45.126.100.101,1,32
185.222.223.37,1,60
88.133.94.161,1,32
82.12.155.168,1,32
35.84.255.17,1,92
175.175.119.69,1,60
190.137.147.194,1,32
199.136.195.140,1,32
151.44.236.252,1,44
31.119.136.48,1,48
58.210.11.86,1,32
5.147.33.58,1,32
116.208.206.7,1,44
218.165.225.117,1,40
109.238.227.108,1,32
180.66.49.48,1,32
71.230.250.252,1,40
91.119.28.48,1,44
60.28.28.126,1,32
223.48.235.67,1,52
191.57.0.137,1,32
97.31.151.205,1,32
124.156.182.62,1,32
168.40.229.10,1,44
79.52.58.3,1,32
212.231.135.159,1,44
90.113.144.118,1,40
31.176.13.146,1,40
41.103.26.20,1,32
96.211.235.126,1,60
192.148.103.6,1,32
118.94.239.205,1,32
24.14.74.204,1,32
211.84.118.161,1,32
77.23.237.137,1,56
88.249.225.150,1,32
121.100.128.220,1,52
94.29.110.43,1,32
222.105.23.228,1,32
159.52.182.48,1,40
92.197.185.163,1,32
183.141.229.216,1,32
78.71.67.76,1,44
207.157.109.15,1,32
72.24.48.221,1,32
92.91.147.145,1,40
96.22.151.33,4,1125
117.231.85.238,1,32
95.114.205.176,1,32
77.224.102.227,1,32
82.204.31.225,1,32
71.230.250.40,1,40
98.139.196.42,1,32
73.85.224.65,1,32
82.179.161.232,1,32
206.11.0.10,1,60
181.205.228.103,1,32
211.227.9.112,1,32
95.145.70.129,1,32
46.33.163.171,1,32
67.173.31.82,1,32
37.70.82.57,2,80
221.4.90.20,1,40
37.17.216.54,1,40
96.205.118.226,1,32
117.91.249.181,1,32
139.232.216.89,1,76
179.43.41.98,1,32
24.185.23.6,4,160
190.80.198.152,1,32
190.98.155.111,1,32
82.147.114.146,1,32
125.240.211.139,1,52
54.56.129.27,1,120
41.146.215.10,1,32
58.43.88.99,1,32
193.143.6.200,1,32
37.17.215.100,1,40
80.123.197.125,1,32
71.6.246.248,1,32
178.212.42.204,1,32
23.99.207.65,1,32
95.115.207.98,1,32
125.42.176.48,1,40
178.122.29.241,1,32
14.32.102.88,1,32
189.93.40.180,1,32
177.109.24.68,1,32
107.188.93.242,1,32
178.185.60.58,1,32
213.181.92.106,1,32
13.161.6.70,1,52
71.230.250.251,1,40
109.214.83.13,1,40
220.10.61.221,1,40
125.255.230.8,1,32
73.50.43.248,1,32
115.65.105.243,1,44
112.51.201.54,1,44
79.23.132.20,1,44
107.5.88.37,1,32
175.140.105.0,1,132
123.24.89.57,1,32
72.223.168.91,1,32
184.123.152.84,1,32
122.60.121.162,1,44
86.148.170.186,1,32
190.70.120.62,1,40
115.232.96.160,1,32
175.213.116.217,2,100
197.52.72.248,1,32
12.99.64.102,1,32
197.52.121.57,1,44
114.53.164.191,1,52
89.122.121.94,1,32
92.195.96.7,1,32
58.104.183.76,1,60
184.22.216.81,1,32
90.27.95.62,1,32
96.22.125.156,1,32
119.130.93.159,1,40
103.122.68.155,1,32
64.121.230.3,1,32
73.101.63.121,1,32
74.196.13.14,1,32
201.246.36.97,1,32
59.163.8.231,1,40
5.82.33.16,1,32
125.214.11.204,1,60
82.42.153.151,1,32
124.30.56.185,1,32
159.93.242.166,1,32
78.218.35.197,1,32
52.251.137.1,1,76
217.226.239.59,1,32
211.203.126.84,1,40
58.232.214.230,1,32
93.117.22.21,1,32
121.91.19.150,1,116
108.191.139.58,1,32
200.17.7.184,1,32
162.35.203.140,1,32
5.64.104.156,2,80
54.247.179.104,1,44
89.254.225.195,1,32
185.60.176.199,1,60
27.213.15.84,1,52
217.136.65.110,1,32
182.212.183.90,1,32
58.213.82.107,1,52
94.239.69.22,1,32
59.125.98.74,1,40
222.78.23.15,1,32
187.37.185.76,1,32
209.64.58.118,1,32
77.214.180.139,1,32
45.167.60.131,1,40
72.243.39.247,709,1013714
106.100.195.35,2,269
80.138.128.37,1,32
133.201.26.153,1,76
174.125.29.74,1,32
1.50.112.140,1,52
206.188.172.119,6,5513
103.25.213.56,1,44
81.199.73.161,1,32
54.216.199.35,1,32
222.152.3.25,1,44
98.54.155.188,1,32
59.110.58.250,1,60
186.50.53.174,1,32
94.71.115.100,1,40
221.131.86.70,1,40
93.218.127.202,1,60
115.22.68.105,1,32
93.243.61.23,1,32
212.137.121.66,4,240
185.124.42.126,1,32
173.233.156.52,2,192
72.192.139.3,1,32
207.111.146.52,1,76
156.56.107.224,1,40
104.149.37.28,1,32
73.71.250.113,1,32
52.235.103.189,1,32
75.179.139.133,1,32
175.61.4.228,1,32
62.236.81.216,1,40
82.111.8.141,1,32
172.16.101.242,1,32
196.50.38.31,1,32
105.32.232.0,1,32
77.59.33.150,1,40
212.8.196.159,1,32
71.230.250.246,1,40
75.187.196.158,1,32
198.151.170.186,1,32
78.160.91.50,1,32
180.161.8.227,1,40
184.7.103.43,1,32
201.90.90.31,1,32
5.161.155.44,1,32
193.24.218.115,1,32
37.48.126.192,1,32
1.8.245.36,1,32
87.54.122.176,1,40
114.48.235.170,1,52
23.85.4.62,1,32
144.103.56.118,1,32
68.187.199.3,1,32
125.79.220.116,2,88
45.125.123.150,2,80
176.125.149.102,1,32
5.162.224.178,1,32
24.1.63.15,1,32
71.230.250.161,1,40
177.193.131.210,1,32
205.3.174.46,2,550
139.173.171.12,1,40
118.2.19.106,1,40
173.176.210.229,1,32
81.195.91.154,1,40
72.243.88.217,1,32
67.202.32.74,1,32
121.89.100.77,1,32
75.149.87.74,1,32
64.107.55.50,1,32
118.248.121.63,3,120
94.198.91.60,1,40
38.186.226.139,53,69332
117.248.85.159,1,40
98.8.166.178,1,32
93.66.160.202,1,32
186.56.100.69,1,32
59.38.236.205,1,60
74.111.150.20,1,32
222.239.245.107,1,32
217.98.116.33,1,32
189.208.17.69,1,32
36.20.241.18,1,132
18.213.243.118,1,499
123.155.157.207,1,32
78.250.170.226,1,40
27.243.35.224,1,80
124.221.141.212,1,32
24.175.113.59,1,32
2.241.47.148,1,40
210.14.72.255,1,48
208.81.141.59,1,32
218.27.251.80,1,32
78.65.124.0,1,52
217.21.233.46,1,32
192.127.172.5,1,44
12.66.118.230,1,32
83.161.209.55,1,60
191.28.4.24,1,32
197.146.122.117,1,32
14.225.185.39,1,52
190.107.42.165,1,32
187.89.54.154,1,32
175.42.20.35,1,32
112.167.96.241,1,32
178.201.217.174,1,32
47.12.26.95,1,32
83.115.251.75,1,32
34.243.118.43,1,32
84.32.109.168,1,32
119.42.10.176,1,32
39.46.129.247,1,62
189.175.94.74,1,32
81.100.57.61,1,56
172.249.31.64,98,122257
137.165.63.152,1,32
206.23.180.4,1,56
14.231.241.208,1,60
125.174.80.26,1,32
71.230.152.134,3,132
222.140.94.107,1,32
154.165.6.60,1,32
24.197.30.163,1,32
190.175.94.162,1,32
115.112.223.7,1,32
62.42.63.121,1,52
122.242.118.252,1,76
71.198.200.107,1,32
206.254.113.47,1,32
124.62.190.163,1,56
83.78.88.154,1,32
222.142.112.1,1,32
222.82.5.91,1,32
212.177.161.133,1,32
87.48.27.0,1,32
134.248.13.201,1,52
178.26.214.125,1,40
159.1.88.0,1,32
17.192.251.26,1,105
2.242.177.236,1,32
121.133.103.143,1,32
82.183.165.123,1,32
125.33.208.138,1,44
87.24.22.113,1,32
193.250.66.120,1,56
140.206.106.251,1,84
94.206.200.241,1,60
126.113.137.109,1,32
99.35.235.119,1,32
75.115.168.226,1,32
174.224.2.66,1,32
103.90.250.122,1,44
96.35.154.244,1,56
2.74.43.18,1,52
222.175.134.189,1,32
222.138.22.225,1,97
173.253.90.64,1,32
14.10.235.7,1,32
116.213.73.206,1,32
181.17.24.193,1,32
218.251.51.189,1,32
190.188.217.60,1,32
218.99.215.9,2,80
84.183.155.187,1,32
81.231.219.162,1,40
84.87.147.85,1,32
163.162.20.211,1,32
185.213.139.45,1,32
18.178.88.28,1,76
114.239.252.187,1,32
37.25.155.187,1,32
197.40.133.0,1,40
104.151.39.137,1,32
41.71.46.181,1,32
213.132.85.164,1,32
109.232.142.155,1,60
206.190.60.16,1,40
217.121.71.121,1,32
13.161.234.153,2,1246
182.79.179.91,1,44
73.25.68.144,1,32
162.97.118.87,1,32
81.135.117.198,1,32
121.195.251.42,1,40
116.253.45.131,1,32
109.208.95.225,1,60
162.12.5.31,1,40
23.244.157.153,1,32
109.208.236.19,1,60
1.88.129.113,1,32
37.249.252.49,1,40
122.229.75.32,1,32
93.58.128.40,1,40
182.71.22.43,1,32
34.229.42.126,1,32
173.66.200.181,1,32
132.194.32.206,1,60
92.64.103.154,1,32
121.213.199.241,1,32
201.142.9.203,1,32
191.255.167.209,1,32
192.134.82.123,1,40
181.74.33.25,1,32
122.159.239.124,1,64
112.238.111.174,1,40
84.104.158.68,1,32
68.162.163.175,1,32
59.38.148.162,1,52
62.113.104.120,1,32
91.173.201.17,1,32
220.1.134.248,1,32
155.229.215.120,1,32
123.149.55.247,1,32
115.154.169.34,1,60
112.174.74.43,1,32
173.244.3.167,5,3992
108.189.169.71,1,32
145.144.219.225,1,44
46.243.250.27,1,60
221.223.132.114,1,32
222.237.248.120,1,32
201.141.244.58,1,32
54.53.117.255,1,32
125.33.163.202,1,44
62.64.91.244,1,32
73.242.8.160,1,40
187.158.8.80,1,32
1.81.203.150,1,32
183.71.233.73,1,76
119.182.140.168,1,132
79.168.214.119,1,40
89.229.71.222,1,32
126.46.180.90,1,32
39.46.165.246,1,283
193.232.37.66,2,120
95.62.29.73,1,32
14.12.209.137,1,32
122.133.61.59,1,32
146.182.31.132,1,32
91.138.66.111,1,32
98.10.216.27,1,32
54.205.157.145,1,32
41.104.253.135,1,32
113.161.179.205,1,32
183.146.154.24,1,32
187.183.66.180,1,44
70.115.246.235,1,32
221.15.229.105,1,40
190.158.128.245,1,32
1.81.68.241,1,40
213.53.6.26,1,32
41.165.44.150,1,32
183.119.134.130,1,32
76.226.183.61,1,32
47.231.168.109,1,32
71.230.250.128,1,40
52.103.75.13,1,32
178.221.198.110,1,32
189.148.158.112,1,40
95.53.202.86,1,32
70.98.46.244,2,80
82.180.88.246,1,32
118.3.152.190,1,60
60.127.15.4,1,32
37.17.189.80,1,40
150.145.169.226,1,44
187.156.116.186,1,32
211.20.33.39,1,32
76.21.87.88,2,100
169.45.135.174,1,32
188.237.109.55,1,32
191.187.122.189,1,32
123.22.85.87,1,28
52.76.167.75,1,32
89.155.68.30,1,32
46.78.46.159,2,80
122.170.53.64,1,40
195.111.202.175,1,32
54.255.51.147,1,32
197.49.52.48,1,40
107.213.40.119,1,32
14.163.65.55,1,32
126.21.55.133,1,79
84.35.118.23,1,60
220.63.159.78,1,32
115.65.107.149,1,44
69.233.148.212,1,32
116.198.19.93,1,52
52.255.46.162,1,76
61.88.96.94,1,40
65.130.84.101,1,32
200.79.55.125,2,80
49.210.139.133,1,48
178.164.153.62,1,48
60.143.251.93,1,32
186.216.8.39,1,40
74.82.92.167,1,60
209.41.251.176,1,32
216.68.133.206,4,237
173.127.31.213,1,32
71.170.20.167,1,32
188.12.88.238,1,60
187.91.63.12,1,32
87.243.154.137,1,32
195.128.232.60,1,32
189.43.185.86,1,40
37.106.197.71,1,40
192.111.65.124,2,120
41.115.214.149,1,32
13.30.205.89,1,76
52.239.60.125,1,32
59.36.130.253,1,48
124.62.9.111,1,32
68.119.48.15,1,32
216.22.249.112,1,32
27.67.76.36,1,52
58.213.125.57,1,60
23.6.214.168,1,32
77.81.100.183,1,32
188.31.0.55,1,40
213.182.160.177,1,32
88.11.63.80,1,40
119.109.19.182,1,84
177.82.241.212,1,32
117.42.199.70,1,52
174.192.211.118,1,32
123.150.59.140,1,32
103.239.125.224,1,32
5.64.104.149,1,40
218.137.226.173,2,152
1.16.73.188,1,32
187.156.113.246,1,60
221.93.214.1,1,32
121.152.130.92,1,32
189.157.26.112,1,32
221.35.167.34,1,32
62.109.11.11,1,28
189.127.227.202,1,32
190.231.79.222,1,32
47.91.102.77,1,40
27.36.161.159,1,40
171.134.56.124,1,40
83.76.103.111,1,32
60.92.36.88,1,40
94.178.34.29,1,40
27.36.199.196,1,40
83.136.131.116,1,32
117.224.174.87,1,32
174.130.240.98,1,32
219.104.1.74,1,40
186.178.232.8,1,32
82.206.227.12,1,32
89.91.220.37,1,40
171.196.103.44,1,32
212.2.178.41,6,976
90.68.152.62,1,32
12.33.162.200,1,32
190.186.54.174,1,40
129.127.245.231,1,32
23.83.227.120,2,104
185.219.148.202,1,60
123.108.102.204,2,80
31.195.114.126,2,80
125.114.119.178,1,32
208.123.79.44,2,996
112.229.239.67,1,76
79.169.188.230,1,40
181.232.125.121,1,32
211.171.13.3,1,32
188.200.195.113,1,40
45.64.141.161,1,32
181.125.0.103,1,32
223.104.62.115,1,76
213.139.89.38,1,40
18.236.162.62,1,52
74.193.23.172,1,111
116.3.242.246,1,48
77.86.123.3,1,32
45.72.215.170,1,40
111.127.209.109,1,60
104.7.184.65,1,32
221.47.26.151,1,32
142.161.195.55,1,40
188.82.226.221,1,32
66.109.144.175,1,32
79.159.90.145,1,32
218.168.224.97,1,60
178.111.182.174,1,32
101.186.136.240,1,32
60.140.15.140,1,32
104.109.210.149,8,11678
92.194.140.160,1,40
73.199.118.31,1,32
124.234.143.248,1,32
195.36.31.108,1,32
71.230.250.35,1,40
67.62.212.86,1,60
187.50.148.199,1,32
100.227.91.67,1,32
111.178.202.50,1,48
46.12.145.126,1,32
42.57.54.143,1,32
96.73.65.173,1,32
71.230.250.154,1,40
50.224.121.77,1,32
12.191.152.222,1,32
113.17.48.141,1,52
89.238.22.194,1,32
36.248.180.169,1,32
54.48.147.122,1,76
34.219.102.65,1,40
61.149.9.172,1,32
69.8.246.245,1,32
54.45.159.79,1,32
151.27.119.37,1,40
80.242.25.124,1,32
207.253.10.170,1,32
139.68.229.167,3,120
125.199.73.252,1,40
121.148.184.91,1,32
50.26.151.244,1,32
157.217.117.232,1,48
63.193.226.96,1,32
90.121.131.191,1,60
103.237.63.142,1,40
87.119.7.70,1,32
183.235.13.203,1,56
34.204.178.119,1,32
211.160.201.61,1,32
73.115.233.192,1,32
64.22.164.96,1,60
195.5.116.189,1,60
67.62.212.199,1,32
98.74.248.120,1,32
31.107.148.66,1,32
115.21.39.68,1,32
192.134.117.72,1,60
187.135.80.230,1,60
129.235.163.30,1,32
179.83.52.6,1,40
91.49.53.185,1,44
172.103.54.118,1,40
39.16.10.0,1,76
221.130.204.140,1,32
172.103.184.236,2,80
120.144.149.221,1,76
115.18.192.115,1,40
45.21.167.143,1,32
73.36.97.114,1,32
96.5.141.70,1,40
122.162.112.113,1,32
27.66.66.227,1,76
31.113.147.79,2,217
207.111.142.156,1,76
79.3.182.90,1,32
185.241.226.122,1,52
218.210.171.211,14,1476
119.165.243.65,1,32
79.45.101.169,1,32
195.215.226.93,1,32
27.217.5.194,1,32
5.64.104.148,1,40
2.136.52.80,1,32
79.91.100.48,1,40
123.16.183.238,1,32
199.242.89.252,1,32
88.232.48.222,1,32
211.55.192.235,1,32
17.199.26.147,3,156
171.163.30.219,1,48
111.196.55.99,1,40
192.33.42.152,1,147
5.115.192.242,1,32
129.1.88.8,1,32
222.117.212.89,1,32
191.183.23.6,1,32
88.11.63.92,1,40
87.234.82.230,1,32
98.29.80.156,1,32
14.171.203.92,1,32
88.11.34.96,1,32
186.218.163.65,1,32
27.52.128.234,1,32
95.166.136.178,1,32
5.199.35.207,1,32
41.7.249.241,1,75
96.78.110.235,3,120
42.16.97.46,1,76
99.167.64.91,1,32
210.28.214.231,1,32
123.198.3.70,1,40
67.141.22.46,1,32
36.223.219.130,1,32
73.192.75.61,1,60
52.251.147.57,1,76
210.178.69.201,1,32
189.108.5.185,1,32
114.42.109.66,1,40
172.102.192.88,2,80
23.114.249.194,1,40
104.248.191.182,1,32
54.202.236.100,1,40
5.140.249.94,1,40
189.34.99.187,1,32
106.41.25.248,1,32
2.186.119.74,1,40
168.198.142.114,1,32
113.227.240.149,1,52
114.48.97.12,1,32
124.67.96.62,1,32
198.26.114.247,1,105
78.254.191.184,1,44
220.237.242.12,1,32
114.49.223.49,1,52
68.215.75.183,1,32
220.190.154.4,1,32
92.63.199.6,1,32
39.46.150.59,1,93
137.228.83.119,1,32
82.138.26.107,1,32
84.231.107.10,1,32
177.41.96.139,1,32
151.44.237.146,1,44
187.122.6.87,1,32
179.254.67.0,1,32
78.55.6.52,1,32
183.188.23.183,9,7867
156.43.220.19,1,40
101.161.78.74,1,44
96.64.158.128,6,240
67.252.187.126,1,32
76.192.55.108,1,32
171.206.39.136,1,58
213.106.96.249,1,32
156.61.68.184,1,40
125.229.174.191,1,40
108.129.78.196,1,32
70.187.59.116,1,32
52.93.56.11,1,152
14.8.33.192,633,954860
76.131.131.92,1,32
41.1.143.6,1,32
92.60.63.19,1,32
27.243.47.107,1,52
179.233.157.75,1,32
47.85.171.192,1,32
78.168.1.195,1,52
69.216.93.193,1,32
183.235.125.70,1,32
66.41.51.187,1,32
23.54.144.251,1,60
27.54.6.173,1,32
189.131.23.155,1,32
190.132.210.147,1,32
106.27.173.231,1,48
200.87.95.170,1,32
81.177.28.112,1,32
164.48.28.76,2,58
60.201.177.132,1,32
1.31.198.213,1,32
218.151.203.80,1,40
70.121.120.242,1,32
173.210.103.20,1,32
175.124.242.57,1,32
187.7.156.19,1,32
74.58.163.121,1,32
93.182.28.39,1,40
78.193.225.9,1,32
222.85.44.201,1,32
114.167.147.17,2,80
66.109.76.125,1,56
177.65.148.76,1,32
104.177.252.74,1,40
178.103.252.9,1,32
125.34.75.5,1,44
202.1.75.0,7,513
195.38.95.213,1,32
119.84.8.195,1,32
211.17.2.223,1,32
58.221.113.35,1,32
1.73.140.254,1,32
189.158.228.72,1,32
71.230.250.138,1,40
14.30.66.171,1,40
41.56.90.56,1,32
45.63.57.154,1,32
73.154.72.129,1,32
194.237.122.248,1,32
189.196.112.46,1,60
123.185.243.85,1,28
172.249.25.137,306,418296
54.39.118.86,1,32
94.203.161.30,1,32
221.129.80.47,1,32
182.243.243.241,1,40
140.205.195.192,2,80
156.55.173.209,1,40
175.216.170.172,1,40
213.22.251.136,1,32
35.15.72.151,1,40
27.50.87.53,1,60
212.207.28.8,1,32
43.198.217.162,1,48
217.34.72.108,1,32
27.179.20.192,1,32
71.42.209.59,1,32
179.62.182.190,1,60
52.105.197.70,1,32
211.19.244.105,1,32
23.8.91.184,1,32
65.15.21.5,1,32
13.205.198.148,2,1026
172.65.178.2,1,32
41.219.210.141,1,32
190.97.98.35,1,32
120.188.208.127,1,32
109.72.7.101,1,40
195.66.98.221,1,32
88.237.228.224,1,60
172.254.117.150,1,32
88.93.239.4,1,32
52.6.54.107,3,228
59.36.54.115,1,32
222.71.15.213,1,32
210.10.182.30,1,32
52.111.40.151,2,154
82.28.152.121,1,32
37.59.248.110,1,32
72.243.39.184,6,1535
85.228.151.14,1,60
195.5.126.246,1,60
50.155.200.98,1,32
169.23.14.108,1,32
90.7.32.168,1,32
50.2.107.27,1,32
94.125.29.168,1,32
219.98.207.92,1,32
69.34.59.250,1,48
172.249.30.60,1,40
142.72.30.162,1,40
180.148.183.78,1,32
217.70.35.228,1,32
104.50.202.127,1,32
79.130.138.232,1,32
5.64.104.145,3,120
191.252.68.187,1,40
50.130.212.8,1,32
13.204.156.51,1,76
95.176.147.250,1,44
63.129.30.175,1,32
46.182.149.197,1,40
52.253.2.94,1,76
120.155.129.39,1,76
88.23.26.194,3,384
187.84.98.232,1,44
220.46.214.181,1,32
24.225.50.154,1,56
167.58.189.255,1,44
35.78.196.16,1,32
8.247.39.43,1,32
46.151.24.37,1,32
195.154.44.181,1,32
190.58.202.91,1,32
65.190.163.3,3,423
189.198.156.73,1,32
74.193.223.226,396,568428
96.28.52.115,1,32
124.12.132.38,1,60
109.202.184.7,1,32
42.106.141.128,1,76
77.0.39.230,1,32
139.173.146.150,1,40
62.61.54.3,1,32
39.40.123.74,1,40
95.158.59.110,1,32
13.31.127.203,1,76
183.178.195.148,1,48
108.217.15.248,1,60
123.140.64.249,1,128
90.4.176.236,1,32
180.99.92.17,1,132
71.230.250.44,1,40
172.249.28.108,4,2244
78.221.24.161,1,32
91.242.77.46,1,60
202.118.191.153,1,96
81.23.241.136,1,32
91.178.13.133,1,32
60.143.245.20,4,276
218.168.243.244,1,32
172.99.254.254,1,32
60.92.5.162,1,40
200.207.35.136,1,96
110.62.85.143,1,32
216.211.36.155,4,442
73.27.100.230,1,32
75.151.203.226,1,32
114.169.111.4,1,32
80.227.227.227,1,40
179.144.135.186,1,32
5.128.98.192,1,32
182.63.92.191,1,40
68.71.68.65,1,32
182.42.67.132,1,32
23.84.13.85,1,32
197.225.226.164,1,32
5.145.49.79,1,32
114.236.223.148,1,48
74.193.127.202,1354,1855552
217.24.94.141,1,32
46.118.182.187,1,32
166.248.7.116,1,32
141.33.155.189,1,32
71.230.250.235,1,40
71.230.250.148,1,40
209.98.140.194,1,32
17.199.26.134,25,2827
86.211.245.174,1,32
2.75.39.91,1,32
35.125.8.183,1,32
143.99.4.71,1,32
34.209.161.143,1,32
172.102.204.49,3,120
76.70.218.202,1,32
54.217.216.231,1,32
222.96.255.94,1,32
78.121.202.155,3,270
60.23.166.249,1,52
52.248.132.210,1,32
186.53.1.2,1,60
180.97.150.232,1,60
24.181.85.188,1,32
59.151.248.115,1,52
104.121.9.95,1,32
118.24.8.183,1,32
63.130.141.122,1,32
213.239.254.19,1,32
181.115.4.36,1,32
170.208.82.76,1,32
187.166.34.78,1,32
187.38.136.169,1,32
97.2.182.237,1,32
121.113.130.3,1,52
84.173.204.83,1,60
37.227.209.41,1,40
112.6.206.52,1,32
123.171.227.58,1,32
172.124.215.6,1,32
74.55.19.252,1,132
49.223.138.29,1,32
52.251.124.145,1,32
188.161.221.229,1,32
69.240.94.195,3,407
23.94.230.122,8,11173
88.66.205.29,1,44
106.169.100.156,2,100
83.128.87.100,1,32
221.127.133.14,1,32
175.238.230.128,1,32
80.39.75.11,1,32
46.109.226.47,1,32
24.19.163.82,1,32
70.190.19.181,1,32
182.176.7.22,1,40
199.181.11.29,1,32
173.195.141.195,1,32
181.174.218.99,1,32
75.87.95.172,1,32
31.208.102.123,1,40
45.125.150.1,1,117
36.163.252.197,2,80
86.95.221.160,1,48
139.233.7.115,1,76
114.221.103.110,1,32
84.117.131.13,1,32
177.112.150.53,1,32
23.97.204.157,1,32
94.99.6.136,1,32
181.33.217.55,1,32
77.47.231.151,1,32
213.132.94.172,1,40
88.207.54.116,1,32
176.236.134.143,1,32
45.221.7.193,1,60
92.146.143.127,1,32
84.39.36.212,1,32
192.28.106.231,1,40
37.250.185.110,1,32
79.66.40.173,1,32
189.33.247.85,1,32
118.162.118.90,1,32
42.236.110.157,1,40
37.64.113.137,1,32
194.8.33.140,1,32
46.127.246.216,2,64
200.144.97.250,1,40
58.152.112.5,1,32
183.188.62.4,12,9688
185.68.210.245,1,60
91.106.222.162,1,60
83.192.235.63,1,32
145.236.40.105,1,32
12.253.193.28,1,32
155.186.158.2,1,32
71.230.250.250,1,40
73.153.251.212,1,32
86.248.61.93,1,32
189.29.139.104,1,32
81.156.71.203,1,56
58.209.213.120,1,52
23.75.224.157,1,32
36.16.235.81,1,52
115.44.93.141,1,32
69.243.142.52,1,32
113.211.33.197,1,32
145.145.51.87,1,32
187.36.119.55,1,32
188.16.29.67,1,32
2.199.246.195,1,60
118.210.1.119,1,32
98.241.92.227,1,32
23.245.255.196,1,32
52.85.6.58,1,32
89.42.61.127,1,32
161.237.84.186,1,32
178.93.207.196,1,32
197.23.36.177,1,32
220.50.50.68,1,32
91.69.219.95,1,32
185.89.220.30,1,32
194.174.225.250,1,32
106.50.64.175,1,60
68.204.3.219,1,32
123.114.50.12,1,32
41.37.60.60,1,40
114.152.8.108,1,40
202.92.157.70,1,52
223.51.215.248,1,32
31.194.169.90,1,32
125.209.215.166,1,32
110.43.49.192,1,32
64.142.114.110,1,40
12.42.86.106,1,32
39.65.42.155,1,44
191.108.42.154,1,32
121.223.42.149,1,32
222.139.36.155,1,52
74.199.247.5,1,32
24.170.120.200,1,32
63.208.207.192,1,32
115.248.118.75,1,32
198.5.69.211,1,32
114.14.255.208,1,48
104.123.255.234,1,32
178.215.38.29,1,32
5.146.172.68,1,32
169.226.122.210,1,40
79.96.29.107,1,32
101.231.227.73,1,142
218.135.78.207,1,63
183.188.241.140,5,1406
24.211.11.246,1,60
186.53.2.151,1,32
112.205.5.231,1,32
104.231.160.106,1,32
172.249.162.145,2,92
115.227.54.65,1,32
58.236.85.120,1,48
52.163.214.248,4,3917
122.38.124.61,1,32
82.14.101.137,1,32
114.156.240.166,1,40
14.96.224.239,1,32
191.74.107.69,2,88
210.37.209.180,1,32
149.55.97.73,1,40
104.60.116.16,1,32
85.140.31.116,1,74
205.58.74.47,1,289
76.250.32.126,1,32
112.218.234.180,3,140
124.160.170.196,1,76
67.222.78.210,1,32
112.239.232.108,1,76
12.28.167.81,1,32
31.114.199.135,1,32
154.113.150.50,1,32
78.33.30.234,1,32
85.247.97.53,1,32
190.83.87.146,1,32
14.235.113.71,1,52
37.101.40.223,1,32
172.192.85.253,1,32
106.15.55.113,1,32
185.150.155.0,1,32
111.180.100.36,1,52
71.230.250.232,1,40
113.252.253.105,1,32
77.20.136.198,1,52
119.152.53.145,1,32
216.250.39.130,1,32
144.91.14.48,1,32
179.207.146.235,1,32
49.125.90.199,1,48
5.64.104.128,2,80
170.214.206.73,1,60
83.240.224.64,1,32
67.83.118.20,1,32
46.183.163.3,1,40
152.28.22.242,1,60
35.82.91.50,1,32
191.31.118.106,1,32
203.191.215.150,1,40
160.179.199.168,1,32
222.142.43.127,1,76
99.226.217.52,1,32
106.50.235.33,1,48
153.255.7.255,5,939
37.133.146.230,1,40
49.144.61.67,1,132
41.37.176.144,2,80
81.198.207.186,1,32
186.241.70.245,1,32
50.166.195.141,1,32
206.45.70.93,1,32
98.137.58.115,1,32
107.185.90.108,1,32
68.74.17.226,2,80
207.229.178.110,1,32
93.245.113.22,1,32
83.17.201.174,1,32
221.5.8.15,1,32
160.160.212.48,1,32
80.225.250.2,1,32
212.106.7.184,1,56
134.214.180.169,3,120
184.25.185.145,1,32
62.23.41.64,1,32
17.199.30.71,1,52
182.155.219.31,1,48
45.77.192.9,1,52
112.176.28.62,1,32
218.212.46.103,1,40
114.56.164.92,1,64
64.57.177.25,1,32
172.249.252.157,1,52
222.208.160.129,1,60
222.75.74.105,1,52
81.173.215.121,1,40
34.249.63.60,2,120
23.80.3.234,1,52
84.15.63.29,1,32
191.219.69.41,1,32
179.83.101.100,1,32
83.252.42.202,1,40
196.38.222.153,1,40
12.229.46.29,1,32
121.90.66.181,1,32
80.146.125.64,1,32
78.12.98.253,1,32
77.223.55.250,1,32
79.101.204.238,1,52
78.25.136.68,1,32
210.152.168.120,1,92
117.103.101.53,1,32
89.148.178.249,1,132
211.233.3.139,1,76
156.55.242.99,1,40
109.217.235.84,1,32
93.13.220.210,1,32
65.147.48.210,1,785
73.48.57.12,1,32
119.85.225.68,1,40
90.113.149.169,1,40
205.58.74.250,1,341
14.126.135.219,1,32
13.5.80.31,1,32
71.230.250.143,1,40
50.205.54.142,1,32
197.17.139.165,1,40
205.58.74.215,2,455
1.45.127.169,1,32
76.195.192.130,1,32
212.76.225.190,1,32
37.24.88.130,1,32
83.108.153.60,1,60
178.223.229.4,1,40
183.133.42.201,1,32
49.210.2.218,1,52
59.62.229.118,1,40
104.120.0.59,1,32
186.79.89.42,1,40
197.5.7.124,1,32
78.28.221.162,1,32
217.59.101.178,1,32
31.208.86.154,1,32
59.153.194.181,1,60
60.14.141.69,1,32
88.11.63.85,2,80
112.207.8.254,1,32
101.209.88.109,1,32
125.29.83.83,1,32
123.166.122.95,1,32
79.11.108.130,1,44
197.204.54.123,1,52
182.134.201.125,1,32
23.86.31.213,1,40
76.37.53.231,1,60
117.235.1.131,1,32
212.28.200.71,1,32
112.152.205.74,1,40
88.56.245.173,1,44
191.188.205.83,1,32
87.145.158.92,1,32
201.158.86.93,1,32
117.205.93.188,1,32
46.185.16.40,1,40
94.28.92.166,1,32
46.27.164.14,1,32
189.212.86.35,1,32
222.73.44.119,1,32
172.103.173.194,1,40
190.196.61.193,1,32
94.31.160.129,1,32
89.23.242.162,1,32
27.164.113.253,1,32
175.160.217.84,1,32
183.167.238.250,1,52
101.159.198.125,1,32
201.102.128.110,1,32
123.169.238.152,1,32
142.61.130.188,1,32
213.193.51.9,1,48
49.166.45.142,1,60
82.61.51.18,2,80
98.27.163.103,1,32
93.242.32.88,1,32
190.81.92.180,1,32
91.115.150.89,1,32
151.225.37.226,1,32
104.199.115.222,1,32
106.31.137.65,1,52
78.85.209.203,1,44
132.216.148.101,1,32
69.187.76.35,1,44
113.151.1.105,1,32
62.129.24.17,1,32
220.60.68.67,2,80
126.130.2.76,1,32
5.64.104.140,1,40
191.170.250.213,1,32
178.18.9.106,1,32
38.144.224.234,1,32
114.58.177.143,1,32
200.174.55.47,1,40
126.189.211.20,1,32
182.137.242.125,1,32
14.84.22.93,1,52
144.103.9.21,1,48
73.184.249.2,1,32
165.10.116.120,1,32
210.77.217.29,1,32
88.11.63.75,1,40
169.57.87.124,1,32
217.103.169.122,1,56
112.239.142.119,1,76
193.23.253.154,1,79
211.224.27.9,1,60
50.138.71.135,1,32
35.125.11.64,1,52
101.58.123.193,1,52
23.94.228.9,4,222
179.80.3.210,1,60
89.251.197.95,1,32
173.160.30.11,1,32
101.112.78.113,1,32
179.83.60.21,1,40
2.240.87.181,1,32
134.214.247.119,1,40
77.125.101.116,1,32
23.85.6.109,166,218652
68.254.28.57,1,32
125.225.13.187,1,32
121.170.147.216,1,32
1.63.38.195,1,52
177.159.93.77,1,32
65.170.92.3,1,32
201.71.178.171,1,32
201.80.218.167,1,32
120.223.195.71,1,32
171.153.179.200,1,32
78.152.124.144,1,44
149.157.60.97,1,32
118.199.71.92,1,132
109.118.59.2,1,32
173.88.254.129,1,40
179.82.66.120,1,40
23.125.209.110,1,32
101.77.165.190,1,52
91.208.88.190,1,32
198.173.69.97,1,32
119.200.82.222,1,52
212.31.59.135,1,32
132.194.121.55,1,40
54.48.165.148,1,52
204.249.234.173,1,32
193.37.230.102,1,60
95.101.202.192,1,32
112.249.206.146,1,32
184.4.88.112,1,32
222.208.206.59,1,32
111.207.248.76,1,32
183.142.30.0,1,32
211.164.240.218,1,60
58.217.247.160,1,32
198.38.28.122,1,32
162.59.245.53,1,32
34.192.208.124,1,40
36.210.71.175,1,52
52.252.121.199,1,76
51.60.122.101,1,134
222.189.162.72,1,32
124.231.195.190,1,40
191.13.45.205,1,48
175.63.67.181,1,32
115.243.101.245,1,32
85.193.79.241,1,32
17.193.183.201,5,963
36.168.147.138,1,52
112.237.164.213,1,40
119.216.118.253,1,32
61.129.179.80,1,32
183.201.93.160,1,32
178.237.122.113,1,32
101.114.127.121,1,32
75.184.39.157,1,32
188.98.103.100,1,32
123.200.209.35,1,32
182.243.226.130,7,5676
176.62.177.30,1,40
78.218.204.67,1,32
113.62.248.251,1,32
98.9.189.119,1,32
83.139.97.194,1,44
113.149.8.34,1,32
170.17.93.45,1,40
200.79.55.18,1,32
146.240.146.2,1,40
96.82.2.218,1,32
50.213.221.95,1,32
189.226.205.122,1,56
210.224.102.13,1,40
200.92.183.130,1,32
142.65.252.218,1,32
47.127.91.24,1,48
71.230.250.233,1,40
1.11.9.224,1,32
218.250.126.150,1,64
140.144.31.67,1,32
171.51.211.178,1,52
196.38.122.223,1,32
190.33.46.72,1,32
60.66.89.245,1,32
149.131.78.53,1,32
2.122.110.247,1,32
188.105.158.48,2,92
68.145.248.147,1,32
71.230.250.51,1,40
66.53.209.174,1,32
211.53.78.214,1,32
108.23.203.179,1,32
120.159.139.69,1,32
47.129.143.114,1,32
71.74.197.219,1,32
177.127.241.122,1,32
185.84.0.160,1,44
5.34.44.68,1,32
58.94.79.246,1,40
108.67.24.43,1,32
72.1.45.69,1,32
173.124.101.163,1,32
114.49.159.111,1,32
98.43.116.204,1,32
175.252.117.70,1,32
201.183.57.251,1,32
92.127.139.220,1,32
39.46.157.249,1,76
195.202.1.123,1,32
23.96.62.34,1,32
154.181.85.81,1,32
24.151.188.186,1,32
41.173.202.143,1,40
46.159.134.238,1,32
112.30.43.153,1,76
141.97.198.175,1,32
115.253.119.85,1,32
190.217.67.9,1,40
67.137.34.204,1,56
183.126.0.54,1,32
88.151.187.101,1,32
170.209.184.214,1,40
177.223.50.147,1,40
86.149.135.204,1,32
115.254.179.82,1,32
123.232.170.32,1,32
103.122.98.242,1,52
81.245.98.13,1,32
82.222.80.224,1,44
201.196.179.223,1,32
52.91.251.173,1,567
60.137.220.7,1,40
201.6.60.27,1,32
76.252.3.206,1,32
50.199.184.89,1,32
196.180.49.14,1,45
180.159.154.154,1,52
203.136.223.230,1,84
107.23.214.115,1,32
87.51.27.204,1,32
84.135.170.75,1,32
118.177.230.85,1,32
81.63.234.196,1,32
72.202.6.196,1,32
186.47.58.223,1,32
185.152.253.117,1,32
123.145.4.73,1,52
94.62.167.44,1,32
223.132.206.178,1,32
14.111.78.20,1,32
180.188.189.2,1,40
13.161.237.136,19,26486
2.243.175.202,1,32
37.151.10.126,1,32
90.113.144.134,1,40
60.18.139.188,1,52
61.130.127.37,1,32
87.65.62.183,1,56
45.237.31.6,1,32
170.195.203.219,1,44
205.58.73.105,1,229
183.246.21.145,1,48
91.0.252.169,1,60
186.16.174.254,1,60
156.56.248.83,1,40
91.56.229.172,1,32
60.56.119.93,3,120
103.89.190.118,1,52
179.28.105.172,1,32
106.100.195.33,1,148
195.150.189.253,1,32
148.210.250.239,1,32
88.198.197.105,1,32
205.98.124.96,1,32
221.107.146.248,1,32
60.145.91.147,1,76
59.120.155.176,1,32
178.39.87.208,1,40
213.133.103.112,1,32
177.133.130.157,1,32
181.66.240.179,1,52
125.75.114.147,1,32
113.113.79.3,1,32
23.86.249.83,1,32
88.91.91.174,1,32
118.113.154.219,1,32
109.3.197.153,1,32
92.195.74.67,1,40
107.157.250.21,2,80
119.170.236.122,1,40
72.185.242.113,1,32
116.255.210.209,1,32
162.11.237.46,1,40
210.152.188.75,1,160
118.87.136.171,1,32
109.163.67.186,1,40
122.59.162.29,1,44
2.164.18.178,1,40
113.104.66.9,1,52
209.171.14.236,1,32
94.207.201.158,1,32
49.160.147.240,2,104
188.238.112.185,1,32
178.34.218.169,1,32
82.182.90.159,1,32
151.17.181.246,1,32
114.51.169.57,1,40
221.7.81.174,1,76
152.61.151.255,1,56
14.222.56.100,1,48
114.236.70.150,1,48
88.55.174.138,1,44
82.127.148.216,1,32
91.42.24.251,1,60
212.219.216.71,1,32
75.111.133.20,1,32
212.207.44.189,1,40
87.2.66.118,1,32
200.66.60.165,1,40
101.86.224.37,1,32
114.165.80.167,1,40
108.0.140.28,1,32
191.247.71.76,1,32
1.87.6.158,1,40
216.100.31.61,1,32
118.91.100.68,1,40
185.219.218.182,1,44
110.220.204.202,2,80
78.162.92.249,1,32
216.46.81.210,1,32
171.199.11.205,1,32
188.83.100.110,1,32
91.5.183.113,1,32
119.241.127.115,1,32
119.194.114.193,1,32
180.98.144.177,1,32
172.249.31.68,1,48
83.236.231.112,1,32
42.234.93.47,1,132
89.197.31.70,1,32
112.243.161.40,1,32
54.52.115.50,1,32
83.238.15.70,1,32
66.247.10.44,1,32
92.233.156.98,1,44
66.65.215.185,1,32
37.192.97.3,1,52
93.208.134.111,1,32
54.233.37.219,49,41112
186.120.31.61,1,32
173.168.46.8,1,32
61.81.36.126,1,32
188.199.169.64,1,44
5.236.61.124,1,40
185.166.191.249,1,32
50.196.67.16,1,32
73.68.249.25,1,32
134.214.55.161,1,60
88.149.157.211,1,32
191.221.194.65,1,40
124.127.201.127,1,96
104.238.209.207,1,32
195.148.103.167,1,32
188.210.181.94,1,32
71.230.250.118,1,40
94.113.169.34,1,32
49.208.24.138,1,40
200.103.40.134,1,32
218.51.211.38,1,32
221.222.142.14,1,32
196.205.201.23,1,32
183.172.201.241,1,52
199.244.11.75,1,32
85.38.3.42,1,32
151.25.169.84,1,32
185.26.37.163,2,135
182.40.14.54,1,32
91.137.117.239,1,32
121.246.52.87,1,52
106.238.142.56,1,52
94.238.91.45,1,32
69.179.246.210,1,32
175.225.145.27,1,32
31.145.112.17,1,32
183.147.16.246,1,32
85.166.196.154,1,32
185.22.191.90,1,32
36.23.94.40,1,40
83.79.162.207,1,32
197.111.198.235,1,48
92.32.228.217,1,32
70.112.4.18,1,32
73.39.94.237,1,32
84.91.57.74,1,32
93.171.198.144,1,32
108.35.158.177,1,32
76.66.242.142,1,32
14.15.206.9,1,32
158.250.176.251,1,32
61.40.254.222,1,40
185.218.85.126,1,32
35.62.177.64,2,80
122.119.28.31,1,48
52.251.31.93,1,76
52.102.42.165,1,32
113.70.23.12,1,60
200.217.62.101,1,32
217.28.73.105,1,32
134.160.4.133,1,40
143.253.8.22,1,44
14.98.153.40,1,32
194.29.114.38,1,40
211.21.86.112,1,40
213.187.22.188,1,32
80.191.40.250,1,32
188.80.222.176,1,32
99.141.244.0,1,32
114.241.8.236,2,80
190.194.181.108,1,32
190.221.99.29,1,32
156.56.72.138,1,40
2.64.203.135,1,32
95.219.130.167,1,32
14.71.153.89,1,52
109.124.66.247,1,32
139.173.156.234,1,40
112.185.206.252,1,32
163.162.161.94,1,64
149.237.158.2,1,32
4.110.36.88,1,32
174.225.112.244,1,32
218.245.216.39,1,58
201.94.14.43,1,56
76.14.58.6,1,32
173.252.101.97,1,32
97.17.12.247,1,32
61.111.251.205,1,32
167.77.95.71,1,76
113.158.36.79,1,32
85.114.111.253,1,32
81.243.178.114,1,32
186.42.236.163,1,32
41.19.84.197,1,40
118.248.190.245,1,60
94.181.37.255,1,40
116.168.180.135,1,32
157.55.252.171,3,745
178.41.164.97,1,32
150.60.203.116,1,32
141.120.47.5,1,60
178.58.69.230,1,32
68.72.244.157,1,32
80.243.76.103,1,40
187.243.218.30,1,32
66.123.82.134,1,32
221.97.26.40,1,32
95.46.130.214,1,32
182.144.171.13,1,60
105.111.195.110,2,120
118.33.25.148,2,88
117.114.78.224,2,104
36.172.155.76,1,32
85.112.156.210,1,32
119.242.179.110,1,32
122.36.253.235,1,32
71.171.234.67,1,32
186.104.77.21,1,40
218.221.221.208,1,40
59.31.127.1,1,40
202.51.249.196,1,56
67.17.82.192,1,32
211.108.156.220,1,32
134.17.29.246,1,32
54.208.220.59,1,40
91.222.212.135,1,56
97.44.56.246,1,40
196.71.43.33,1,32
73.59.128.190,1,32
59.71.156.151,1,32
173.111.218.245,1,32
126.255.69.133,1,32
181.235.66.13,1,32
104.5.75.70,1,32
45.53.9.194,1,32
98.40.133.67,1,32
184.71.156.25,1,32
121.155.68.116,1,32
88.8.240.102,1,40
88.69.228.234,1,32
201.22.163.149,1,32
114.237.66.40,1,60
177.60.252.199,1,32
186.73.21.111,1,32
74.237.120.78,1,32
109.34.39.193,1,44
47.86.65.54,1,60
82.247.44.189,1,60
62.245.92.210,1,32
185.174.128.11,1,125
77.131.210.153,1,32
54.218.43.11,1,32
113.158.137.31,1,40
1.84.77.16,1,40
72.11.223.201,1,32
86.220.19.187,1,40
1.84.1.144,1,32
76.0.242.209,1,32
113.155.172.63,1,76
204.191.7.107,1,32
177.137.145.24,1,78
70.114.4.59,1,32
138.57.162.112,1,32
111.164.241.232,1,32
5.218.96.59,1,52
66.249.182.54,3,335
52.252.56.156,1,76
96.75.71.247,1,32
27.22.241.155,1,32
5.64.104.152,2,80
73.167.198.71,1,32
71.230.250.63,1,40
58.208.145.124,1,76
92.83.215.210,1,32
177.113.134.249,1,32
195.5.115.57,1,60
125.97.73.187,1,32
189.156.225.101,1,32
201.117.100.42,1,60
221.124.133.33,1,32
117.27.230.216,1,44
151.255.12.104,1,40
111.223.81.252,1,32
119.102.203.6,1,52
75.200.218.26,1,32
184.75.78.173,1,32
91.42.142.85,1,32
195.219.120.234,1,40
41.241.239.61,1,96
187.217.160.230,1,56
24.219.250.34,1,32
109.66.95.166,1,32
149.158.45.191,1,60
197.250.90.195,1,52
140.206.27.48,1,32
136.71.123.93,1,32
119.167.243.20,1,32
47.80.78.80,1,32
182.146.100.167,1,32
49.99.121.13,1,40
23.90.240.212,1,52
192.108.225.208,3,312
173.67.41.43,1,32
175.239.24.233,1,32
197.70.122.193,1,52
116.22.186.139,1,32
192.29.119.226,1,32
202.63.180.2,1,52
108.199.220.181,1,32
87.235.116.70,1,32
218.153.125.51,1,60
126.178.20.162,1,32
172.82.221.250,1,32
191.28.235.119,1,32
205.58.73.134,1,185
49.109.103.181,1,32
69.9.8.189,1,32
83.160.180.126,1,32
181.62.61.14,1,32
71.230.250.79,1,40
80.114.220.243,1,32
61.83.82.111,1,32
107.8.84.172,1,32
110.113.183.88,1,32
78.147.226.35,1,32
211.1.58.119,1,32
179.124.53.31,1,32
192.167.79.122,1,32
219.199.142.77,1,44
93.227.210.46,1,32
37.106.202.239,1,40
72.107.157.240,1,32
61.26.0.127,1,96
217.148.79.53,1,40
122.60.61.21,1,44
204.40.84.150,1,60
41.37.93.215,1,40
199.212.246.66,55,29253
92.189.159.233,1,32
113.11.74.36,1,40
125.66.25.56,1,32
203.186.247.34,1,32
123.116.23.26,1,32
213.235.12.67,1,60
88.170.217.186,1,32
24.125.79.175,1,40
94.143.79.121,1,32
154.57.101.210,1,32
2.137.202.212,1,32
46.150.7.209,1,32
189.76.50.213,1,32
52.255.142.98,1,76
199.22.153.120,1,40
31.131.250.24,1,32
83.90.117.253,1,32
192.109.127.35,1,32
121.183.14.148,1,32
78.188.130.169,1,32
184.98.42.132,1,32
177.65.162.5,1,40
101.61.100.232,1,32
1.63.109.64,1,48
66.244.243.102,1,32
129.196.32.21,1,76
89.187.91.85,1,32
112.4.46.25,1,32
183.131.81.5,1,32
71.230.250.155,1,40
73.229.67.80,1,32
202.147.141.46,1,32
47.49.246.55,1,32
75.134.250.143,1,32
27.55.36.56,1,32
68.180.68.222,1,32
95.89.89.141,1,32
76.159.27.79,1,32
103.127.178.162,1,40
91.217.134.1,1,40
144.198.177.22,1,32
12.60.187.54,1,32
114.51.204.237,1,48
187.121.250.121,1,32
122.240.60.203,1,32
87.233.94.107,1,32
183.65.94.145,1,60
108.130.75.206,1,32
213.222.203.46,1,44
218.147.90.235,1,32
24.199.123.249,1,32
191.17.139.217,1,32
211.37.207.33,1,32
24.108.199.26,1,60
110.243.90.173,1,60
171.201.134.217,1,32
177.237.97.247,1,32
41.245.129.146,1,32
60.87.53.90,1,48
161.197.7.92,1,144
200.211.75.191,1,32
221.35.67.128,1,40
106.61.9.33,1,60
35.90.174.127,1,32
113.158.140.98,1,40
115.133.237.32,1,32
173.239.178.9,1,32
118.113.111.218,1,44
89.22.0.232,1,32
54.33.167.138,1,76
140.247.248.68,1,48
125.98.128.169,1,32
201.251.247.64,1,32
94.160.50.178,1,32
109.117.215.251,1,32
196.180.49.18,1,45
59.160.77.106,1,92
192.191.249.73,1,32
14.230.9.42,1,32
41.244.95.172,1,32
88.111.178.221,1,52
80.158.251.13,1,60
217.68.156.50,1,32
179.243.197.206,1,32
190.39.1.33,1,32
128.78.154.148,1,32
87.79.93.195,1,32
216.244.118.156,1,32
175.95.161.136,1,52
186.202.73.127,1,32
178.49.2.30,1,40
111.197.123.209,1,40
58.150.104.16,1,44
179.186.82.38,1,48
84.69.136.116,1,32
77.129.72.224,1,32
103.79.36.109,1,52
92.94.114.191,1,32
94.95.101.154,1,32
175.133.157.99,1,40
92.254.102.128,1,32
27.66.176.231,1,132
178.223.105.106,1,40
210.5.192.55,1,40
122.9.75.66,1,40
160.65.213.122,1,32
108.160.157.102,1,32
94.115.75.176,1,32
173.222.212.102,1,32
93.169.187.147,1,32
60.58.212.22,1,40
90.125.200.206,1,32
178.47.88.52,1,44
177.192.245.223,1,32
75.113.42.247,1,32
79.129.220.32,1,32
68.158.178.99,1,32
120.165.133.55,1,32
160.35.4.193,1,32
96.72.224.129,1,32
77.78.203.20,1,32
31.208.229.251,1,40
67.51.191.224,1,32
89.18.40.164,1,32
27.253.177.35,1,60
77.131.105.188,1,40
117.233.17.149,1,40
97.39.206.250,1,32
12.254.181.161,1,60
182.11.39.3,1,32
52.247.203.5,1,32
81.21.241.205,1,32
220.53.104.138,1,32
96.92.8.65,1,52
42.234.142.245,1,32
187.195.216.117,1,40
71.60.205.132,1,32
211.16.9.38,1,32
118.33.25.145,4,2620
88.235.48.51,1,32
71.230.250.53,1,40
104.193.168.197,1,40
84.95.236.75,1,32
89.86.19.206,1,32
213.135.106.198,1,32
219.111.12.106,1,52
114.166.176.222,1,44
124.33.8.44,1,32
50.177.165.249,1,32
83.243.158.6,1,60
183.189.18.110,1,32
66.203.82.185,1,32
119.103.181.93,1,52
143.97.33.140,1,32
3.200.114.151,1,32
50.12.24.105,1,32
189.109.240.76,1,32
166.240.100.243,1,32
177.152.134.19,1,32
62.198.146.150,1,48
78.34.134.70,1,32
52.13.130.43,1,32
221.234.178.146,1,32
67.155.16.20,1,56
150.155.61.82,1,60
178.124.212.214,1,32
79.237.147.47,1,32
61.51.61.68,1,60
121.174.167.144,1,40
190.30.227.118,1,32
211.170.127.138,1,32
78.188.226.132,1,40
94.190.27.174,1,40
202.65.59.219,1,32
42.228.0.39,1,40
23.246.60.168,1,32
78.96.93.204,1,44
83.125.131.141,1,32
41.12.174.246,1,40
157.210.40.11,1,60
88.55.214.181,1,32
47.137.74.142,1,40
87.233.229.169,1,60
79.18.27.180,1,44
103.57.164.2,1,52
46.255.205.181,1,32
93.93.193.9,1,44
216.25.109.183,1,32
218.149.129.176,1,32
14.43.238.200,1,32
88.11.63.69,1,40
173.193.118.212,1,32
110.114.34.232,1,32
79.2.100.62,1,32
89.150.107.173,1,32
187.53.81.138,1,32
46.245.54.75,1,40
79.168.169.125,1,40
52.21.241.131,1,32
65.168.194.53,1,32
85.172.206.191,1,32
104.38.81.250,1,32
111.254.180.129,1,52
105.47.150.115,1,52
195.5.113.166,1,60
81.95.190.252,1,32
221.233.48.182,1,32
52.251.0.209,1,76
73.26.127.52,1,32
46.132.122.254,1,32
106.70.85.114,1,32
74.5.11.235,1,32
160.26.102.198,1,32
201.184.245.67,1,32
60.146.238.57,1,32
116.54.42.79,1,40
36.216.208.161,1,48
183.65.205.161,1,32
91.0.159.131,12,805
112.25.136.183,1,76
18.223.51.237,1,32
77.126.168.115,1,32
70.58.5.95,1,32
81.161.71.220,1,32
180.150.202.128,1,32
74.193.187.159,1,60
213.213.153.149,1,60
45.222.157.12,1,44
190.189.28.217,1,32
106.97.135.32,1,40
219.100.8.115,1,40
108.128.112.29,1,32
61.219.242.25,1,60
221.17.48.24,1,32
27.44.146.64,1,32
111.178.156.229,1,40
115.207.98.237,1,32
27.236.77.160,1,40
172.249.30.152,1,48
172.102.205.23,1,52
83.173.1.48,1,32
78.124.199.229,1,32
46.223.249.79,1,32
202.147.116.38,1,48
105.153.43.109,1,32
101.55.142.83,1,52
111.65.0.61,1,32
188.28.214.71,1,32
80.154.3.150,1,40
183.192.174.246,1,32
119.188.17.42,1,32
219.106.78.62,1,32
2.112.253.38,1,44
79.126.253.113,1,32
5.141.14.99,1,40
175.206.165.42,1,40
115.244.133.176,1,32
36.19.77.75,1,40
153.82.51.71,1,40
213.219.72.234,2,96
42.54.75.18,1,76
199.51.4.149,1,32
180.158.72.208,1,40
187.85.223.45,1,44
145.147.198.212,1,32
54.227.48.183,1,270
52.245.134.11,4,228
50.5.50.73,1,32
218.52.88.30,1,40
75.121.227.216,1,32
77.148.193.185,1,32
91.172.54.201,1,32
31.217.184.103,1,32
41.169.202.92,1,40
46.124.10.97,1,32
179.186.214.37,1,44
191.190.38.82,1,32
104.81.50.136,1,32
204.203.73.205,1,60
66.213.129.20,1,32
171.170.124.118,1,60
27.123.167.80,1,32
121.135.171.121,1,60
46.95.39.114,1,32
85.34.48.39,1,32
89.214.30.209,1,40
119.10.99.146,1,32
104.179.184.106,1,32
117.72.140.123,1,84
185.76.132.230,1,40
52.15.239.65,1,76
86.208.9.233,1,32
182.169.85.1,1,32
73.188.182.53,1,32
118.60.238.50,1,32
171.61.18.129,1,40
203.191.211.219,1,40
93.191.37.216,1,32
198.49.4.78,1,32
121.133.104.41,1,60
78.132.76.6,1,32
64.22.174.159,1,60
103.232.98.95,1,40
175.209.32.182,1,32
172.255.135.193,1,32
52.91.112.112,1,60
96.81.246.245,1,32
156.45.142.137,1,40
86.4.187.125,1,32
71.230.250.84,1,40
110.96.148.188,1,132
122.118.125.182,1,48
139.173.156.225,1,40
223.157.159.150,1,60
23.209.206.254,1,32
41.252.181.197,1,60
175.175.204.1,1,32
49.86.120.80,1,32
77.217.220.139,1,32
41.53.155.74,1,40
119.65.18.138,1,32
123.129.241.213,1,32
174.115.53.23,1,32
172.249.28.77,4,1205
189.220.193.35,1,32
147.152.179.227,1,32
216.133.24.147,1,32
222.97.240.207,1,32
61.75.61.40,2,88
102.187.116.224,1,48
18.229.145.8,1,32
69.203.64.208,1,32
90.6.77.55,1,32
68.144.112.176,1,32
172.103.188.250,1,40
67.49.135.70,1,32
17.157.186.244,2,148
118.85.187.145,1,32
115.20.114.8,1,32
183.67.208.53,1,32
125.236.2.148,1,60
27.52.126.205,1,40
158.32.228.219,1,32
2.212.6.145,1,40
128.221.90.140,2,80
125.193.90.68,1,32
78.113.77.9,1,32
222.236.102.60,1,32
68.30.81.240,1,32
110.157.241.211,1,32
76.145.141.123,1,32
201.132.204.218,1,32
138.191.200.130,1,32
60.93.125.120,1,32
73.8.78.106,1,32
108.28.67.225,1,32
35.79.86.86,1,32
134.249.173.127,1,40
73.184.137.158,1,52
211.236.126.177,1,40
181.17.148.19,1,40
61.127.96.229,1,76
95.208.56.79,1,32
90.181.210.226,1,32
218.26.182.149,1,32
122.61.150.47,1,44
101.57.196.22,1,32
27.61.184.82,1,32
70.24.185.179,1,32
52.248.221.56,1,76
175.45.225.5,1,32
179.130.182.196,1,32
112.204.136.186,1,32
163.96.197.77,1,32
120.178.78.154,1,32
223.96.230.149,1,32
106.97.209.121,1,40
95.126.96.102,1,32
111.174.73.170,1,48
210.36.207.173,1,32
83.243.153.80,1,32
114.56.174.115,1,32
31.82.247.183,1,32
183.152.119.131,1,32
69.78.248.64,1,32
24.239.204.81,1,32
5.86.213.24,1,44
178.49.40.253,1,32
139.232.222.93,1,76
135.144.157.184,1,32
189.226.200.229,1,32
124.222.247.217,1,32
186.104.13.116,1,32
45.29.227.177,1,32
160.169.61.92,1,32
64.22.165.172,2,130
180.129.109.186,1,32
166.142.198.82,1,32
89.132.74.250,1,32
213.192.45.62,1,32
49.48.90.51,1,32
120.223.32.176,1,60
92.220.133.139,1,32
83.42.247.125,1,32
69.132.23.114,1,32
60.58.94.23,1,40
36.30.150.150,1,40
186.106.11.39,1,32
182.243.178.203,3,1278
69.172.18.13,1,32
64.22.164.131,1,52
134.154.232.45,2,216
218.237.37.22,1,56
112.36.158.84,1,52
77.205.195.154,1,32
79.99.70.70,1,32
14.34.122.215,1,32
51.29.171.25,1,32
202.93.109.81,1,32
50.184.46.108,1,32
203.136.241.35,1,44
220.51.51.2,1,32
209.169.132.139,1,32
46.66.204.134,1,32
92.220.50.119,1,60
91.102.141.215,1,32
90.90.118.87,1,32
62.243.186.235,1,32
60.242.9.223,1,32
79.220.121.238,1,32
78.192.12.153,1,32
177.199.5.95,1,32
178.36.237.163,1,40
193.20.15.61,1,56
78.161.58.72,1,32
81.245.111.226,1,32
23.211.199.247,1,32
93.232.234.190,1,56
67.243.12.112,1,32
84.217.37.47,1,32
123.113.210.78,1,32
117.227.109.39,1,32
104.83.207.103,1,32
108.44.67.2,1,32
141.60.127.62,1,40
5.64.104.147,1,40
95.87.89.172,1,44
111.127.9.79,1,32
116.132.146.187,1,60
5.73.8.7,1,32
92.223.11.103,1,32
190.252.231.221,1,32
66.183.65.118,1,32
17.132.125.41,1,40
41.162.99.80,1,40
58.63.161.113,1,44
134.209.183.178,1,32
223.33.65.112,1,32
177.126.244.88,1,32
113.117.244.200,1,76
187.181.126.83,1,32
24.135.91.138,1,32
206.9.8.109,1,40
217.234.6.195,1,32
187.25.141.213,1,32
113.198.167.174,1,48
81.56.50.206,1,32
159.239.114.83,1,52
217.233.11.217,1,32
65.253.233.186,1,32
112.52.144.49,1,60
112.251.49.240,1,32
113.253.124.53,1,32
80.226.15.70,1,32
84.212.12.104,1,32
169.57.152.2,1,64
83.16.53.77,1,32
106.62.217.114,1,76
118.199.68.65,1,48
90.21.82.88,1,32
2.74.132.225,1,40
221.45.242.16,1,32
166.176.49.139,1,32
117.232.245.166,1,32
13.161.234.138,1,52
194.50.15.218,1,32
220.139.228.97,1,40
73.57.115.105,1,32
159.31.214.238,1,32
183.145.250.131,1,32
182.154.122.230,1,40
109.70.212.141,1,32
197.50.128.135,1,32
76.255.15.70,1,32
71.230.250.48,1,40
1.48.21.21,1,52
90.69.197.198,1,32
213.238.0.166,1,32
84.18.41.73,1,40
78.239.121.7,1,32
216.56.4.11,1,32
17.188.217.73,1,105
5.24.218.170,1,32
50.219.240.252,1,32
178.214.213.176,1,32
138.186.8.125,1,32
210.248.7.10,1,60
201.60.46.133,1,32
139.233.243.182,1,52
210.32.65.238,1,60
183.97.55.1,1,40
121.182.96.87,1,40
113.154.19.21,1,60
88.13.117.161,1,40
47.194.177.141,1,32
50.187.208.46,1,32
222.115.110.220,1,32
179.217.70.226,1,32
102.181.55.149,1,32
111.196.217.199,1,48
61.18.203.169,2,104
60.12.249.122,1,32
27.241.47.183,1,32
27.247.232.133,1,32
79.191.65.36,1,32
180.125.46.71,1,52
91.43.143.157,1,32
94.64.199.95,1,32
93.14.58.52,1,32
175.162.243.247,1,48
36.164.81.245,1,60
180.190.61.20,1,32
95.200.201.247,1,32
172.64.140.10,1,32
93.158.97.45,1,40
182.3.82.109,1,32
190.72.211.7,1,60
34.234.45.61,1,32
4.127.204.192,1,32
106.90.74.70,1,76
62.211.117.214,1,32
112.248.179.48,1,32
79.131.15.11,1,32
187.53.173.248,1,32
124.73.141.211,1,32
200.56.240.117,1,32
213.236.5.220,1,32
121.117.105.120,1,52
208.110.219.91,2,80
205.13.51.73,1,32
106.236.202.114,1,52
72.215.76.185,1,32
201.133.190.9,1,32
47.28.14.125,1,32
114.47.103.120,1,48
113.43.189.167,1,48
71.163.90.138,1,32
177.115.53.65,1,32
157.217.169.156,1,48
36.29.154.241,1,52
67.177.14.50,1,32
101.36.201.55,1,32
71.230.250.192,1,40
81.227.49.145,1,32
87.29.221.168,1,32
162.104.243.160,1,60
211.68.81.204,1,32
138.54.182.135,1,60
189.15.230.61,1,40
114.169.58.30,1,40
190.182.209.132,1,32
46.73.135.42,1,32
117.51.246.169,1,32
188.182.209.18,1,32
179.91.91.118,1,44
123.187.135.59,1,52
89.250.191.234,1,32
93.213.160.50,1,32
114.195.39.86,1,32
80.147.93.51,1,32
119.121.186.108,1,44
95.128.33.187,1,32
5.108.46.113,1,32
119.164.161.118,1,32
169.253.246.97,1,32
113.50.179.53,1,48
181.60.205.93,1,32
91.242.49.139,1,32
123.25.238.174,1,56
119.43.11.11,1,32
61.202.51.77,1,32
79.243.160.203,1,32
152.88.7.63,1,32
14.49.169.211,1,32
92.194.182.247,1,44
90.169.85.41,1,40
69.133.233.21,1,32
212.174.77.199,1,32
179.40.176.96,1,32
174.159.224.230,1,32
52.246.14.193,1,40
49.167.214.59,1,60
37.177.34.248,1,32
94.30.124.193,1,32
72.3.210.124,1,32
85.85.40.22,1,52
178.236.247.167,1,32
13.207.250.101,2,502
32.215.68.136,1,32
78.63.5.101,1,32
52.250.95.131,1,76
207.111.143.203,1,76
199.42.220.18,1,32
1.48.28.62,1,58
125.45.26.46,1,40
76.220.51.191,1,32
81.63.148.98,1,142
47.128.240.195,1,32
182.173.184.143,1,40
91.217.215.48,1,40
118.191.179.87,1,32
208.122.172.51,1,32
98.21.51.89,1,32
221.174.207.5,1,32
99.202.250.206,1,32
117.67.174.37,1,32
83.193.106.48,1,32
94.176.134.71,1,40
110.71.220.231,1,60
196.198.42.18,1,32
121.211.120.172,2,184
81.114.73.205,1,32
5.74.14.53,1,32
72.170.248.62,1,44
120.219.248.86,2,100
27.223.33.161,1,40
49.200.13.115,1,60
119.102.57.188,1,48
217.138.98.245,1,32
90.44.75.58,1,32
46.189.191.153,1,32
141.42.215.47,1,32
103.99.237.178,1,32
191.216.248.254,1,32
202.65.245.113,1,585
61.110.130.97,1,32
47.42.208.64,1,32
46.171.149.97,1,32
120.183.86.113,1,32
117.251.233.242,1,40
13.218.10.168,7,549
42.49.106.1,1,48
189.222.154.43,1,32
222.125.93.80,1,32
102.199.120.40,1,32
68.220.255.235,1,32
93.37.185.22,1,40
59.69.57.215,1,32
41.168.158.9,1,40
84.134.142.68,1,32
156.35.233.253,1,40
178.114.198.25,1,129
72.114.247.53,1,32
220.158.99.149,1,132
182.63.85.110,1,40
92.95.41.166,1,40
80.8.111.231,1,40
1.254.188.166,1,76
110.69.34.97,1,32
191.153.80.199,1,32
78.1.45.107,1,32
173.241.198.222,1,103
115.45.164.156,1,32
92.246.177.33,1,32
186.244.126.85,1,32
109.207.208.121,1,60
123.23.113.6,1,32
124.149.242.172,1,56
113.6.44.172,1,32
39.36.71.154,1,44
218.7.67.173,1,56
69.99.46.145,1,32
58.207.210.187,1,32
118.193.211.185,1,32
60.57.224.182,1,40
41.14.167.153,1,60
41.146.38.217,1,32
87.50.93.79,1,60
113.148.191.181,1,32
151.150.136.198,1,32
98.23.79.237,1,32
195.53.14.234,1,32
177.71.206.159,1,32
14.177.213.100,1,52
5.43.222.253,1,44
1.10.248.142,1,32
157.55.224.128,1,60
176.249.78.218,1,32
218.138.66.207,1,40
85.63.210.77,1,32
119.27.242.174,1,60
180.136.30.140,1,32
112.134.110.66,1,32
62.144.138.252,1,32
2.203.152.197,1,32
88.66.109.114,1,44
2.106.178.20,1,32
96.83.14.198,1,32
113.100.238.163,1,60
150.253.109.142,1,32
200.242.47.246,1,32
98.94.224.134,1,32
109.194.198.177,1,32
47.40.208.250,1,32
52.64.48.127,1,32
73.135.113.76,1,32
125.169.4.39,1,40
108.59.181.161,1,40
156.35.133.74,1,40
77.149.216.70,1,32
103.251.99.99,1,32
86.150.111.208,1,32
49.108.68.2,1,32
50.52.135.41,1,32
88.83.31.72,1,32
123.248.1.54,1,60
179.239.2.27,1,32
82.23.2.207,1,32
71.230.250.104,1,40
69.108.24.28,1,32
213.35.45.7,1,32
187.190.183.62,1,32
23.218.211.91,1,166
83.206.127.203,1,40
190.115.147.224,1,60
125.72.177.203,1,32
196.128.117.127,1,40
117.254.34.38,1,52
123.179.113.31,1,32
36.242.52.113,1,60
23.64.129.24,1,96
122.242.175.47,1,32
125.44.68.15,1,40
61.221.79.214,1,32
181.191.100.14,1,40
182.98.137.106,1,132
93.60.68.94,1,60
195.87.84.103,1,32
91.44.199.36,1,32
190.82.32.135,1,32
85.238.132.12,1,32
80.52.90.96,1,32
219.121.71.208,1,76
73.121.211.151,1,32
188.20.192.225,1,32
39.65.63.104,1,44
203.15.121.28,1,48
112.199.124.29,1,60
216.232.51.150,1,32
201.182.167.19,1,60
189.8.113.101,1,32
177.225.251.227,1,32
170.219.106.237,1,32
17.199.26.162,6,337
64.168.47.174,1,32
221.7.245.184,1,32
188.213.145.246,1,32
80.108.28.213,1,32
119.205.230.153,1,32
186.32.79.101,1,32
178.43.221.157,1,32
73.187.73.58,1,32
79.227.75.189,1,32
36.247.204.212,1,76
221.7.9.14,1,52
5.140.178.58,1,40
2.241.130.210,1,32
37.17.208.91,1,40
76.65.7.45,1,32
37.245.168.40,1,32
61.112.237.157,1,32
70.67.209.240,1,32
119.85.246.75,1,32
151.18.79.168,1,32
88.11.2.23,1,40
5.99.23.169,1,60
196.79.80.74,1,32
66.82.188.125,1,32
47.13.226.131,1,32
124.239.223.150,1,32
17.56.167.53,2,80
65.31.6.29,1,40
84.60.11.244,1,40
202.87.15.143,1,58
118.180.123.126,1,32
210.139.160.132,1,56
67.4.77.216,1,32
59.11.73.1,1,32
116.254.209.50,1,32
61.113.200.117,1,52
181.19.185.195,1,32
34.225.230.1,1,32
82.133.141.30,1,32
172.249.162.142,3,189
54.242.52.214,1,32
113.4.50.77,1,32
193.111.230.125,1,28
121.246.28.76,1,32
98.114.188.176,1,32
82.167.141.79,1,32
119.171.68.144,1,32
183.188.241.139,7,2698
95.41.199.188,1,32
14.182.201.225,1,32
204.188.133.198,1,32
145.146.2.120,1,40
104.51.11.11,1,32
117.32.18.111,1,32
24.176.108.59,1,32
185.154.4.132,1,32
108.218.18.183,1,32
218.131.133.26,1,52
85.26.4.120,1,40
112.169.158.254,1,60
64.224.203.117,1,32
77.222.162.29,1,32
201.197.61.252,1,32
112.191.186.241,1,60
89.187.77.118,1,32
218.108.83.251,1,32
73.185.247.91,1,32
58.215.12.183,1,48
14.230.140.175,1,52
184.69.152.215,1,32
182.98.17.155,1,84
27.53.246.139,1,32
93.216.53.136,1,32
24.71.135.199,1,32
123.178.35.117,1,32
59.111.165.143,1,40
177.92.202.147,1,32
211.18.190.236,1,32
189.140.8.224,1,32
67.16.101.129,1,32
76.230.238.187,1,32
14.108.113.118,1,32
42.129.154.1,1,32
45.218.99.181,1,40
64.212.197.151,1,32
14.227.198.113,1,32
109.223.46.160,1,32
27.250.234.106,1,60
216.211.39.137,2,206
42.121.178.76,1,32
218.111.176.191,1,32
31.80.247.5,1,32
222.140.53.205,1,60
200.103.136.51,1,56
117.85.168.161,1,40
209.242.118.202,1,32
80.4.46.245,1,44
68.210.238.84,1,32
1.55.242.48,1,52
110.73.120.82,1,32
52.85.29.183,1,60
121.104.82.18,1,32
111.222.175.121,1,32
95.161.196.195,2,228
80.64.116.63,1,32
73.95.166.162,1,32
72.153.241.88,1,32
86.128.113.116,1,32
218.7.67.174,1,56
14.222.153.167,1,40
119.159.139.5,1,48
94.44.71.105,1,32
124.160.168.227,1,76
101.215.29.222,1,32
111.255.109.118,1,32
116.178.225.9,1,52
119.53.59.57,1,40
181.207.76.110,1,32
113.254.228.82,1,32
88.142.110.35,1,32
185.246.73.165,1,32
27.219.152.47,1,48
189.173.68.25,1,32
68.23.40.40,1,32
193.216.57.92,1,32
66.52.48.111,1,32
195.213.101.90,1,32
35.89.20.23,1,52
79.30.155.215,1,32
112.186.179.184,1,32
113.20.149.53,1,76
221.104.78.128,1,32
105.41.220.144,1,32
85.192.209.22,1,32
139.173.143.250,1,40
211.147.30.112,1,40
184.26.246.2,1,32
39.1.170.194,1,40
216.211.35.35,2,112
221.40.162.152,1,32
76.236.199.124,1,32
107.217.65.205,1,32
151.16.64.181,1,32
174.226.5.163,1,32
34.212.9.23,1,32
116.169.186.71,1,32
113.215.125.80,1,60
120.146.156.245,1,92
77.207.45.245,1,32
191.157.240.197,1,32
67.77.224.62,1,32
52.250.8.134,1,76
50.198.73.29,1,32
81.136.187.239,1,44
119.43.52.28,1,40
31.163.13.97,1,40
77.10.84.141,1,52
122.115.135.17,1,52
63.201.46.190,1,32
54.137.159.116,1,32
87.165.0.150,1,32
125.201.208.32,1,32
108.66.92.205,1,32
212.36.247.145,1,32
206.61.245.123,1,32
94.223.14.43,1,32
197.60.52.81,1,40
5.93.185.33,1,40
136.89.238.27,1,32
179.220.35.206,1,40
73.139.227.170,1,32
72.186.134.19,1,32
72.184.196.113,1,32
190.213.116.4,1,32
216.182.110.153,1,32
52.248.248.198,1,76
210.197.181.124,1,68
103.236.255.165,1,32
175.124.241.222,1,52
14.141.47.22,1,32
59.20.68.10,1,60
93.115.142.210,1,32
175.226.144.111,1,32
59.35.26.182,1,52
176.47.251.112,1,32
203.136.253.155,1,44
123.193.215.164,1,40
199.162.131.116,1,32
46.94.102.124,1,32
98.41.12.81,1,32
1.94.215.109,1,48
208.123.79.45,1,511
121.136.237.200,1,32
45.30.10.173,1,32
200.123.53.9,1,40
131.34.119.144,1,32
203.141.123.81,1,52
78.146.231.31,1,32
71.230.250.30,1,40
213.167.254.148,1,60
46.158.57.252,1,40
216.186.161.35,1,32
95.163.146.213,1,32
61.118.172.153,1,76
115.91.186.155,1,52
186.60.148.120,1,40
74.15.109.184,1,32
92.72.102.118,1,40
83.183.198.53,1,32
210.131.143.4,1,84
89.88.156.114,1,40
173.241.198.154,1,106
77.12.120.186,1,60
36.30.26.16,1,40
120.148.190.43,1,52
173.241.199.212,1,103
178.140.28.78,1,32
111.166.80.208,1,32
75.165.207.0,1,32
95.172.8.18,1,32
183.64.55.111,1,76
37.177.46.161,1,44
84.158.177.200,1,32
58.48.241.215,1,32
60.24.244.104,1,60
124.26.197.219,1,44
189.111.245.155,1,32
151.233.247.21,1,32
191.72.174.187,1,32
125.74.44.216,1,32
179.227.54.219,1,32
87.242.102.244,1,32
91.40.140.116,1,32
106.17.217.19,1,32
183.182.68.175,1,32
221.92.134.125,1,32
96.40.79.102,1,32
118.244.98.194,1,40
99.19.184.179,1,32
110.60.197.100,1,40
93.45.8.47,1,32
114.243.212.171,1,44
75.166.207.206,1,32
219.14.19.222,1,32
64.28.67.11,1,32
129.232.134.226,1,32
94.143.156.96,1,32
81.93.78.230,1,32
88.120.28.229,1,32
45.6.19.187,1,40
186.54.99.42,1,60
59.127.136.152,1,40
106.220.176.89,1,32
139.249.177.7,1,32
122.57.131.210,1,44
71.230.250.38,1,40
211.187.110.25,1,32
92.92.2.113,1,52
157.218.17.86,1,48
175.106.168.192,1,52
209.195.10.90,1,32
142.161.157.83,1,32
121.154.241.12,1,32
5.190.125.210,1,44
134.214.207.250,1,40
216.14.18.127,1,32
123.163.169.27,1,76
60.4.182.124,1,32
61.185.168.50,1,70
49.206.67.9,1,32
78.143.70.158,1,32
103.29.181.121,1,40
67.213.83.181,1,32
31.115.5.207,1,32
163.162.151.165,1,44
60.76.211.144,1,32
67.61.66.218,1,52
177.117.147.177,1,32
95.47.127.51,1,32
167.116.249.74,1,32
91.129.210.99,1,32
85.233.219.61,1,32
207.17.237.152,1,32
121.180.205.131,1,32
148.244.70.44,1,32
5.238.203.129,1,52
35.87.21.166,1,32
99.163.249.252,1,32
188.201.45.24,1,127
187.215.94.49,1,32
178.103.131.24,1,40
203.172.183.216,1,32
61.97.139.184,1,52
73.60.46.190,1,60
194.147.3.103,1,60
106.199.138.153,1,32
175.224.176.74,1,32
89.234.81.129,1,32
75.135.254.168,1,32
199.75.181.110,1,32
112.22.222.17,1,32
157.134.224.6,1,76
111.243.230.45,1,40
191.192.190.149,1,32
217.241.139.242,1,32
59.49.211.254,1,32
113.180.51.202,1,52
83.91.184.92,1,32
125.96.191.165,1,32
27.23.51.69,1,32
184.113.146.91,1,32
183.87.61.58,1,64
91.136.74.32,1,32
154.117.236.23,1,32
195.97.120.238,1,32
94.254.163.150,1,32
92.226.7.83,1,32
45.56.94.238,1,40
178.56.122.17,1,32
109.66.251.51,1,32
182.153.223.245,1,52
46.253.24.246,1,32
190.96.66.221,1,32
47.87.168.135,1,32
104.248.65.1,1,40
200.69.146.119,1,64
185.91.39.14,1,40
42.18.16.49,1,76
94.195.119.86,1,40
54.163.57.113,1,60
146.196.109.179,1,32
181.234.120.114,1,32
54.238.148.106,2,104
47.86.105.163,1,32
134.160.17.179,1,32
84.221.147.222,1,40
1.143.14.74,1,48
178.59.191.6,1,32
109.126.76.215,1,32
96.213.44.150,1,32
42.94.92.87,1,76
71.230.250.83,1,40
64.22.164.80,1,52
108.208.189.69,1,32
122.7.134.37,1,32
31.113.225.79,1,56
46.57.136.86,1,48
41.211.149.91,1,32
78.191.180.244,1,32
78.215.1.123,1,32
108.47.51.164,1,32
195.177.129.179,1,32
190.148.213.178,1,32
13.160.50.47,1,52
195.151.183.246,1,32
42.249.59.49,1,76
71.62.210.246,1,32
88.148.114.235,1,32
182.117.180.12,1,28
23.64.18.39,1,32
187.106.18.84,1,32
190.51.17.186,1,32
179.206.158.99,1,32
37.219.254.81,1,92
49.167.105.42,1,60
62.174.135.5,1,40
185.38.131.199,1,32
31.144.177.29,1,32
93.149.211.79,1,44
158.160.240.193,1,32
190.130.246.143,1,32
178.221.9.175,1,32
61.127.187.179,1,52
94.1.65.150,1,60
60.109.17.117,1,32
36.162.210.85,1,346
1.250.183.119,1,92
186.199.14.216,1,32
91.73.116.37,1,32
122.239.137.2,1,36
122.59.107.100,1,44
17.173.141.215,2,80
88.87.123.174,1,32
189.77.51.27,1,32
62.181.210.118,1,32
101.122.212.193,1,48
79.158.41.41,1,60
211.50.86.124,1,52
24.23.214.185,1,44
148.251.196.6,1,32
220.181.173.253,1,32
80.243.26.64,1,32
193.77.182.57,1,32
78.158.113.242,1,32
81.103.173.242,1,32
89.189.104.224,1,40
147.130.149.148,1,32
82.71.134.123,1,40
18.252.124.227,1,32
122.58.26.226,1,32
96.67.125.230,1,40
139.239.176.68,1,52
52.120.187.250,1,32
109.168.157.101,1,40
112.5.210.218,1,32
216.170.72.28,1,32
85.206.94.48,1,32
24.149.189.17,1,32
27.62.138.171,1,76
119.137.185.51,1,76
116.104.20.121,1,52
13.28.173.122,1,32
204.242.101.196,1,32
171.215.230.140,1,132
23.66.54.63,1,87
171.148.1.21,1,48
197.146.227.124,1,32
109.19.82.87,1,32
151.222.141.114,1,32
192.221.195.14,1,32
114.232.201.230,1,52
61.80.219.78,1,52
68.212.55.128,1,32
213.245.113.94,1,32
90.191.10.184,1,40
157.33.185.55,1,32
183.129.147.192,1,32
186.33.191.65,1,32
23.62.177.198,1,32
200.218.224.117,1,32
80.154.69.118,1,40
116.202.255.209,1,56
125.236.27.19,1,76
47.127.184.185,1,32
47.17.185.123,1,32
80.202.228.67,1,52
115.200.36.152,1,40
213.106.28.71,1,32
128.36.162.220,1,32
189.79.44.211,1,32
70.105.3.159,1,32
54.48.91.42,1,76
116.147.117.190,1,32
59.62.110.129,1,76
24.102.6.55,1,32
105.186.31.174,1,32
79.37.139.54,1,32
84.116.87.240,1,32
112.218.146.251,1,32
177.149.103.134,1,40
85.22.43.237,1,40
176.199.179.194,1,32
31.173.242.60,1,32
183.193.79.197,1,32
220.129.58.231,1,61
50.157.22.199,1,32
103.250.120.23,2,80
87.118.225.48,1,32
221.164.87.134,1,32
12.130.142.145,1,32
121.106.157.106,1,76
84.43.119.165,1,32
123.146.209.170,1,52
117.78.108.45,1,44
93.29.32.35,1,32
97.45.94.62,1,32
80.56.234.108,1,40
99.225.37.85,1,32
198.120.150.9,1,32
60.222.254.61,1,32
180.129.64.51,1,132
24.119.83.228,1,32
176.100.121.105,1,32
102.176.231.151,1,44
46.182.106.20,1,40
121.71.230.46,1,32
47.218.245.108,1,40
189.163.247.95,1,32
88.11.63.94,1,40
200.65.28.1,1,60
24.217.12.227,1,44
188.200.99.93,1,52
181.172.177.159,1,32
189.188.102.110,1,32
69.215.78.158,1,44
71.8.244.4,1,32
1.28.39.98,1,32
103.204.93.109,2,80
122.54.99.3,1,48
71.230.250.54,1,40
75.70.59.215,1,32
61.31.216.76,1,32
190.240.81.160,1,32
88.212.1.149,1,32
184.101.83.153,1,32
58.237.203.239,1,40
61.75.105.153,1,32
171.49.199.153,1,52
