,sip_ct,sip_pkt_size_ct
213.198.181.83,45,2700
200.64.152.152,36,2160
204.52.252.100,17,1020
200.36.136.250,21,1260
36.23.94.119,1,40
200.149.165.219,56,3024
197.217.162.134,74,3996
41.182.253.133,4,240
63.75.229.208,56,3360
192.203.252.236,36,2160
51.231.33.61,29,1740
208.37.153.183,34,2040
192.11.152.14,21,1260
197.179.83.182,26,1560
133.66.162.68,42,2520
195.203.210.228,36,2160
229.52.221.160,46,2760
196.122.171.48,41,2460
119.44.123.37,27,1620
185.72.27.113,32,1280
194.8.39.30,32,1920
192.0.21.203,16,960
202.223.248.93,66,3540
74.193.127.107,474,688232
204.196.118.113,19,1140
167.68.181.85,37,2220
194.174.217.51,17,1020
194.206.27.219,66,3540
177.42.237.124,31,1860
48.152.5.59,41,2460
216.154.9.89,41,2460
193.91.177.19,44,2640
13.160.52.242,77,99814
200.17.97.175,79,4284
198.253.141.185,48,2604
192.150.67.91,32,1920
58.221.88.111,29,1740
196.186.117.15,26,1560
194.203.88.28,41,2460
54.115.90.114,44,2640
198.120.203.44,38,2280
36.23.48.11,7762,248384
204.194.145.251,964,496090
119.190.129.168,1,52
153.4.9.65,33,1980
200.235.223.213,41,2172
195.207.171.254,32,1920
204.141.186.178,51,3060
195.181.119.155,27,1620
210.244.190.236,24,1440
216.129.221.102,24,1212
249.52.138.110,33,1980
194.100.134.236,60,3192
153.4.15.217,50,2736
56.41.149.118,21,1260
194.26.185.88,38,2280
1.154.183.166,18,2622
194.37.217.169,25,1500
203.215.146.8,30,1800
202.57.66.3,46,2760
131.129.97.63,27,1620
185.62.237.173,1751,186475
167.247.75.119,40,2400
197.144.6.34,54,3240
194.141.103.189,22,1320
229.53.37.35,32,1920
213.80.215.233,37,2220
194.242.213.30,42,2520
177.39.201.36,39,2340
195.193.10.168,39,2340
167.255.207.24,22,1320
97.191.185.32,26,1560
132.45.89.244,36,2160
167.150.201.93,47,2820
214.81.76.113,58,3132
195.27.68.8,33,1980
97.181.165.60,44,2640
197.253.123.26,43,2580
211.68.216.198,19,1140
195.218.15.249,39,2340
216.83.11.20,27,1620
203.11.165.194,22,1320
214.174.180.178,42,2520
194.122.98.237,47,2820
197.140.20.252,27,1620
209.223.141.173,43,2580
124.106.124.30,40,2400
193.233.241.117,19,1140
214.52.47.182,34,2040
209.166.6.56,12,720
250.243.27.195,64,3840
214.215.153.185,38,2280
63.86.236.5,42,2520
192.73.208.128,15,900
200.177.33.55,36,2160
192.25.201.56,36,2160
69.39.251.32,1572,2240770
129.207.245.74,12,720
192.142.215.125,42,2520
209.172.84.255,32,1920
98.189.203.65,5,300
37.224.114.204,34,2040
211.151.51.146,38,2280
38.247.135.112,62,3432
130.108.76.63,14,828
139.228.8.16,2,80
156.101.143.170,2,405
213.203.13.184,793,1189500
192.143.102.116,61,3324
209.226.214.41,37,2076
215.77.47.93,27,1620
130.204.30.54,24,1440
162.194.80.116,20303,30442916
195.95.185.188,39,2340
196.199.120.65,27,1620
51.111.184.141,23,1380
213.198.77.34,46,2760
195.105.105.194,29,1740
54.83.247.153,25,1500
218.227.68.116,45,2700
192.50.43.32,51,3060
195.71.105.90,28,1680
200.229.52.114,35,2100
199.224.20.122,27,1620
51.143.255.207,23,1380
97.167.28.244,42,2520
107.164.183.150,236,9440
167.160.246.79,27,1620
196.123.39.96,11,660
192.36.174.185,41,2460
203.206.40.149,25,1500
199.194.178.142,37,2220
98.248.48.64,23,1380
250.244.61.148,52,3120
38.42.145.66,22,1320
38.116.86.225,38,2280
203.222.160.72,39,2256
194.226.23.149,44,2640
210.88.22.167,46,2760
203.202.109.248,66,3528
216.151.185.165,25,1500
199.35.231.103,13,780
54.108.36.140,26,1560
195.83.118.21,36,2160
214.185.141.196,46,2760
199.98.8.51,27,1620
202.46.8.140,19,1140
167.136.101.96,27,1620
199.167.122.227,28,1680
218.230.112.37,39,2340
202.243.166.55,27,1620
52.128.227.82,68,3648
202.46.143.18,38,2280
215.121.190.85,86,4584
130.186.251.19,26,1560
202.8.246.221,42,2520
45.161.76.197,29,1740
229.53.249.35,60,3252
212.120.99.99,74,3996
203.48.89.224,41,2460
130.232.184.51,22,1320
41.123.68.194,26,1560
202.190.69.233,30,1800
167.131.218.242,51,3060
40.26.117.233,25,1500
200.33.71.254,48,2880
199.239.252.88,53,3180
195.165.174.215,25,1500
213.202.9.32,28,1680
203.237.33.244,23,1380
218.195.252.70,34,2040
192.156.25.217,13,780
194.171.231.124,36,2076
211.113.140.207,85,4584
217.224.114.127,20,1200
217.84.58.109,34,2040
211.104.203.192,28,1680
98.225.138.71,22,1320
196.197.17.45,39,2340
192.147.222.65,41,2460
196.170.249.68,25,1500
24.200.250.6,1,40
52.20.70.104,2,80
126.55.1.54,7,440
193.65.153.47,45,2700
199.56.208.198,25,1500
216.68.133.234,22,4018
206.195.27.1,50,8846
196.100.91.150,30,1800
188.248.185.39,26,1560
98.224.93.254,29,1740
213.15.171.18,10,600
195.213.23.160,38,2280
50.151.206.252,28,1680
192.165.107.245,16,960
194.236.166.241,36,2160
212.147.17.118,34,1800
204.178.89.125,24,1440
197.41.23.54,36,2160
186.191.102.253,1,32
199.212.18.115,37,2220
216.68.133.238,19,6050
193.238.230.11,36,2160
40.75.91.116,24,1440
177.36.74.207,37,2220
196.188.213.54,24,1440
202.147.177.3,28,1680
203.226.178.149,35,2100
203.60.103.84,37,2220
80.157.31.145,1,32
39.46.150.59,27,3713
202.135.194.107,38,2280
167.250.137.156,48,2880
209.74.172.190,40,2400
97.190.254.168,35,2100
39.31.52.139,30,1800
177.68.11.109,21,1260
192.85.148.169,44,2640
197.255.153.130,31,1860
177.221.86.251,26,1560
41.242.175.128,32,1920
203.231.138.234,25,1500
203.223.34.138,80,4260
214.238.249.78,32,1920
133.180.213.194,38,2280
193.147.177.103,27,1620
200.67.177.219,68,3720
199.225.104.95,30,1800
193.103.28.125,27,1620
216.148.154.19,18,1080
192.184.50.109,28,1680
202.109.250.57,36,2160
193.151.54.201,24,1440
97.222.122.223,16,960
39.86.242.72,47,2820
217.240.69.155,28,1680
81.109.202.69,44,1760
177.82.221.139,36,2160
193.245.200.132,17,1020
217.89.41.159,32,1920
200.241.25.129,32,1920
200.78.6.41,39,2340
196.122.49.109,35,2100
202.5.173.3,23,1380
192.233.36.77,6,360
211.186.118.80,76,4104
195.207.93.127,37,2220
204.118.138.18,48,2880
194.139.227.39,20,1200
213.206.185.147,45,2700
195.194.8.167,67,3660
69.161.196.75,33,1980
209.210.127.200,154,8808
197.15.144.178,14,840
203.223.166.208,78,4248
117.27.43.63,86,12858
46.231.172.31,42,1680
192.132.0.255,21,1260
167.192.38.170,31,1860
217.218.69.207,27,1620
197.182.99.178,43,2580
204.178.22.159,43,2580
167.138.47.27,22,1320
194.170.208.129,39,2340
200.71.186.74,67,3612
212.242.29.203,21,1260
192.158.229.222,68,3648
195.236.151.14,29,1740
193.91.206.28,23,1380
196.111.16.237,38,2280
204.41.117.36,52,3120
199.222.99.230,44,2640
39.88.210.16,45,2700
193.222.205.8,33,1980
254.149.213.130,42,2520
200.11.6.84,15,900
51.173.229.255,26,1560
110.249.20.188,1,32
214.110.45.133,29,1740
185.72.26.36,5,200
194.116.23.190,16,960
194.227.151.68,31,1860
211.102.120.180,42,2520
39.235.117.122,15,816
130.119.197.157,80,4320
57.222.217.116,70,3768
167.18.10.99,31,1860
215.97.108.244,35,2100
54.101.198.239,21,1260
107.164.183.178,173,6920
98.208.145.22,17,1020
194.51.130.33,11,660
54.54.163.154,45,2700
195.140.123.86,25,1500
208.88.94.82,37,2220
52.87.251.203,74,4044
167.167.225.97,43,2580
218.22.186.29,40,2400
199.183.109.4,32,1920
197.8.243.101,31,1860
199.228.158.225,23,1380
193.22.138.133,15,900
203.235.27.194,8,480
204.188.240.54,1,32
198.83.189.250,29,1740
193.29.224.171,43,2580
216.155.241.243,32,1920
192.114.25.166,37,2220
103.72.27.33,2,80
195.138.208.157,39,2340
194.170.55.97,48,2880
48.60.132.2,19,1140
216.152.110.40,41,2460
212.218.168.85,42,2520
213.21.93.241,38,2280
56.156.87.251,23,1380
196.86.142.179,57,3096
212.214.231.133,76,3948
209.54.7.238,24,1440
38.59.64.151,43,2580
212.199.89.70,45,2700
204.166.11.253,42,2520
153.9.147.4,40,2400
193.80.125.243,41,2460
194.233.234.9,48,2760
193.3.2.34,36,2160
131.181.105.220,33,1980
194.89.169.143,16,960
211.20.241.75,41,2460
41.14.91.142,36,2160
201.90.193.25,1,32
193.125.170.31,40,2400
94.187.162.114,1,32
192.225.11.203,45,2700
5.64.104.142,4,160
204.182.141.128,41,2460
139.173.141.120,2,80
204.99.201.167,30,1800
200.17.75.236,43,2580
41.226.77.167,39,2340
203.10.74.140,82,4464
167.201.151.142,25,1500
229.53.50.189,41,2460
200.147.225.154,42,2520
202.92.85.175,28,1680
50.240.36.173,43,2580
200.212.120.22,34,2040
217.158.92.223,38,2280
107.164.182.28,231,9240
192.204.23.95,30,1800
196.170.84.213,9,540
55.169.173.201,88,4788
167.71.170.177,88,4848
58.221.197.226,17,1020
217.86.153.171,27,1620
80.118.128.117,39,2340
200.241.106.169,44,2640
167.93.176.6,36,2160
18.178.110.166,1,76
199.151.117.92,48,2880
52.250.168.210,20,3006
208.119.226.72,78,4224
55.139.226.7,44,2640
66.146.193.165,46,2760
202.4.117.30,22,1320
195.61.229.110,24,1440
208.167.215.196,26,1560
55.142.39.242,83,4512
167.103.208.254,27,1620
199.225.255.204,27,1620
177.62.23.169,42,2520
196.117.172.80,42,2136
192.125.148.165,42,2520
194.160.154.72,58,3144
97.199.198.126,45,2700
199.56.30.154,20,1200
207.62.56.83,66,3960
37.222.45.239,43,2580
81.48.76.142,37,2220
97.237.10.250,18,1080
97.239.55.61,27,1620
195.52.240.138,82,4488
133.85.232.42,87,4620
129.124.142.208,62,3372
215.64.43.230,56,3072
213.204.2.229,70,3816
194.102.147.26,22,1320
204.167.121.55,67,3564
34.83.136.50,32,1920
153.7.255.119,44,2640
45.57.120.206,48,2592
194.239.242.3,31,1860
38.245.188.75,174,6264
193.172.158.178,49,2940
193.131.179.173,27,1620
192.188.123.237,44,2640
197.28.64.89,21,1260
167.9.46.200,41,2460
54.244.91.85,40,2400
153.56.125.89,17,1020
197.74.69.225,22,1320
203.167.198.45,33,1980
58.202.68.220,15,900
192.174.223.120,32,1920
199.89.149.96,18,1080
40.125.132.134,45,2700
37.65.240.193,1,60
59.56.29.188,214,10272
195.208.244.146,453,18120
126.26.254.114,374,184806
51.179.216.61,43,2580
229.51.13.73,43,2580
97.217.186.58,23,1380
125.88.211.148,39,2340
203.202.133.198,38,2280
44.14.19.221,74,4440
56.202.167.196,47,2820
106.31.135.221,1,52
216.98.183.228,43,2580
51.106.223.209,38,2280
192.225.38.193,42,2520
114.106.191.83,1,60
54.213.166.140,45,2700
74.193.187.83,1,52
196.103.220.178,26,1512
195.213.73.21,33,1980
192.50.5.194,79,4308
154.140.17.61,1,32
192.178.247.91,29,1740
193.99.39.36,42,2520
202.218.248.176,32,1920
200.66.26.132,10,600
197.211.13.104,38,2280
200.64.93.245,33,1980
40.75.89.172,34,2040
194.112.247.186,1,60
58.205.253.115,28,1680
213.197.146.114,41,2184
204.180.15.63,35,2100
218.45.113.52,55,2988
55.223.158.24,19,1140
50.135.16.180,31,1860
195.128.189.132,62,3312
54.108.148.19,40,2400
216.138.119.212,28,1680
195.142.145.54,42,2520
55.141.180.39,21,1260
195.245.187.200,41,2460
212.204.143.147,8,480
63.240.49.241,25,1500
193.1.55.15,12,720
213.77.219.128,33,1980
212.213.179.95,38,2280
192.19.207.33,16,960
249.146.142.187,38,2280
200.177.18.186,70,3780
39.90.202.80,39,2340
192.139.75.78,27,1620
195.160.247.200,37,2220
197.187.143.161,36,2160
167.55.156.195,80,4344
131.184.36.51,55,3300
213.244.46.101,40,2400
217.218.249.246,26,1560
213.81.243.44,31,1860
107.164.157.222,70,2800
23.85.12.6,24,17194
198.209.88.2,57,2280
153.37.26.247,23,1380
205.1.149.150,37,2148
167.15.184.229,80,4368
54.101.165.240,35,2100
192.66.169.206,36,2160
52.218.20.154,36,2160
185.72.27.118,20,800
195.111.181.96,27,1620
197.250.185.189,37,2220
167.80.135.50,37,2220
202.241.142.60,39,2340
85.46.22.250,47,2820
39.103.32.50,43,2580
185.72.27.70,96,3840
220.202.165.104,23,920
194.8.234.37,20,1188
204.44.205.185,38,2280
200.78.254.138,48,2616
38.182.234.130,34,2040
192.247.203.24,17,1020
98.213.213.164,40,2172
192.25.96.41,38,2004
203.177.144.120,38,2280
98.208.112.1,27,1620
202.6.38.146,41,2460
199.69.97.149,33,1980
196.113.229.82,15,900
195.239.137.241,32,1920
167.252.106.82,43,2580
204.39.237.222,32,1920
50.48.116.4,31,1860
220.40.20.145,1,32
202.192.84.107,35,2100
204.202.197.120,37,2220
194.139.241.165,20,1092
196.204.210.141,28,1680
203.135.65.24,42,2520
192.3.130.54,41,2460
196.126.86.193,28,1680
197.87.176.37,46,2760
115.98.90.162,41,2460
195.97.200.203,29,1740
193.67.232.88,732,42755
130.64.0.171,25,1500
167.78.201.28,46,2484
83.207.252.3,1,32
92.67.251.137,70,2800
199.193.86.40,44,2640
41.144.2.63,46,2760
77.250.86.179,1,32
209.237.64.195,37,2220
194.191.150.219,27,1620
54.95.18.224,29,1740
196.181.176.18,20,1200
193.189.59.27,39,2340
202.213.209.32,32,1920
61.45.142.96,1,32
203.148.47.140,37,2220
55.149.176.83,25,1500
195.217.170.137,30,1800
204.81.182.161,8,480
199.227.86.176,14,840
41.89.40.40,23,1380
203.50.159.56,43,2580
208.126.3.165,32,1920
130.179.199.163,87,4692
130.246.168.222,37,2220
195.107.182.215,44,2640
60.69.211.150,31,1656
203.204.31.121,32,1920
44.98.252.100,20,1200
97.183.184.27,42,2520
213.207.119.53,47,2820
194.161.7.93,79,4284
195.142.169.239,42,2520
193.154.66.62,27,1620
202.189.128.218,1,48
192.52.71.24,36,2160
204.114.4.187,44,2640
217.47.212.24,50,3000
193.208.38.94,15,900
200.155.100.216,20,1056
205.128.239.121,34,2040
194.125.220.108,19,1140
194.117.90.223,27,1620
219.116.151.18,28,1572
81.109.202.48,167,6680
194.237.33.111,27,1620
200.162.87.144,43,2580
195.211.223.156,31,1860
51.143.73.245,24,1440
167.54.4.108,40,2400
167.34.100.14,19,1140
192.203.227.31,46,2760
80.74.5.20,27,1620
202.188.15.130,32,1920
250.242.57.128,46,2496
200.210.199.36,30,1800
153.36.230.29,14,840
199.137.76.244,49,2940
196.125.2.214,47,2820
167.240.218.215,45,2700
200.227.110.2,59,3240
36.215.199.192,12,720
177.67.63.201,41,2460
97.32.170.93,32,1920
195.213.134.231,29,1740
194.169.59.196,37,2220
194.35.44.52,41,2196
208.81.186.231,24,1440
51.254.55.70,38,2280
203.209.135.59,51,3060
98.213.192.161,15,900
194.221.60.28,47,2820
204.48.237.198,38,2280
204.105.35.148,32,1920
131.149.203.84,43,2580
194.21.22.38,30,1800
205.154.75.248,38,2280
191.221.53.77,1,40
204.109.232.85,34,2040
197.106.102.211,13,780
194.220.181.232,37,2220
202.218.84.120,44,2640
194.103.78.56,27,1620
204.54.196.69,69,3672
196.182.84.90,29,1740
167.198.197.13,42,2520
193.17.117.223,7,420
118.53.180.137,32,1920
65.212.199.158,14,840
193.160.193.17,23,1380
60.13.78.185,1,32
209.248.132.201,42,2280
193.107.141.230,36,2160
167.200.31.67,47,2820
202.6.103.38,27,1620
40.71.25.78,68,3636
204.50.15.142,30,1800
209.152.93.161,35,2100
200.236.169.197,64,3480
23.197.189.92,1,32
216.10.44.253,5,300
185.48.172.193,57,2280
193.102.212.129,72,4320
58.221.82.214,23,1380
210.182.197.13,73,4380
131.247.12.110,17,1020
167.242.252.201,69,4140
193.64.49.234,24,1440
177.217.212.144,36,2160
58.25.65.57,10,600
208.177.248.70,43,2580
196.131.200.62,33,1980
196.172.182.201,42,2520
202.42.148.70,22,1320
167.125.50.206,42,2520
195.16.200.72,41,2460
214.33.57.109,21,1260
203.175.201.226,17,1020
38.91.175.227,10,600
213.192.217.110,50,2712
185.72.27.66,195,7800
231.151.177.88,30,1800
81.109.202.46,132,5280
202.75.137.223,39,2340
197.123.73.105,36,2160
79.108.2.215,1,48
249.149.122.64,51,2760
200.176.12.170,13,780
115.76.212.255,42,2520
199.132.187.180,74,3984
200.94.130.219,13,624
213.57.21.28,26,1560
193.111.105.192,13,780
196.216.108.110,39,2340
45.225.251.216,25,1500
196.96.114.228,43,2580
204.202.39.28,63,3384
209.215.100.152,14,840
195.89.107.177,47,2820
51.119.100.11,31,1860
196.168.11.46,41,2460
51.253.42.154,38,2280
167.126.116.202,14,840
189.98.216.59,1,32
196.100.108.23,29,1740
128.239.60.250,2,120
51.106.230.165,52,3120
202.133.225.62,48,2880
66.53.113.181,37,2220
193.161.111.0,37,2220
37.112.252.32,39,2340
198.30.152.215,37,2220
216.149.21.121,40,2400
80.53.155.69,35,2100
193.115.246.210,33,1980
193.15.131.89,4,240
177.45.190.198,20,1200
37.46.193.246,11,660
199.102.222.181,21,1260
200.134.46.73,43,2580
167.226.237.157,95,5184
194.115.211.9,33,1980
97.237.252.149,17,1020
60.222.198.30,28,1680
194.229.2.20,48,2736
167.158.156.235,35,2100
39.69.75.241,3,180
60.250.145.139,41,2460
200.10.41.216,44,2640
185.72.27.145,63,2520
195.28.90.85,35,2100
60.138.18.184,38,2280
98.249.100.22,19,1140
194.236.157.136,39,2340
203.197.61.88,40,2400
255.2.123.133,38,2280
185.72.26.13,14,560
193.12.136.155,47,2820
115.51.188.65,44,2640
55.176.196.109,38,2280
98.5.101.196,39,2340
193.115.10.70,43,2580
54.98.4.205,21,1260
2.254.0.36,1,32
192.126.192.190,81,4320
167.199.112.193,31,1860
200.21.54.207,39,2340
167.198.135.239,28,1680
199.223.95.85,30,1800
98.2.26.8,1,32
167.150.45.2,31,1860
39.147.133.52,25,1500
202.241.75.65,24,1440
41.213.192.112,25,1500
213.145.205.83,1,52
192.227.155.192,32,1920
81.113.234.52,27,1620
216.21.7.168,40,2328
216.136.229.227,36,2160
200.17.212.226,37,2220
197.229.54.237,29,1740
206.5.243.143,37,2220
199.224.166.13,38,2280
195.149.108.24,49,2940
198.153.215.2,24,1440
202.191.10.67,31,1860
55.187.193.42,47,2820
78.184.118.196,1,32
194.178.49.90,40,2400
195.209.217.151,34,2040
203.151.140.215,22,1320
192.109.112.184,9,540
45.138.211.162,37,2220
167.129.93.2,31,1860
131.249.248.25,24,1440
197.111.128.138,57,3420
198.219.85.86,21,1260
39.235.99.155,45,2700
193.213.208.156,39,2340
167.108.220.35,17,1020
197.150.146.207,25,1500
167.195.75.30,35,2100
197.251.142.151,20,1200
203.170.244.203,26,1464
55.205.84.142,37,2220
219.251.122.183,23,1380
197.2.88.40,35,2100
194.168.208.101,33,1980
196.93.173.196,39,2340
197.91.247.222,22,1320
130.204.178.86,59,3240
58.202.77.208,37,2052
194.44.106.19,38,2280
218.6.102.228,33,1980
209.224.80.18,25,1500
200.72.10.14,63,3336
210.126.212.131,45,2700
131.157.230.2,37,2220
130.51.255.134,39,2340
204.163.8.111,20,1128
45.218.234.71,8,480
202.191.94.137,30,1800
97.183.187.228,50,3000
203.179.22.116,37,2220
195.170.216.53,29,1740
194.162.37.30,50,2880
197.183.101.214,26,1560
193.142.171.14,19,1140
215.68.182.133,48,2580
66.69.67.25,44,2640
200.250.82.188,11,660
74.12.19.117,44,2640
54.115.195.117,44,2640
198.220.236.27,21,1260
97.7.194.120,35,2100
192.226.213.78,48,2880
194.206.228.221,33,1980
196.120.240.97,84,4584
199.217.175.185,39,2340
192.236.29.9,42,2520
40.12.63.151,40,2400
193.160.59.245,48,2880
197.210.129.229,29,1740
196.216.50.223,26,1560
211.162.157.64,43,2580
193.235.62.150,29,1740
41.226.77.39,52,3120
200.76.142.206,33,1980
205.23.76.29,9,540
193.239.160.247,44,2640
55.133.114.21,22,1320
218.198.228.236,18,1080
167.30.226.179,33,1980
211.113.140.222,35,1908
193.220.246.251,27,1620
195.203.157.177,28,1680
211.52.169.79,33,1980
202.60.60.182,23,1380
195.137.121.246,46,2592
199.217.125.247,27,1620
192.1.206.217,81,4380
211.177.168.234,41,2460
212.147.248.127,34,2040
254.30.161.241,79,4260
203.175.46.189,18,1080
195.88.16.202,89,4752
212.211.253.227,60,3240
200.72.153.148,35,2100
197.46.217.193,40,2400
210.123.164.225,44,2640
194.136.99.183,26,1560
204.153.76.248,33,1980
200.168.25.183,1,60
195.240.180.88,27,1620
216.9.146.136,33,1980
195.142.7.233,68,3684
193.91.40.62,41,2460
37.82.180.125,1,32
192.24.133.231,44,2640
193.232.101.165,33,1968
51.111.176.228,40,2268
200.50.132.131,36,2160
194.247.10.244,32,1920
212.115.64.143,38,2280
192.247.126.123,25,1500
199.222.47.128,37,2220
229.51.190.15,53,2844
129.214.113.111,17,1020
118.120.171.225,42,2520
192.0.21.10,38,2088
192.44.164.122,11,660
212.134.144.182,31,1860
193.209.99.222,35,2100
194.66.158.128,25,1500
229.55.154.84,39,2340
167.254.181.160,21,1260
177.79.163.27,43,2580
125.173.246.9,25,1500
195.200.100.186,39,2340
177.37.149.68,33,1980
200.210.75.95,42,2520
202.146.170.136,43,2580
202.5.121.5,36,2160
203.139.186.77,26,1560
167.135.2.225,34,2040
192.204.19.155,45,2700
97.199.254.37,27,1620
192.9.217.22,32,1920
200.223.161.213,24,1440
167.19.88.3,24,1440
197.178.35.175,18,1080
82.47.216.79,26,1560
48.6.48.50,45,2700
194.99.125.109,37,2220
195.154.87.113,23,1380
194.236.122.133,23,1380
203.154.183.50,24,1440
196.172.196.193,25,1500
130.70.206.237,37,2220
194.47.68.160,29,1740
192.81.144.177,44,2640
195.241.165.178,27,1620
197.158.0.237,35,2100
50.67.185.50,26,1560
192.144.128.218,15,900
196.168.10.49,40,2400
199.164.194.159,45,2700
195.160.137.195,36,2160
212.221.218.90,5,300
193.18.134.208,28,1680
63.75.152.226,36,2160
203.229.137.84,4,240
195.90.214.111,37,2220
213.193.23.237,37,2220
177.171.153.218,33,1980
210.57.236.7,42,2520
192.203.214.142,38,2280
196.124.238.139,26,1560
199.202.237.63,46,2760
202.191.102.135,32,1920
98.242.180.199,22,1320
48.173.83.108,19,1140
133.107.164.196,40,2400
216.243.203.248,39,2340
255.233.6.156,40,2400
200.64.128.223,35,2100
195.35.64.211,23,1380
192.225.95.55,38,2280
195.163.102.85,23,1380
98.236.128.145,33,1980
133.180.136.7,24,1440
216.17.205.10,20,1200
192.4.121.109,38,2280
208.144.151.108,21,1188
167.200.78.5,24,1440
216.159.121.15,31,1860
192.74.226.249,27,1620
118.29.99.150,1,76
125.182.121.216,33,1980
194.38.154.135,44,2364
167.146.137.223,21,1260
192.134.16.104,43,2580
58.221.201.101,19,1140
44.77.161.184,27,1620
203.222.118.23,30,1800
195.7.58.161,43,2580
198.251.227.82,30,1800
50.122.203.44,24,1440
39.89.39.121,70,4200
197.255.247.61,39,2340
193.209.156.104,40,2400
203.242.0.215,32,1872
208.115.34.117,32,1920
200.21.255.135,22,1320
193.18.239.218,37,2220
209.180.186.31,35,2100
58.205.248.72,32,1920
128.105.252.11,35,2100
203.250.22.169,48,2880
198.90.198.203,33,1980
194.66.24.64,36,2160
195.213.93.57,30,1800
61.179.218.232,28,1644
197.247.60.190,40,2400
196.106.108.52,39,2340
199.55.171.15,51,3060
200.241.169.255,28,1680
51.5.110.9,22,1320
45.1.172.127,31,1860
195.138.70.220,7,420
196.100.158.150,24,1440
197.18.148.43,22,1320
192.251.144.180,52,3120
192.43.30.197,20,1200
40.237.152.92,25,1500
203.60.112.200,36,2160
167.136.26.196,37,2220
192.119.17.45,27,1620
193.5.74.90,38,2280
167.35.91.159,35,2100
195.109.215.57,81,4860
197.76.182.96,25,1500
192.58.210.224,34,2040
229.52.31.119,40,2400
173.127.208.25,1,32
50.135.216.79,7,420
194.245.205.177,34,2040
125.86.157.236,28,1680
192.161.128.196,42,2520
192.123.113.251,19,1140
177.229.247.161,53,2856
192.234.89.101,42,2520
58.205.150.237,38,2280
204.168.114.123,2,120
215.177.217.58,6,360
195.164.38.54,36,2160
196.192.156.244,10,600
216.175.128.57,29,1740
208.121.6.92,41,2460
197.187.137.71,52,3120
37.1.81.16,17,1020
194.103.160.225,50,2688
203.244.228.223,20,1200
194.218.180.24,32,1920
197.40.38.83,40,2400
205.1.3.221,33,1980
73.52.179.129,70,3768
45.226.245.129,41,2460
54.101.19.217,48,2880
36.95.31.129,27,1620
197.1.47.48,42,2520
215.64.188.114,38,2280
197.172.13.169,27,1620
194.60.5.134,36,2160
196.142.198.203,28,1680
209.100.203.151,52,3120
167.255.43.97,43,2580
199.221.197.101,76,4560
192.219.252.126,25,1500
198.39.253.177,48,2880
196.182.151.16,28,1680
192.203.170.127,36,2160
167.243.255.70,40,2400
202.188.94.131,39,2340
203.15.180.201,35,2100
66.148.44.88,15,900
215.43.248.79,29,1740
202.137.215.74,39,2340
203.189.13.27,32,1740
203.38.64.125,41,2460
153.6.80.209,73,3912
194.234.91.165,24,1440
195.31.30.62,31,1860
197.84.248.196,69,3720
208.206.185.95,38,2280
63.125.5.184,39,2340
217.241.129.139,39,2340
213.194.188.50,40,2400
216.150.201.119,44,2640
206.150.62.40,36,2160
214.51.199.216,45,2700
211.113.140.206,40,2400
194.127.228.68,47,2820
194.120.93.174,35,2100
167.33.120.18,26,1560
211.65.82.191,33,1980
214.83.238.222,9,540
92.53.169.81,26,1560
197.130.44.129,39,2124
203.222.182.222,23,1380
58.220.163.113,1,60
98.200.32.164,24,1356
195.161.154.202,14,828
58.223.211.194,33,1980
219.127.8.218,40,2400
159.137.136.71,3,120
177.228.73.234,20,1200
200.227.45.7,37,2220
208.37.32.22,56,3360
177.32.236.59,41,2460
54.221.238.64,43,2580
195.13.121.85,26,1560
198.162.52.121,41,2220
217.165.134.23,43,2580
51.209.35.151,32,1920
188.157.52.234,38,2280
212.73.135.198,61,3336
192.60.74.67,42,2520
216.116.242.56,74,4044
199.164.75.15,32,1920
196.123.14.99,27,1620
194.166.40.188,26,1560
195.217.232.198,35,2100
200.144.113.146,30,1800
198.83.232.76,82,4428
255.196.235.251,50,3000
195.173.92.147,39,2172
60.22.4.240,34,2040
177.248.108.113,39,2340
122.232.19.92,93,4199
54.172.39.89,15,900
254.120.250.53,30,1800
167.234.169.248,53,2844
196.77.52.245,2,120
192.92.223.130,33,1980
167.161.80.29,43,2580
98.228.36.244,47,2496
167.135.71.6,45,2700
213.71.32.134,30,1800
196.197.162.234,48,2832
193.223.84.21,60,3216
198.152.48.97,47,2820
97.205.254.144,16,960
200.1.217.145,30,1800
188.155.10.109,38,2280
192.50.139.116,22,1320
202.42.167.79,25,1500
192.227.50.83,35,2100
39.163.50.31,45,2700
229.50.170.70,42,2520
58.221.189.118,35,2100
104.140.0.76,1,32
167.40.87.201,15,720
192.229.173.65,47,2820
199.237.9.248,23,1380
200.46.217.49,46,2472
203.189.13.175,41,2460
196.210.182.46,37,1932
192.32.171.13,36,2160
37.200.16.101,30,1800
195.44.167.142,77,4212
51.208.165.216,36,2160
193.147.50.165,25,1500
199.35.246.52,41,2460
50.240.87.155,53,2904
153.9.112.218,18,1080
212.199.206.231,32,1920
210.239.91.200,8,480
153.15.239.92,13,780
45.57.171.231,35,2100
203.169.167.45,16,960
217.243.28.63,83,4524
203.255.196.135,36,2160
194.212.7.46,22,1320
192.129.57.237,28,1680
211.179.120.219,45,2700
51.232.218.61,6,360
39.129.176.112,8,480
195.49.241.85,33,1980
41.242.175.25,25,1500
61.189.24.19,53,2832
209.224.1.42,31,1860
195.159.185.239,19,1140
203.217.255.105,36,2160
210.54.89.96,37,2220
218.36.123.25,26,1560
198.84.25.159,27,1620
167.25.205.76,19,1140
192.153.106.153,39,2340
114.167.91.241,1,40
39.133.250.218,29,1740
72.171.88.108,41,2460
193.234.194.229,12,720
197.137.200.132,29,1740
193.96.154.74,17,1020
202.246.139.154,23,1380
202.217.206.166,27,1620
208.37.141.215,29,1740
98.225.71.31,46,2760
98.206.78.205,47,2760
40.65.44.253,46,2760
204.38.43.170,20,1200
200.212.249.253,55,3300
38.174.166.55,46,2460
192.244.140.74,28,1680
208.37.128.255,16,960
167.87.19.185,21,1260
219.63.212.193,45,2700
192.216.229.240,40,2400
41.157.94.182,46,2760
194.127.93.162,27,1620
198.68.226.113,40,2400
204.188.200.98,43,2580
198.68.217.71,27,1620
208.116.100.31,37,2220
192.190.155.96,39,2340
194.65.139.30,44,2640
198.99.14.252,46,2760
83.108.220.10,36,2160
213.71.16.96,62,3336
192.58.210.21,35,2100
48.233.113.64,35,2100
167.139.106.22,34,2040
193.198.116.25,29,1740
199.82.13.100,46,2760
194.140.190.197,15,900
167.193.71.35,47,2820
196.216.30.67,59,3264
208.42.200.216,34,2040
204.39.45.17,22,1260
98.31.185.143,26,1560
217.188.77.209,15,900
194.72.76.166,7,420
192.134.250.209,14,840
58.223.31.92,68,3708
167.110.3.246,53,3180
38.198.45.67,22,1320
199.189.255.121,44,2640
167.104.84.17,25,1500
210.240.89.49,48,2880
167.83.206.30,21,1176
195.129.167.45,34,2040
167.174.234.197,40,2400
212.201.8.89,29,1740
216.140.215.182,19,1140
167.42.214.164,22,1320
212.62.185.41,36,2040
213.191.92.203,50,3000
251.245.231.86,56,3048
209.32.236.254,21,1128
209.37.46.236,24,1440
193.11.28.37,48,2592
193.15.82.229,37,2220
193.154.29.36,40,2400
193.126.54.182,35,2100
204.205.249.71,28,1680
200.82.182.241,23,1380
128.255.222.39,18,1080
210.85.132.150,5,300
192.18.166.108,44,2364
209.151.128.199,58,3480
194.118.34.88,32,1920
203.154.93.49,35,2100
192.157.68.233,10,600
58.210.94.5,33,1980
216.142.215.187,30,1800
203.242.14.213,44,2640
216.155.116.53,50,2664
217.80.136.99,35,2100
213.196.50.192,21,1260
213.99.239.5,33,1980
193.111.80.71,21,1260
167.60.207.50,34,2040
199.192.55.223,28,1680
122.11.162.168,30,1800
231.175.31.113,31,1860
197.126.193.234,34,2040
202.190.153.41,33,1980
167.243.41.201,33,1980
216.96.209.208,33,1980
196.120.8.233,46,2760
98.222.47.35,21,1260
193.129.187.238,35,2100
198.104.45.226,44,2640
39.143.92.27,1,60
199.167.65.128,37,2220
192.169.86.38,18,1080
194.96.126.164,139,5560
167.10.186.158,32,1920
48.152.31.211,41,2196
210.63.140.29,73,3924
197.32.127.230,30,1800
203.237.35.96,40,2388
177.49.38.202,33,1980
192.58.90.217,17,1020
210.93.171.18,36,2160
56.95.150.232,25,1500
45.227.108.206,26,1560
153.6.113.115,5,300
202.146.182.208,40,2400
40.6.202.254,12,720
219.101.241.15,34,2040
204.219.118.63,24,1440
192.57.82.10,28,1680
219.58.12.31,42,2520
39.69.62.118,34,2040
192.226.229.216,32,1920
212.220.36.98,28,1680
194.164.92.200,28,1680
229.55.111.210,21,1260
217.215.173.178,32,1920
202.145.91.226,84,4500
192.153.75.97,41,2460
183.188.62.4,102,126101
192.100.161.184,6,240
98.238.150.228,18,1080
209.225.120.146,35,2076
86.235.92.228,2,168
38.111.132.206,3,180
215.72.232.226,34,2040
39.191.207.8,52,3120
192.148.19.93,27,1620
203.255.94.150,74,3960
120.180.155.148,30,1320
78.250.170.226,2,80
78.143.95.119,1,32
91.132.150.145,50,3000
116.160.148.145,1,32
128.78.171.178,59,9064
212.202.171.119,20,1200
80.214.70.192,5,300
93.127.61.22,1,32
195.202.254.163,46,2760
40.148.38.157,57,3420
188.159.219.76,41,2460
167.17.97.64,37,2220
196.184.108.165,24,1440
229.50.249.96,35,2100
183.240.233.14,1,52
54.247.21.166,28,1500
92.168.28.160,44,2640
214.56.212.9,32,1920
193.136.142.20,31,1860
193.64.166.77,26,1560
193.76.3.36,41,2460
197.27.28.101,54,3240
193.8.180.234,46,2484
197.164.3.128,50,3000
33.149.28.222,41,2460
194.220.138.6,31,1860
217.138.89.23,4,240
203.224.235.206,43,2580
195.156.196.209,23,1380
192.124.35.253,34,2040
39.27.148.250,21,1260
98.224.190.81,39,2340
202.74.185.92,44,2640
39.53.67.131,38,2280
214.239.31.42,47,2820
195.165.130.53,29,1740
66.36.77.55,28,1680
54.121.155.11,12,720
131.129.187.235,43,2580
194.65.148.107,46,2760
167.62.199.35,20,1200
51.162.178.3,33,1980
200.38.20.48,27,1620
195.97.12.212,26,1560
250.247.75.14,55,2940
180.39.107.28,1,32
198.252.55.63,48,2880
215.192.182.71,39,2208
211.116.156.8,43,2580
37.11.4.210,16,960
167.102.140.188,21,1260
217.44.167.204,32,1920
192.54.161.29,24,1440
250.21.110.0,22,1320
172.249.30.60,206,205328
39.46.74.101,44,2640
202.147.141.107,41,2460
200.227.204.138,47,2568
204.198.190.107,34,2040
195.58.5.16,66,3504
215.3.247.83,16,768
216.148.210.119,34,2040
195.149.85.153,40,2400
172.249.30.14,93,19769
54.94.201.121,73,2920
212.134.254.16,17,1020
200.140.101.140,31,1860
229.51.81.155,38,2280
197.49.80.59,25,1500
192.43.98.54,37,2220
207.79.125.164,27,1620
229.53.152.102,39,2340
58.203.95.7,146,8364
198.47.225.210,46,2760
1.32.98.250,1,32
46.231.172.30,78,3120
192.209.148.249,57,3420
172.249.30.61,42,8470
39.16.96.165,26,1356
51.49.63.67,39,2340
116.155.169.107,1,48
196.119.216.224,42,2520
202.57.215.5,31,1860
200.175.139.195,30,1800
199.188.56.125,1,32
193.167.159.216,38,2280
204.153.138.255,32,1920
205.58.77.72,4,1092
200.16.241.233,40,2400
131.178.105.197,27,1620
133.157.153.75,21,1260
34.156.166.154,42,2520
95.88.240.195,1,32
200.144.81.174,41,2460
55.151.125.157,42,2520
216.156.97.211,48,2592
193.114.66.232,46,2760
208.117.211.224,81,4368
60.230.66.136,38,2280
194.27.34.115,44,2640
214.6.162.176,38,2280
192.212.72.21,36,1440
203.211.133.242,6,360
214.52.167.182,49,2940
194.213.174.169,44,2640
193.9.248.184,61,3348
194.168.137.81,37,2220
167.234.232.88,24,1440
36.160.70.224,32,1920
192.139.170.51,48,2880
75.89.170.218,1,32
200.80.6.224,34,1824
63.126.164.3,56,2976
210.100.100.95,1,48
54.153.251.86,40,2376
167.21.198.101,36,2160
217.216.232.138,15,900
202.153.158.206,34,2040
167.235.45.220,41,2460
217.173.75.54,41,2460
194.175.98.182,45,2700
193.209.134.73,26,1560
167.22.180.1,24,1440
204.41.116.243,41,2460
198.210.212.186,36,2160
209.239.15.230,31,1860
182.243.230.28,27,12260
195.193.19.208,42,2520
192.224.91.46,47,2820
194.112.229.145,41,2460
219.223.181.173,31,1860
97.207.125.233,40,2148
56.70.19.173,23,1380
192.147.208.203,39,2340
194.100.105.106,22,1320
182.189.188.212,1,40
197.208.124.44,91,5016
200.65.222.135,68,3588
213.195.25.108,32,1920
44.64.72.140,43,2580
212.188.238.71,39,2340
209.248.171.53,34,2040
215.134.68.8,32,1920
188.228.217.62,1,32
167.83.15.250,20,1200
97.217.252.11,24,1440
197.206.0.19,37,2220
203.6.165.75,30,1800
211.15.173.91,42,2520
39.43.248.127,26,1560
202.57.24.122,33,1980
39.37.152.41,27,1620
56.70.19.12,19,1140
193.145.122.196,31,1860
167.194.240.166,10,600
180.150.147.3,1,32
64.22.165.173,2,167
130.145.211.223,35,2100
177.43.65.136,35,2100
77.241.122.67,17,680
196.96.116.192,32,1920
202.122.181.93,15,768
55.201.125.175,46,2520
40.69.163.194,31,1860
193.16.86.56,53,2892
211.253.133.96,34,2040
194.176.2.50,28,1680
204.33.76.175,36,2160
195.88.210.226,27,1620
192.197.135.138,28,1680
192.8.7.252,14,840
199.59.10.180,31,1860
133.65.48.92,84,4524
128.17.160.1,23,1380
167.238.33.11,33,1980
196.196.205.211,43,2580
193.86.91.118,91,4920
128.238.227.133,48,2880
211.64.119.128,43,2580
195.136.62.187,17,1020
193.222.13.170,38,2280
54.96.84.232,33,1980
193.126.148.75,40,2400
49.10.154.139,41,2460
193.131.9.5,30,1800
97.239.160.250,22,1320
204.168.113.224,14,840
204.148.89.186,10,516
193.113.70.164,9,540
222.88.250.150,5,1205
167.246.181.110,42,2520
192.159.222.119,39,2340
195.151.112.238,45,2700
195.26.168.208,48,2880
94.14.25.6,1,52
167.201.32.217,61,3264
195.50.51.213,38,2280
51.111.242.23,26,1560
195.159.188.130,41,2460
195.46.144.165,34,2040
214.127.205.247,33,1980
214.189.87.175,31,1860
196.218.192.56,43,2580
192.2.203.92,44,2640
194.72.50.5,26,1560
196.86.236.9,39,2340
40.148.18.11,22,1320
195.54.11.182,37,2220
192.35.51.51,47,2820
194.204.225.122,20,1200
167.85.217.156,27,1620
194.35.9.217,39,2340
215.94.251.130,56,3024
203.186.187.178,36,2160
216.154.72.253,31,1860
213.205.138.198,36,2160
167.85.151.200,38,2280
215.34.26.53,48,2616
98.252.78.184,38,2124
196.113.124.142,64,3528
39.246.96.5,18,1080
54.105.242.169,10,600
212.189.116.17,28,1680
63.19.166.254,50,2808
197.232.12.72,23,1380
97.198.20.200,40,2400
195.145.52.129,37,2220
212.115.98.12,13,780
200.52.127.104,59,3276
197.167.0.91,25,1500
216.183.129.207,10,600
202.119.144.119,22,1320
194.100.19.128,19,1140
167.137.59.224,29,1740
54.88.164.169,47,2820
153.4.15.50,50,2628
199.218.208.31,30,1644
93.61.82.207,37,2220
193.151.107.51,41,2460
86.43.148.182,23,1380
197.165.165.219,40,2400
218.142.117.9,46,2568
162.12.128.95,104,4160
204.199.9.254,48,2880
223.66.108.109,1,48
212.134.240.180,24,1440
208.116.251.223,35,2100
193.208.245.17,35,2100
8.247.251.251,1,28
181.42.31.92,1,32
58.201.207.122,19,1140
60.191.30.251,30,1800
196.208.28.12,75,4068
167.126.59.151,27,1620
38.59.188.108,38,2280
198.145.90.84,20,1200
200.42.1.198,34,2040
39.159.37.106,16,960
192.162.90.177,24,1440
54.102.123.76,23,1380
202.14.58.238,23,1380
192.47.79.83,44,2640
194.182.14.74,37,2220
216.141.236.20,42,2244
38.125.15.172,1,32
217.32.148.196,71,3792
213.205.26.235,39,2340
212.200.212.201,60,3348
198.81.247.74,46,2760
208.122.67.245,12,636
215.96.200.233,32,1920
200.132.205.201,43,2580
125.163.227.183,43,2580
215.27.51.118,22,1320
197.69.19.12,13,780
97.209.68.174,9,540
197.146.194.212,32,1920
38.25.91.117,9,540
167.191.172.20,35,2100
216.121.124.91,25,1500
209.184.13.161,76,4164
214.54.91.33,33,1884
192.151.174.70,31,1860
43.71.53.144,48,2640
231.169.172.84,30,1800
209.42.19.167,35,2100
200.19.87.12,24,1440
192.97.49.127,24,1392
153.12.181.172,4,240
193.6.195.45,19,1140
213.185.122.37,30,1800
58.221.124.76,28,1680
192.133.169.51,35,2100
193.76.87.244,47,2820
37.224.102.96,73,3960
195.248.177.201,38,2280
216.153.110.145,14,840
195.129.165.59,42,2520
55.6.158.204,19,1140
204.169.140.65,41,2460
208.117.238.70,52,3120
209.237.64.242,32,1920
198.193.130.100,28,1680
215.177.204.69,23,1380
209.95.137.231,50,2652
192.132.146.89,17,1020
128.251.136.0,29,1740
50.78.36.161,24,1440
196.126.154.99,39,2340
44.88.181.20,41,2460
167.239.133.154,21,1260
177.142.202.10,38,2280
130.78.233.228,31,1860
167.31.136.233,42,2520
58.221.94.188,35,2100
167.52.18.23,20,1200
203.56.143.0,26,1560
203.185.140.157,39,2340
97.189.16.140,17,1020
125.88.154.142,65,3900
41.181.98.194,41,2460
52.164.54.140,32,1920
167.32.101.208,39,2340
200.182.98.110,33,1980
208.119.161.228,41,2460
39.253.225.69,47,2820
50.240.241.156,34,2040
216.145.212.145,27,1620
192.153.16.160,70,3816
193.217.200.81,28,1680
153.4.118.74,40,2400
208.121.27.65,22,1320
204.183.121.129,22,1320
204.49.214.177,25,1500
188.153.75.19,32,1920
216.140.211.99,33,1980
192.197.42.51,51,3060
115.56.208.217,31,1860
216.96.26.78,16,840
204.174.62.14,33,1980
198.167.243.127,31,1860
177.137.12.25,72,3972
97.245.204.63,42,2520
219.246.199.128,21,1260
200.192.14.37,32,1920
194.89.138.91,18,1080
193.4.1.95,39,2340
194.169.148.223,10,600
167.249.248.144,38,2280
196.206.121.41,1,60
212.146.5.62,59,3240
200.235.66.139,34,2040
193.86.243.195,40,2400
212.59.69.106,41,2460
175.86.183.203,23,3082
153.37.24.56,32,1920
198.37.174.106,1909,2724627
200.178.158.127,3,180
197.187.194.158,44,2640
205.108.68.165,32,1920
192.1.149.155,36,2160
167.229.163.139,44,2640
195.98.231.112,43,2580
98.255.178.216,7,420
215.189.156.147,38,2280
167.83.45.53,34,2040
192.19.35.32,26,1560
194.201.104.158,27,1620
167.221.42.171,18,1080
202.64.65.25,25,1500
197.221.168.0,29,1740
192.87.52.192,74,4044
219.85.253.25,20,1104
45.87.242.176,32,1920
209.3.228.115,21,1128
204.39.171.18,36,2160
167.177.159.75,38,2280
198.6.75.172,24,1440
115.59.185.183,42,2448
197.4.41.17,29,1740
213.101.146.254,28,1680
211.183.143.222,1,32
91.177.21.65,1,32
192.95.27.190,42,2520
193.175.137.242,35,2100
98.211.185.40,40,2304
194.142.57.167,29,1740
40.66.168.54,33,1980
194.227.135.57,27,1620
167.110.194.245,28,1680
204.153.92.210,39,2208
212.223.85.255,22,1320
41.253.57.223,24,1440
195.49.139.43,35,2100
133.23.14.50,27,1620
167.26.203.189,36,2160
194.126.192.75,22,1320
213.206.20.210,44,2460
121.189.171.78,1,60
193.145.30.84,32,1920
192.81.205.160,80,4356
194.124.105.102,40,2400
130.59.35.87,41,2460
208.175.196.97,19,1140
214.7.182.251,44,2640
38.12.131.132,28,1680
131.251.72.38,22,1320
200.64.92.17,42,2520
200.144.67.213,44,2640
193.232.103.253,40,2400
196.86.37.241,14,840
212.209.200.120,40,2400
213.217.219.233,23,1380
193.69.230.41,24,1440
215.197.222.211,50,2676
167.218.123.28,45,2700
210.121.83.185,19,1140
193.210.165.208,26,1560
192.225.20.195,21,1260
197.107.24.206,26,1560
202.4.127.58,29,1740
200.83.73.154,4,240
229.239.104.171,30,1800
213.163.78.37,38,2280
188.212.86.126,1,32
187.120.78.167,1,32
196.84.199.246,26,1560
39.24.122.220,36,2160
200.219.216.41,34,2040
122.11.55.140,19,1140
250.43.53.57,40,2388
200.208.23.143,36,2160
167.218.132.215,61,3300
216.141.247.214,35,2100
41.155.248.208,23,1380
217.80.7.173,33,1980
209.124.212.176,24,1440
207.252.246.238,50,2664
153.9.107.125,13,780
51.106.69.3,28,1680
211.130.5.254,33,1980
194.35.78.192,32,1920
213.77.205.29,15,900
54.203.81.100,1,32
192.36.76.147,45,2700
202.162.63.253,31,1860
193.78.195.4,32,1920
38.125.79.190,17,1020
73.136.22.141,28,1680
192.133.104.140,37,2220
195.183.88.133,26,1560
215.33.99.26,77,4128
217.171.42.2,27,1620
97.236.105.90,20,1200
36.163.107.113,1,40
192.71.184.149,1,32
79.198.183.220,1,32
198.37.174.65,1604,2291192
54.127.66.232,19,1140
167.98.4.16,26,1560
197.3.58.84,26,1560
196.119.204.133,28,1680
34.161.187.126,44,2640
192.13.245.13,38,2280
37.4.49.147,36,2160
167.13.39.9,85,4560
202.244.174.201,48,2880
199.203.151.240,39,2244
204.170.181.88,40,2400
214.130.24.69,56,3144
167.83.61.153,34,2040
200.221.25.175,1,60
167.16.165.66,37,2220
192.58.198.26,30,1800
193.197.117.199,29,1740
39.253.99.121,25,1500
217.122.125.138,43,2580
212.71.81.76,21,1260
254.0.94.214,18,1080
214.132.221.130,73,3948
131.115.231.204,23,1380
209.247.197.87,31,1692
192.12.118.46,11,660
194.174.14.206,27,1620
197.235.166.75,45,2700
199.144.250.136,46,2760
193.102.240.62,29,1740
216.129.29.125,34,2040
198.132.142.218,46,2436
208.210.42.148,27,1620
203.231.53.191,14,840
213.119.217.157,11,660
45.253.64.1,34,2040
211.151.133.44,30,1800
193.198.6.211,23,1380
50.135.130.12,33,1980
98.234.245.99,17,1020
192.227.83.238,39,2340
49.127.224.42,21,1260
199.222.42.176,23,1380
167.82.24.220,41,2460
215.9.174.105,47,2820
167.18.137.106,42,2520
202.62.57.16,53,3180
202.173.125.195,47,2820
167.240.66.255,40,2400
200.64.203.244,22,1320
216.129.156.183,29,1740
204.169.173.135,27,1620
34.204.212.162,1,239
91.198.252.122,6,240
161.161.14.13,1,32
167.103.223.49,32,1920
196.127.118.189,43,2580
198.254.6.110,41,2460
216.129.131.120,36,2160
188.244.103.9,19,1140
202.213.250.144,86,4632
212.115.146.121,22,1320
198.5.22.211,21,1260
97.217.0.54,18,1080
167.108.244.47,35,2100
54.82.124.24,54,3240
197.137.147.65,33,1980
111.246.102.23,1,32
77.24.169.67,1,32
37.216.117.50,1,32
42.88.72.215,1,48
129.211.53.185,57,3084
167.76.137.191,34,2040
167.243.47.178,31,1860
192.225.19.49,42,2520
216.155.157.238,51,2748
192.15.103.194,47,2676
216.154.15.119,36,2160
218.47.136.114,44,2640
194.224.176.229,14,840
203.211.76.20,34,2040
192.132.66.87,42,2520
115.50.119.243,35,2100
82.97.91.56,1,40
167.120.78.181,39,2340
192.179.166.78,49,2940
167.78.136.112,72,3936
167.109.212.39,54,3240
197.98.72.206,12,720
90.5.63.78,10,600
41.109.54.148,32,1920
192.125.22.171,23,1380
193.223.21.229,26,1560
194.186.127.88,31,1860
202.144.37.179,39,2340
66.53.35.190,29,1740
196.87.93.247,47,2820
98.236.194.93,32,1920
192.55.64.168,26,1560
167.43.53.208,31,1704
193.221.156.196,37,2220
196.197.171.166,45,2700
216.154.153.96,36,2160
200.55.32.127,41,2460
167.83.176.196,47,2820
92.91.137.18,1,32
210.229.237.150,9,540
54.113.231.33,11,660
192.149.240.65,19,1140
40.98.188.61,41,2460
55.158.8.74,59,3540
97.237.21.222,19,1140
194.136.75.55,42,2520
216.5.252.77,22,1320
194.137.116.93,28,1680
194.209.174.197,24,1440
211.179.253.194,30,1800
72.155.253.249,24,1440
200.10.36.120,40,2400
128.54.239.251,19,1140
130.81.77.59,15,900
200.147.254.178,34,2040
209.247.101.83,73,3960
202.168.251.80,7,420
203.204.119.206,15,900
197.10.59.94,29,1740
51.253.63.2,28,1680
194.122.89.71,37,2220
167.75.43.135,19,1140
204.207.170.148,28,1680
60.55.4.34,39,2340
199.156.16.21,26,1560
215.13.58.147,20,1200
192.129.92.87,44,2640
249.19.161.118,23,1380
194.140.242.208,25,1500
194.165.250.12,28,1680
81.109.202.26,194,7760
200.16.30.78,1,32
104.11.59.125,2,104
77.241.122.240,20,800
39.12.237.141,18,1080
121.187.11.154,1,40
212.115.9.43,24,1440
196.121.142.169,13,780
204.54.167.191,11,660
192.216.81.183,40,2400
192.55.233.28,30,1800
55.170.239.46,34,2040
41.26.226.13,12,720
194.26.132.140,29,1740
51.159.236.161,41,2460
194.17.121.51,10,600
39.135.211.132,35,2100
131.172.54.157,31,1860
199.217.12.46,51,3060
128.238.91.26,37,2220
45.23.253.138,11,660
167.229.107.204,45,2700
54.115.184.73,35,2100
192.35.209.144,44,2640
167.223.227.241,66,3636
192.11.151.164,14,840
177.50.94.184,37,2220
139.173.143.250,4,160
24.237.74.28,1,32
85.126.100.97,1,32
67.239.207.180,1,32
185.72.26.31,10,400
142.161.39.187,207,8280
194.209.38.155,24,1440
203.255.29.36,38,2280
195.167.254.14,24,1440
204.143.204.191,19,1140
197.123.117.63,22,1320
80.204.46.67,46,2760
195.154.125.255,38,2280
193.4.191.26,40,2400
208.117.255.221,15,900
215.63.18.23,13,780
192.24.14.167,19,1140
195.48.210.33,33,1980
192.142.110.255,28,1680
195.69.152.89,1,60
194.9.200.169,39,2340
204.118.66.52,21,1212
193.102.169.159,14,840
167.248.61.20,38,2280
195.192.57.144,31,1860
177.89.231.255,24,1440
98.213.43.193,17,1020
177.86.102.105,35,2100
41.202.216.242,36,2160
97.191.83.133,40,2328
167.79.153.208,18,1080
196.182.144.124,25,1500
196.247.54.129,33,1980
212.2.46.20,60,3276
197.178.237.29,28,1680
200.230.175.65,30,1800
200.8.43.250,29,1740
202.41.227.13,29,1740
51.25.242.71,22,1320
194.200.175.195,35,2100
214.94.66.148,35,2100
213.118.109.47,1,60
195.255.0.161,44,2640
177.78.217.251,41,2460
197.187.52.250,34,2040
38.119.209.106,24,1440
41.188.115.114,25,1500
167.230.171.134,53,3180
133.165.119.72,31,1704
196.205.92.245,10,600
215.117.13.254,13,780
192.175.177.219,22,1320
84.223.72.3,28,1680
210.239.140.143,40,2400
167.32.110.241,31,1860
130.119.190.246,86,4596
204.166.56.251,20,1200
54.113.185.215,90,4896
44.10.123.203,44,2364
215.137.197.234,32,1920
52.218.126.127,29,1740
5.189.61.210,64,69440
217.151.235.81,38,2280
209.215.24.53,13,780
58.220.230.182,21,1260
211.2.216.91,30,1800
194.140.129.174,16,960
196.183.17.235,37,2220
188.243.237.156,37,2220
220.199.107.201,1,32
202.200.85.195,46,2760
167.137.123.253,46,2760
192.58.203.201,61,3216
167.108.39.181,47,2820
199.131.51.6,24,1440
54.221.219.74,27,1620
97.183.217.131,22,1320
199.199.248.191,20,1200
195.212.231.167,59,3192
167.234.230.249,28,1680
167.247.192.119,35,2100
195.92.41.97,25,1380
199.129.180.200,72,3816
213.63.153.197,31,1860
196.185.162.185,16,960
196.246.221.15,23,1380
192.14.13.78,29,1740
197.161.252.87,27,1620
197.254.71.240,39,2340
55.230.141.68,42,2520
177.92.253.241,27,1620
197.210.57.231,26,1560
98.218.193.30,23,1308
195.49.67.1,33,1980
197.116.96.92,18,1080
167.236.109.8,48,2652
216.99.231.142,15,900
202.240.225.195,26,1560
40.6.189.57,39,2340
202.4.44.212,5,300
202.223.164.137,45,2700
200.129.186.115,42,2304
195.36.47.139,44,2640
199.166.116.6,23,1380
203.135.228.15,22,1320
199.233.44.179,28,1680
208.95.20.180,130,6924
218.34.154.10,38,2280
202.186.166.230,14,840
192.4.81.22,19,1140
194.101.11.169,30,1800
198.218.204.196,19,1140
55.173.243.44,47,2544
210.40.244.227,40,2400
193.216.28.75,17,1020
203.61.208.106,15,888
213.77.217.2,79,4272
167.201.83.121,39,2340
218.33.42.91,29,1740
195.82.116.52,34,2040
194.162.232.106,35,2100
196.101.76.119,55,3000
204.173.197.182,36,2160
45.147.244.197,11,660
192.110.150.163,23,1380
200.87.42.99,36,2160
193.30.77.245,26,1560
215.195.178.226,31,1860
193.122.65.161,38,2208
202.1.175.252,32,1920
213.196.36.138,79,4284
196.124.108.0,9,540
167.13.48.67,55,3300
216.202.233.32,21,1260
195.172.247.147,34,2040
202.6.100.171,35,2100
194.243.244.31,38,2280
215.64.54.116,24,1440
204.159.226.85,44,2640
197.105.122.215,7,420
202.132.139.1,30,1800
195.178.125.250,27,1620
202.153.135.105,16,960
192.179.28.102,24,1440
209.76.171.126,115,6216
97.239.89.235,38,2016
202.191.139.71,27,1620
212.119.123.162,27,1620
39.70.80.16,25,1500
192.251.67.209,36,2160
40.227.100.152,35,2100
193.188.245.179,27,1620
55.158.176.250,20,1200
98.210.8.184,34,2040
55.194.237.154,18,1080
203.223.173.215,27,1620
197.95.52.33,21,1260
206.128.88.182,27,1620
167.163.219.101,28,1680
167.241.84.10,33,1980
196.107.103.250,25,1500
193.222.87.134,5,276
251.115.253.38,48,2880
187.12.234.2,1,32
219.120.201.14,8,480
53.183.80.156,3,180
50.191.193.251,22,1320
195.110.239.66,44,2376
208.150.29.31,40,2400
199.225.74.101,23,1380
218.41.190.165,29,1740
192.30.59.220,29,1740
200.76.114.36,23,1380
203.243.90.189,26,1560
38.199.233.238,28,1680
202.138.43.212,42,2520
196.161.53.102,26,1560
208.114.143.161,32,1920
192.79.185.100,44,2640
202.192.38.122,25,1500
195.207.234.213,23,1248
167.125.28.144,31,1860
194.164.9.52,38,2280
126.15.224.40,31,1860
194.175.208.176,3,180
167.84.207.49,40,2400
214.233.249.235,34,2040
200.21.85.72,36,2160
196.84.161.231,26,1560
167.48.124.162,26,1560
196.123.86.101,37,2220
195.161.47.169,39,2340
195.223.79.105,20,1200
38.200.170.45,27,1620
200.212.175.37,50,3000
192.147.236.239,21,1260
202.145.13.100,37,2220
58.220.241.244,14,840
194.4.197.179,28,1680
167.216.38.235,44,2640
193.126.86.146,33,1980
198.255.150.61,24,1440
192.153.200.55,68,3672
115.66.244.101,35,2100
177.245.202.233,28,1680
203.252.210.113,26,1560
214.199.203.13,27,1500
193.154.244.166,30,1800
202.45.59.39,49,2940
217.151.200.49,47,2556
39.32.199.40,41,2460
97.185.88.86,35,2100
167.249.85.83,42,2520
40.233.28.127,40,2400
153.13.209.173,17,1020
115.76.48.135,26,1560
213.80.196.104,30,1608
39.212.76.214,18,1080
200.47.196.183,43,2580
200.193.201.38,45,2700
204.53.14.23,24,1440
199.221.254.226,55,3300
110.50.26.233,1,32
198.155.8.190,46,2760
208.118.66.200,52,2856
197.55.165.34,22,1320
192.248.171.191,19,1140
194.94.168.144,24,1440
203.175.189.45,48,2880
41.195.111.11,23,1380
133.105.165.196,36,2160
218.10.17.35,21,1260
167.85.217.35,39,2340
199.56.137.128,27,1620
210.163.239.67,16,960
54.224.180.101,38,2280
58.202.171.35,29,1740
215.64.188.76,62,3720
197.109.13.188,21,1260
34.237.180.164,33,1980
58.220.228.109,32,1920
215.86.208.70,20,1092
192.167.188.144,25,1500
192.119.55.61,28,1680
202.191.170.200,47,2820
196.164.108.158,24,1440
192.228.220.15,38,2280
200.228.235.64,35,2100
48.37.167.208,37,2112
36.169.115.205,60,3276
34.161.207.242,28,1680
97.176.102.201,28,1680
199.63.212.73,28,1680
195.207.175.141,26,1560
195.236.237.239,55,3300
192.3.222.3,43,2580
51.220.109.34,38,2280
192.3.198.130,38,2280
204.164.26.211,38,2280
192.177.95.255,45,2700
195.53.255.95,42,2520
202.191.245.252,5,300
200.144.245.237,24,1440
97.187.157.242,37,2220
193.2.172.191,29,1740
115.99.240.222,42,2520
192.12.130.245,19,1140
193.112.121.142,44,2640
192.71.241.99,24,1440
200.67.212.8,26,1560
192.157.243.182,26,1560
185.72.27.121,19,760
213.236.199.252,42,2520
193.191.121.37,38,2280
51.208.82.53,34,2040
212.144.170.119,30,1800
216.130.95.186,36,2160
208.119.249.236,30,1800
55.212.66.240,58,3144
195.3.149.250,44,2640
213.141.84.15,29,1740
41.34.89.170,28,1680
203.235.167.234,25,1500
218.33.160.157,25,1500
203.193.152.6,22,1320
204.186.200.208,2,120
83.194.247.38,1,40
58.49.26.59,23,1380
192.133.103.136,22,1320
215.106.255.113,31,1860
98.249.178.57,16,828
212.244.45.61,37,2220
195.30.26.102,40,2400
131.86.230.51,25,1500
198.0.242.143,19,1140
177.65.82.251,1,40
192.183.50.56,23,1380
202.130.195.157,59,3168
200.21.60.59,27,1620
39.133.138.108,30,1800
40.20.86.124,15,900
49.112.140.233,17,1020
98.3.24.40,16,960
167.202.0.5,50,2628
203.135.15.195,2,120
200.66.192.172,34,2040
196.185.176.55,29,1740
208.119.82.251,33,1980
53.249.25.144,39,2340
153.13.94.12,29,1740
200.144.163.100,42,2520
194.230.233.207,39,2184
249.58.135.172,28,1680
216.27.21.205,12,720
229.54.16.131,36,2160
167.185.222.192,23,1380
183.245.18.44,43,2580
204.217.214.181,15,900
126.115.58.245,42,2520
215.214.225.144,38,2280
194.237.27.14,27,1620
194.179.193.228,35,2100
211.120.167.48,72,3900
200.65.96.177,44,2640
192.79.63.46,2,120
130.195.0.192,26,1560
40.6.195.211,34,2040
118.91.202.85,4,160
125.173.73.255,21,1260
216.249.125.51,43,2580
44.107.87.248,37,2220
214.126.240.75,22,1320
195.215.235.39,24,1272
108.64.118.107,1,40
66.150.244.181,18,1080
215.81.228.95,24,1440
188.236.80.54,28,1488
195.62.138.251,21,1260
51.106.72.77,31,1860
63.151.182.56,25,1500
193.104.137.66,30,1800
58.201.70.162,60,3192
48.59.32.39,20,1200
193.244.54.17,40,2400
192.224.92.140,11,660
250.203.162.155,26,1560
197.5.111.185,25,1500
193.150.168.70,39,2340
41.167.110.177,26,1560
194.187.179.234,28,1536
97.194.236.36,36,2160
54.88.189.51,25,1500
204.118.91.145,27,1620
212.24.209.3,46,2760
98.253.15.67,35,1968
54.103.11.220,27,1620
1.21.145.176,2,80
117.17.14.202,1,40
131.138.99.211,22,1320
98.219.67.204,33,1980
193.139.6.156,33,1980
204.182.113.194,42,2520
204.79.195.188,22,1320
205.118.32.24,39,2340
118.171.37.225,1,32
178.27.159.192,1,32
81.255.213.181,1,32
172.102.237.232,1,40
117.38.198.69,3,120
151.204.197.2,1,32
54.111.19.28,57,3228
96.2.45.71,1,255
64.22.165.114,40,13682
43.217.140.34,46,8216
194.42.255.196,22,1320
209.191.155.205,31,1860
187.162.220.29,1,60
194.89.168.133,28,1680
154.243.238.113,1,32
212.212.108.254,33,1980
177.125.178.124,1,32
46.231.172.29,49,1960
91.131.87.105,1,32
92.19.144.203,1,32
177.28.18.63,44,2640
194.124.90.250,44,2640
195.142.8.174,47,2820
98.30.134.42,39,2340
167.21.66.235,40,2400
228.118.143.181,4,192
210.184.198.248,34,1812
131.186.253.80,30,1800
197.244.145.206,46,2760
193.165.223.83,26,1560
216.155.74.251,24,1440
200.153.143.233,59,3192
122.57.30.253,1,44
185.130.52.134,1,32
93.103.242.165,1,32
4.104.235.219,1,32
196.208.237.101,33,1980
178.220.31.169,1,32
173.40.28.157,1,32
51.118.215.97,23,1380
172.249.162.131,1,103
195.157.212.10,45,2700
97.173.7.214,27,1620
45.236.34.204,40,2400
193.14.135.57,65,3564
193.97.213.142,34,2040
193.1.97.200,40,2400
167.113.190.66,22,1320
39.252.168.175,26,1560
194.229.12.127,44,2556
177.38.22.71,30,1800
202.134.123.32,36,2160
196.101.239.92,35,2100
192.133.207.195,57,3420
38.205.30.77,27,1620
130.204.82.168,38,2280
77.118.183.10,1,32
216.132.6.82,38,2280
200.145.204.171,25,1500
219.211.169.246,1,60
216.133.231.140,20,1200
216.151.214.126,28,1680
57.70.131.205,32,1920
202.143.56.216,24,1440
200.21.143.85,45,2700
177.37.161.168,39,2340
203.191.252.229,27,1620
193.209.51.104,28,1680
188.157.193.217,46,2760
213.133.24.74,51,2784
196.199.101.151,21,1260
177.110.55.191,33,1980
167.70.173.6,32,1920
204.100.24.199,21,1260
203.253.153.205,30,1800
199.201.107.190,35,2100
199.163.44.247,22,1320
82.140.207.183,29,1740
198.142.193.186,33,1980
196.79.32.117,35,2100
193.216.123.199,34,2040
202.8.194.121,36,2160
199.99.26.150,31,1860
203.187.73.147,40,2172
195.61.203.64,19,1140
193.208.56.247,7,420
195.195.238.204,46,2760
81.109.202.49,164,6560
212.71.216.61,20,960
205.177.96.172,42,2520
167.34.37.156,38,2280
198.111.15.151,30,1800
204.157.207.238,37,2220
194.100.114.189,38,2280
217.238.32.123,76,3972
203.243.219.232,45,2700
58.202.98.147,3,180
55.207.125.231,17,1020
203.255.189.94,57,3420
204.88.43.2,26,1560
41.117.59.249,47,2820
214.14.11.62,39,2340
197.34.239.182,24,1440
200.69.37.62,40,2400
91.169.36.65,53,2820
193.109.185.196,20,1200
66.69.164.225,34,2040
197.59.201.252,27,1620
216.152.220.62,40,2400
199.200.142.227,39,2340
204.45.202.232,49,2820
216.155.100.37,35,2100
210.182.255.52,2,120
219.103.79.87,22,1320
203.190.43.33,37,2220
202.69.32.253,28,1680
196.207.57.43,42,2520
195.93.101.33,19,1140
199.239.152.55,30,1800
197.225.205.20,4,228
195.221.152.95,40,2400
204.78.185.23,41,2460
31.113.147.98,36,22771
197.85.25.141,24,1440
193.13.214.47,45,2700
194.212.134.16,28,1680
203.195.206.132,2,120
204.146.167.153,18,1080
215.34.168.147,42,2520
202.40.183.154,1,60
51.227.202.3,68,3672
45.167.25.67,9,540
195.240.45.136,52,3120
197.234.230.214,33,1980
193.219.98.40,24,1440
213.134.239.82,18,1080
193.209.51.203,23,1380
167.239.114.102,48,2880
214.235.113.148,19,1140
219.103.192.39,33,1980
210.123.149.55,32,1920
51.241.25.0,46,2760
216.141.180.126,81,4392
54.117.19.220,30,1800
218.20.234.193,20,1200
193.215.71.49,10,600
133.158.76.188,40,2400
194.224.193.211,18,1080
197.208.52.25,20,1200
192.202.11.149,37,2220
193.70.192.5,19,1140
202.121.182.146,22,1320
193.25.188.165,26,1560
192.141.120.57,6,324
195.180.79.54,27,1620
217.15.159.75,25,1500
203.198.186.4,37,2220
193.215.109.249,36,2160
192.203.170.121,23,1380
218.49.198.59,29,1740
192.167.191.35,30,1800
204.201.200.131,83,4500
195.145.86.21,23,1380
193.105.191.10,36,2160
203.190.222.34,66,3540
51.72.52.141,32,1920
200.237.236.73,25,1500
98.217.20.97,25,1500
213.71.0.166,38,2280
200.184.115.179,27,1620
130.102.47.185,43,2580
177.242.123.212,1,32
13.161.239.27,54,16703
52.175.58.66,16,960
202.33.29.102,22,1320
38.59.20.114,22,1320
95.142.102.210,1,32
193.23.135.198,37,2220
212.118.235.205,38,2280
78.8.93.82,1,32
36.164.21.20,22,968
214.167.158.204,40,2400
51.178.187.203,26,1560
167.236.191.92,23,1380
58.61.20.73,55,3300
214.29.137.38,35,1884
167.39.249.131,47,2508
115.125.108.122,18,984
35.68.170.74,4,1172
195.31.203.1,21,1260
214.238.160.139,41,2460
142.161.167.8,373,14920
251.133.32.95,26,1560
190.218.27.14,1,32
167.85.175.175,40,2400
204.97.174.57,30,1800
165.116.241.89,1,440
215.13.50.66,46,2760
51.57.66.11,59,3540
98.204.174.255,20,1164
60.7.11.28,40,2400
199.93.23.20,30,1800
205.95.91.51,29,1584
41.171.21.15,20,1360
217.242.241.128,34,2040
120.118.191.30,31,1860
54.101.140.188,26,1560
39.132.0.211,27,1620
38.198.188.138,38,2280
215.96.94.168,41,2460
203.247.211.40,16,960
197.184.153.29,24,1440
195.181.42.67,27,1620
144.204.224.201,1,127
86.152.161.70,1,32
124.230.29.126,1,32
70.66.78.57,1,32
215.84.213.242,25,1500
68.74.208.252,6,240
59.126.150.88,1,40
52.166.83.100,12,720
195.57.195.33,31,1860
202.4.180.72,27,1620
69.160.152.208,33,1980
192.29.116.12,37,2220
87.58.34.157,1,32
188.175.98.63,4,160
193.89.181.217,30,1692
82.47.213.168,45,2700
196.137.238.98,2,120
94.16.225.210,1,32
178.115.84.135,1,32
110.47.121.251,1,32
69.91.145.33,1,40
74.193.187.141,12,2146
187.151.109.237,1,32
39.199.56.35,37,2220
213.49.26.218,35,2100
54.246.136.42,31,1860
204.78.229.4,29,1740
192.60.106.21,38,2280
203.234.200.169,47,2820
40.101.137.36,34,2040
197.65.141.79,24,1440
195.138.198.230,24,1296
195.50.114.34,16,960
199.156.249.235,28,1680
85.14.43.38,1,32
215.64.106.76,34,2040
52.66.76.43,1,32
216.150.236.236,28,1680
194.58.130.53,36,2160
203.43.33.34,33,1980
216.143.59.32,32,1920
200.64.73.91,36,2160
208.75.50.71,44,2376
194.177.110.95,31,1860
192.180.204.215,34,2040
55.157.252.190,17,1020
167.108.43.167,38,2280
98.15.133.191,39,2340
167.234.229.190,63,3492
204.35.190.231,46,2760
192.173.201.75,73,4008
131.236.99.94,25,1500
213.71.78.208,36,2160
195.153.60.6,38,2280
230.248.189.84,25,1500
197.187.207.213,48,2880
38.174.223.234,74,4068
204.78.136.173,11,660
203.243.210.73,27,1620
202.214.22.19,35,2100
200.72.167.141,76,4164
219.213.65.247,34,2040
195.130.46.127,23,1380
202.7.124.68,12,720
215.86.110.129,32,1920
193.188.197.57,39,2340
202.4.53.117,23,1380
192.129.254.123,29,1740
167.28.208.1,44,2580
177.67.40.44,27,1620
212.235.65.89,35,2100
34.127.120.167,46,2496
203.211.194.21,36,2160
197.250.210.136,36,2160
167.237.46.55,35,2100
193.96.91.88,35,2100
229.54.249.39,41,2460
204.88.152.67,16,960
200.11.223.127,37,2220
192.229.242.166,84,4560
194.206.227.204,65,3480
195.46.204.68,39,2184
194.230.238.174,31,1860
45.19.190.46,40,2400
167.99.254.114,20,1200
193.147.22.120,36,2160
52.131.196.47,37,2220
167.131.55.161,38,2280
208.146.207.106,6,360
54.242.44.133,34,2040
36.228.252.176,48,2616
200.254.54.61,43,2580
39.223.211.21,23,1380
45.39.191.233,59,3120
192.43.5.228,46,2760
204.36.128.168,35,2100
131.250.86.71,29,1740
216.4.239.16,29,1740
193.2.33.135,42,2520
130.59.172.64,77,4152
199.58.162.228,32,1920
45.193.237.238,40,2400
167.243.30.187,41,2460
167.53.240.99,29,1740
194.250.83.111,26,1560
202.252.180.48,42,2520
192.5.232.167,82,4380
196.242.203.155,43,2580
231.147.126.167,31,1860
48.20.239.10,20,1200
199.224.220.58,43,2580
193.215.183.45,37,2220
203.151.87.229,80,4296
213.232.55.105,33,1980
209.247.111.128,27,1620
216.104.72.219,33,1980
41.69.247.62,1,48
199.185.199.75,25,1500
208.116.45.41,29,1740
200.55.35.236,38,2280
52.115.91.169,71,3756
167.158.208.125,14,840
63.254.64.50,39,2340
50.74.24.132,23,1380
126.81.62.54,29,1740
217.31.80.143,38,2280
214.231.96.0,66,3720
55.146.151.99,17,1020
212.235.89.205,32,1920
126.178.94.120,34,2246
199.166.119.195,41,2460
200.226.209.63,45,2700
39.63.103.198,23,1380
210.167.216.32,36,2160
51.201.54.134,5,300
97.178.9.211,32,1920
216.99.157.93,33,1980
202.42.202.59,34,2040
128.126.129.213,40,2400
126.73.198.96,31,1860
53.27.233.250,39,2340
40.149.136.201,46,2760
198.167.218.39,30,1800
194.160.212.249,36,2160
209.39.137.203,26,1560
34.100.122.225,43,2580
193.127.154.100,30,1800
98.254.135.106,10,552
194.94.235.201,31,1860
204.187.177.245,24,1440
212.219.70.114,31,1680
199.176.164.88,42,2520
167.145.161.13,60,3228
41.112.23.199,35,2100
32.36.232.81,26,1560
204.207.178.173,41,2460
214.60.83.5,26,1560
200.187.108.149,28,1680
37.127.87.204,1,52
45.126.10.171,9,360
195.101.157.84,36,2160
50.219.187.46,20,1200
196.99.137.173,26,1560
199.198.229.137,33,1980
193.236.83.10,20,1200
54.101.20.95,43,2580
60.222.5.21,92,4980
193.237.224.88,39,2340
207.113.28.9,40,2400
167.46.116.157,40,2400
194.92.208.191,24,1440
212.187.195.51,4,240
192.23.55.207,38,2280
195.207.77.0,21,1260
210.75.210.81,46,2760
80.205.193.162,44,2640
196.104.141.229,33,1776
192.158.3.104,35,2100
229.62.103.69,31,1860
215.166.101.165,20,1200
205.108.65.127,32,1920
200.78.134.64,12,720
194.210.64.249,38,2280
198.71.17.67,21,1260
197.24.209.69,43,2580
167.136.123.135,38,2280
58.200.146.207,35,2100
153.54.255.2,36,2160
195.19.102.192,38,2280
58.201.199.152,32,1920
193.19.56.135,33,1980
97.217.103.167,39,2340
53.29.212.159,25,1488
129.207.25.37,16,960
196.102.82.174,40,2400
195.27.88.137,39,2340
41.183.122.181,28,1680
153.36.40.205,29,1740
133.145.154.104,31,1860
204.197.202.218,30,1800
97.219.157.198,21,1260
216.159.124.26,24,1440
203.230.130.139,6,360
212.148.16.130,34,2040
208.157.164.66,39,2340
192.145.245.96,29,1740
198.162.49.142,33,1980
204.172.167.43,86,4596
195.159.223.18,29,1740
196.194.231.177,33,1980
177.54.233.43,25,1500
200.214.108.121,30,1800
167.254.87.233,22,1320
198.123.66.134,28,1680
192.129.193.181,31,1860
192.71.155.38,28,1680
208.118.19.81,19,1140
98.238.182.252,24,1296
196.155.247.58,27,1620
197.80.184.99,21,1260
194.142.187.11,38,2280
213.114.130.4,74,3996
37.108.27.186,24,1440
199.227.128.26,34,2040
52.128.169.112,46,2472
195.247.32.98,42,2520
192.53.47.85,38,2280
196.99.65.98,24,1440
167.76.8.196,30,1800
203.58.53.248,3,180
98.3.132.199,23,1380
199.219.164.26,67,3588
130.171.23.124,32,1920
192.32.28.88,25,1500
167.119.79.22,41,2460
187.0.164.204,1,32
203.188.180.225,75,3996
131.113.38.101,21,1260
215.73.249.204,66,3588
210.185.169.79,76,4128
126.131.28.219,34,2040
212.220.81.98,24,1440
69.160.142.68,21,1260
130.252.31.198,46,2760
199.65.102.247,25,1500
196.91.99.83,24,1440
193.62.174.171,10,600
133.67.209.83,74,3972
38.21.159.230,20,1200
215.224.115.37,33,1980
212.223.65.76,30,1800
49.54.197.122,27,1620
219.233.135.177,29,1740
213.64.79.238,12,720
198.152.113.175,41,2460
45.131.132.80,38,2280
97.182.126.180,39,2340
216.255.149.53,35,2100
58.205.147.94,30,1800
192.26.104.102,25,1500
51.209.67.84,27,1620
203.214.121.236,41,2244
203.222.112.215,29,1740
208.122.149.99,33,1680
210.237.184.148,37,2220
212.60.50.67,24,1440
115.77.215.100,32,1920
203.198.227.11,36,2160
58.200.149.67,11,660
216.165.225.74,42,2364
208.115.86.7,55,2976
55.228.208.199,39,2340
167.127.107.104,32,1920
192.34.195.129,30,1800
194.94.114.42,28,1680
204.33.252.171,37,2220
177.110.114.19,30,1800
98.214.87.157,25,1500
193.220.50.230,9,540
205.242.61.202,38,2064
97.239.196.157,27,1620
216.151.90.179,40,2400
196.125.52.132,34,2040
192.69.175.223,38,2280
196.57.142.231,8,480
58.201.87.243,13,780
211.69.243.252,36,2160
192.124.166.187,27,1620
54.82.93.240,26,1560
49.48.61.66,13,780
32.212.178.140,1,32
142.161.233.47,7,306
194.180.244.34,57,3420
212.210.141.67,38,2280
204.107.124.112,43,2580
51.107.67.180,32,1920
200.140.181.193,33,1980
208.66.42.55,71,3828
193.163.195.45,19,1140
194.250.25.44,24,1440
208.117.40.180,67,3540
196.191.169.198,24,1440
193.127.132.109,29,1740
72.123.220.104,34,1812
54.188.5.171,27,1476
38.164.130.218,44,2640
76.212.155.201,4,160
199.199.86.102,54,3240
213.248.66.11,38,2280
97.240.233.203,56,3048
54.122.233.3,20,1200
131.174.191.181,24,1440
200.183.194.53,41,2460
87.59.82.222,237,9480
111.253.65.167,1,76
86.86.108.94,1,32
162.8.33.57,17,7712
190.8.137.0,1,32
68.74.25.228,25,2750
185.72.27.101,23,920
80.227.113.76,1,32
103.244.232.53,1,40
223.122.147.109,2,80
37.165.4.40,32,1920
194.69.8.0,49,2940
98.202.6.117,31,1860
207.70.147.201,14,840
196.202.175.167,49,2676
213.141.128.165,49,2940
194.36.0.63,44,2640
192.245.121.179,26,1560
199.199.65.68,11,660
39.43.209.188,26,1560
195.130.130.198,16,960
33.106.150.191,30,1800
192.46.10.101,34,2040
212.197.174.228,16,960
193.110.188.46,2,80
167.60.87.82,38,2280
126.73.99.178,8,480
195.240.197.205,34,2040
194.161.33.182,31,1860
203.255.22.108,45,2700
194.181.34.26,24,1440
199.62.233.204,27,1620
44.12.206.155,36,2160
58.202.115.140,7,420
60.57.122.115,1,40
171.50.183.235,1,58
218.89.169.44,1,48
196.73.104.135,29,1740
203.59.233.157,6,360
193.125.63.203,35,2100
119.70.165.50,1,132
216.133.224.183,42,2520
197.203.12.213,32,1920
194.116.145.71,35,2100
177.197.170.179,1,44
197.105.229.130,56,3360
124.167.50.170,9,702
154.195.14.13,1,44
112.233.174.170,1,32
188.152.97.200,27,1620
49.108.234.122,265,16936
218.44.252.163,16,960
182.182.214.239,1,40
88.152.100.180,1,32
200.78.0.71,30,1800
41.54.16.131,21,1260
167.186.63.160,50,3000
210.185.244.72,15,900
167.244.44.22,16,960
203.175.234.253,17,924
195.239.247.239,47,2820
192.30.183.141,37,2220
198.81.92.151,27,1620
130.171.152.21,36,2160
55.151.35.104,39,2340
194.12.95.55,26,1560
41.100.233.180,24,1440
62.248.11.102,25,1500
202.117.42.95,64,3456
215.223.197.245,66,3624
193.136.177.250,29,1740
199.222.33.186,34,2040
194.243.182.237,24,1440
195.202.240.62,30,1800
192.9.134.36,47,2820
167.254.46.79,43,2268
58.221.181.86,45,2700
202.97.249.48,45,2508
210.241.208.195,12,720
213.202.96.51,76,4116
217.111.180.49,69,4140
204.42.132.150,30,1800
217.241.139.107,26,1560
126.158.164.213,55,11929
193.216.222.153,40,1600
214.85.11.253,46,2760
174.180.107.148,1,32
120.180.155.151,22,968
52.113.239.13,25,15716
91.39.55.200,8,4021
194.68.197.214,19,1140
113.124.79.17,1,52
203.194.49.89,7,420
98.226.91.59,28,1680
73.97.148.182,1,32
31.113.147.118,9,1447
195.111.221.250,1,32
199.217.49.90,26,1560
14.233.252.252,20,800
134.214.85.223,2,80
98.218.146.243,52,2856
193.209.214.190,35,2100
202.211.179.93,31,1860
199.155.5.134,23,1380
192.42.182.186,33,1980
97.238.126.238,19,1140
167.48.127.227,34,2040
193.210.83.131,39,2340
113.28.157.148,1,32
196.180.49.7,13,572
202.7.6.211,34,2040
47.121.81.124,1,84
172.249.25.139,5,306
55.202.41.83,43,2580
52.86.133.102,2,80
96.4.126.123,1,32
214.81.78.255,28,1680
139.129.20.138,1,32
167.115.92.91,23,1380
200.223.31.27,29,1740
167.252.52.224,38,2280
37.250.27.193,34,2040
98.248.108.107,28,1680
182.44.171.58,1,32
204.38.82.95,23,1380
177.250.252.86,23,1380
55.230.248.242,34,2040
202.132.133.220,45,2700
58.22.142.80,34,2040
98.246.19.45,41,2460
199.218.159.76,24,1440
205.155.178.60,32,1920
167.255.127.54,30,1800
177.178.247.186,2,80
200.194.152.141,54,2916
194.79.184.120,4,240
167.200.148.73,77,4620
58.223.71.24,46,2760
216.159.124.155,37,2220
192.117.1.171,37,2220
52.125.204.202,32,1920
81.109.202.10,40,1600
216.151.112.35,10,600
45.173.236.210,24,1440
128.129.8.50,25,1500
194.239.14.26,35,2100
195.208.244.158,22,880
31.113.147.64,30,3944
167.225.112.48,35,2100
39.54.227.130,35,2100
130.152.23.178,31,1860
209.64.218.182,67,3768
50.147.252.23,14,840
203.244.221.200,32,1920
212.221.171.241,38,2280
193.92.220.201,30,1800
196.216.213.91,24,1440
194.8.59.91,16,960
41.136.150.109,33,1980
38.172.211.220,19,1140
192.244.156.106,21,1260
204.109.124.226,48,2880
71.230.250.247,1,40
79.128.236.120,1,32
217.53.130.154,32,1920
82.9.62.109,48,2880
57.90.198.243,28,1512
53.217.179.95,41,2460
193.109.29.168,61,3408
218.30.244.20,33,1980
125.231.58.111,26,1560
62.132.43.22,1,32
130.111.248.11,29,1740
218.199.195.16,38,2280
202.131.3.175,46,2760
167.80.139.191,39,2340
167.241.155.174,38,2280
231.145.252.123,43,2580
211.77.82.241,46,2760
83.2.147.110,1,32
212.255.86.16,39,2340
193.197.78.111,25,1500
192.160.39.104,41,2460
5.57.33.48,1,32
195.83.41.201,24,1440
193.145.124.84,39,2340
192.152.91.87,16,960
200.93.200.56,41,2460
197.108.99.241,32,1920
24.4.126.60,1,32
193.74.162.86,22,1320
109.61.172.21,1,32
219.101.66.37,24,1440
215.199.159.193,92,5028
196.185.218.92,32,1740
185.72.26.63,11,440
208.122.73.161,34,2040
218.183.219.214,9,540
57.84.110.24,29,1740
194.8.47.231,5,300
197.24.84.0,47,2820
193.17.131.171,34,2040
199.194.37.128,23,1380
229.51.210.218,43,2580
213.205.99.201,23,1380
208.65.148.141,18,1080
49.15.60.166,38,2268
223.158.210.102,1,84
204.187.174.207,16,960
213.174.7.142,28,1680
167.3.45.182,2,120
200.16.15.168,17,1020
216.155.54.137,15,900
167.31.155.251,27,1620
132.208.70.135,21,1260
208.177.113.72,41,2460
215.109.212.167,47,2532
172.249.28.101,5,3981
23.202.27.7,1,32
167.230.214.128,15,900
196.180.49.71,10,440
195.207.128.166,34,2040
200.147.123.57,17,1020
167.178.159.155,25,1500
192.228.53.32,29,1740
199.224.39.163,24,1440
192.255.81.76,42,2520
218.2.165.250,33,1980
197.79.168.95,34,2040
182.243.227.99,72,47410
215.89.101.71,39,2340
40.104.226.129,46,2760
84.219.177.175,5,420
216.148.157.90,65,3528
167.135.253.37,38,2280
207.71.117.255,35,2100
203.194.35.230,34,2040
194.42.195.166,45,2700
195.78.185.217,47,2820
220.172.89.231,1,32
197.62.109.85,36,2160
153.30.98.248,65,3480
192.159.227.62,41,2460
192.152.238.14,22,1320
204.102.35.178,28,1680
55.97.100.117,28,1560
213.202.89.168,33,1980
46.107.43.67,1,32
51.81.126.210,2,120
125.194.144.113,1,52
209.179.189.202,50,3000
250.181.88.172,47,2820
167.62.81.126,16,960
211.120.165.169,19,1140
202.46.34.144,30,1800
62.80.82.221,30,1200
211.113.140.197,27,1620
200.235.86.72,24,1440
94.243.223.252,5,420
193.160.180.154,31,1860
153.46.219.149,43,2580
199.238.184.180,34,2040
195.37.38.239,38,2280
54.203.235.224,28,1680
162.1.252.121,17,9792
132.149.254.181,22,1320
196.199.196.50,19,1140
177.211.166.2,34,2040
78.44.221.95,1,32
192.73.119.20,42,2520
202.77.151.13,27,1620
202.245.208.18,50,3000
167.6.103.139,21,1260
229.62.182.115,33,1980
167.219.122.131,37,2220
97.191.227.50,12,720
98.231.140.11,33,1980
167.218.143.232,36,2160
199.61.14.52,41,2460
52.111.153.229,43,2580
194.173.235.116,35,2100
215.132.38.7,55,3300
209.235.235.65,41,2460
41.176.31.172,39,2340
192.70.97.126,15,900
192.73.109.21,40,2400
167.175.141.234,34,2040
216.154.79.219,43,2280
214.90.162.196,42,2520
115.73.240.167,35,2100
119.17.154.85,2,188
40.69.193.118,39,2340
192.99.164.20,6,360
229.62.84.95,33,1980
194.190.234.171,39,2340
199.219.64.161,20,1200
85.27.179.86,1,44
77.41.91.57,1,32
194.210.74.181,38,2280
208.124.187.94,16,960
215.84.134.23,22,1320
193.124.192.161,41,2460
203.196.117.153,38,2280
76.206.29.121,1,32
183.158.42.74,1,32
202.46.108.193,21,1260
196.106.167.54,21,1260
58.208.38.252,32,1920
192.112.211.212,39,2340
208.118.86.159,42,2520
208.88.195.128,1,32
200.228.123.149,14,840
58.17.171.58,4,240
208.116.106.130,22,1320
47.244.13.187,4,336
66.247.94.110,7,308
82.47.250.61,30,1800
95.186.171.16,1,32
244.2.37.54,34,2040
192.137.175.71,4,240
77.232.252.27,32,1920
97.32.2.245,34,2040
94.123.216.66,1,32
196.216.109.42,28,1620
197.29.164.139,37,2220
97.243.64.253,47,2508
41.78.110.9,47,2820
131.147.4.143,26,1560
200.63.75.160,18,1080
213.202.100.173,30,1800
63.61.184.160,34,2040
197.140.192.11,38,2280
204.156.91.210,33,1980
188.247.140.103,29,1740
195.27.222.103,32,1656
193.86.211.137,29,1740
97.234.34.78,16,876
125.182.34.127,38,2280
197.57.241.51,13,780
131.66.213.118,33,1980
212.244.31.178,27,1620
194.140.213.170,20,1200
39.102.63.48,53,2832
192.23.107.52,43,2580
50.78.156.230,31,1860
213.122.240.49,33,1980
215.222.106.105,18,1080
115.77.135.20,32,1920
167.254.158.205,40,2400
216.145.222.97,30,1800
167.43.25.178,29,1740
198.16.162.222,15,900
167.119.247.233,41,2460
197.77.204.82,22,1320
194.136.38.143,36,2160
204.175.137.234,29,1740
153.46.221.157,43,2580
54.101.29.30,21,1260
203.210.33.50,23,1380
209.247.177.43,26,1560
203.221.176.214,23,1380
203.199.80.78,6,360
167.146.229.35,34,2040
167.46.3.209,69,3744
133.64.150.182,26,1560
196.180.49.40,11,484
58.201.229.28,38,2280
192.157.245.186,29,1740
58.208.80.207,28,1680
44.26.122.114,6,360
198.252.207.221,30,1800
213.104.98.163,37,2220
192.193.114.234,40,2400
210.246.227.209,21,1260
202.128.176.5,22,1320
193.209.134.145,24,1440
204.88.63.255,44,2640
198.175.154.239,39,2112
203.44.113.2,33,1980
217.250.192.237,42,2208
199.249.119.103,34,1716
203.186.81.195,36,2160
210.253.171.72,24,1440
200.211.221.162,12,720
177.37.125.188,40,2400
167.4.162.181,47,2820
194.255.206.152,21,1260
192.1.19.96,26,1560
195.161.38.241,28,1656
195.151.112.28,33,1980
200.36.136.188,36,2160
204.64.51.50,41,2460
90.5.82.149,10,600
192.230.44.199,12,720
167.80.139.157,44,2640
213.199.249.240,12,720
213.198.184.249,7,420
200.255.95.34,19,1140
196.118.2.4,23,1380
167.249.128.102,40,2400
218.195.132.111,34,2040
193.86.155.238,26,1560
203.178.202.68,32,1920
97.204.55.89,17,1020
200.147.82.126,8,480
212.142.227.198,28,1680
194.165.225.91,45,2700
192.166.197.94,13,756
200.133.164.118,35,2100
193.7.236.208,19,1140
43.224.144.201,28,1680
208.119.159.136,27,1620
203.203.117.137,37,2220
133.202.58.190,28,1680
129.6.81.21,39,2340
131.142.146.0,24,1440
185.243.106.22,1,32
55.251.151.184,33,1980
193.89.226.162,25,1500
167.13.20.229,11,660
51.111.201.218,44,2640
54.220.145.202,34,2040
211.178.134.189,28,1680
216.129.129.24,41,2460
208.187.228.154,39,2340
192.143.247.249,31,1860
51.208.159.174,48,2880
39.52.241.212,5,300
199.157.26.147,25,1500
210.250.111.232,37,2220
200.21.155.122,43,2580
65.214.141.86,39,2340
54.117.216.122,32,1752
193.223.14.215,23,1380
202.93.141.143,23,1380
193.208.148.125,29,1740
199.176.4.223,26,1560
205.64.141.230,19,1140
203.41.245.138,39,2340
60.223.110.193,26,1560
254.82.188.196,9,540
193.95.29.33,16,960
213.180.3.222,18,1080
192.139.25.58,7,420
36.77.50.254,40,2244
58.221.222.162,17,1020
193.127.139.45,22,1320
63.101.238.17,5,300
204.143.244.214,4,240
167.203.45.225,20,1200
200.59.253.117,30,1800
98.30.155.36,18,1080
199.35.218.171,20,1200
198.39.242.162,27,1620
195.243.231.143,40,2400
213.184.245.201,43,2580
195.25.96.197,63,3408
210.255.72.70,54,2916
212.246.16.46,22,1320
204.83.32.53,35,2100
195.128.96.149,10,600
195.146.18.124,44,2640
208.116.254.127,26,1560
51.111.191.14,21,1260
196.221.45.139,42,2520
203.185.41.144,47,2820
55.162.222.209,10,600
40.96.230.37,23,1380
195.238.236.143,36,2160
34.214.91.188,1,32
35.26.70.20,1,40
55.168.56.108,8,480
193.163.134.210,25,1500
200.224.164.217,41,2460
194.160.218.132,52,3120
195.179.156.63,24,1440
193.10.34.224,24,1440
210.35.217.30,35,2100
255.117.239.182,27,1620
203.173.248.69,13,780
58.201.139.79,28,1680
214.95.184.5,33,1980
216.136.228.16,33,1980
193.111.140.199,2,120
197.184.255.101,42,2520
50.133.109.72,32,1920
212.61.222.28,25,1500
200.244.43.243,32,1920
39.64.206.158,17,1020
177.212.228.65,30,1800
203.230.65.88,42,2520
196.186.124.252,37,2220
40.0.187.101,27,1572
98.217.180.85,24,1440
202.130.197.11,19,1140
194.167.192.219,2,120
200.129.133.214,24,1440
194.249.209.165,35,2100
115.98.32.42,37,2220
209.48.233.241,22,1320
167.78.48.84,27,1620
203.236.159.159,9,540
203.41.185.20,28,1680
45.130.184.14,33,1980
196.189.237.206,35,2100
204.168.117.46,40,2400
216.144.23.205,33,1980
41.26.175.77,7,420
54.101.185.160,23,1380
195.55.133.105,12,720
209.26.77.157,28,1680
198.37.175.76,419,625148
60.129.51.63,12,720
194.160.37.41,39,2340
200.70.222.90,23,1380
215.95.197.222,36,2160
217.242.165.212,29,1740
210.70.254.252,40,2400
220.202.73.136,24,1152
194.165.70.65,31,1860
194.140.67.150,2,120
179.115.2.82,1,32
220.52.253.125,62,2720
211.189.227.16,21,1260
192.207.200.44,22,1320
194.90.113.57,25,1500
231.151.146.12,42,2520
56.125.92.114,3,180
208.124.162.132,31,1860
209.247.106.154,21,1260
215.64.189.222,11,588
130.164.58.36,42,2520
167.225.64.148,35,2100
192.124.57.255,19,1140
175.244.218.71,1,32
167.225.70.165,32,1920
195.177.151.83,30,1800
214.181.180.42,32,1920
228.117.222.27,13,780
84.185.250.179,1,32
104.167.49.193,5,300
183.121.120.74,2,136
198.161.218.150,27,1620
167.12.111.179,26,1560
212.158.84.214,1,32
46.183.231.119,1,32
130.198.16.23,50,3000
60.69.16.20,45,2700
193.119.228.233,35,2100
200.55.4.191,35,2100
193.120.102.191,21,1260
218.21.114.183,43,2580
208.115.205.213,37,2220
216.132.209.3,32,1920
115.69.156.210,37,2220
39.43.211.234,29,1740
214.31.254.219,44,2640
217.254.196.246,19,1140
192.114.128.227,41,2460
193.238.100.122,21,1260
52.156.249.228,32,1752
215.194.69.220,20,1200
55.200.176.7,36,2160
39.95.21.120,19,1140
199.58.222.201,73,4068
40.119.165.123,26,1560
54.5.159.130,25,1500
192.251.95.39,42,2520
177.242.66.91,17,1020
195.36.226.166,27,1620
231.150.47.135,38,2280
54.202.91.154,1,32
209.219.158.134,26,1560
200.5.149.126,1,40
50.160.235.61,1,32
47.196.226.214,1,32
178.142.128.93,1,32
182.243.227.237,8,946
45.125.82.119,5,200
1.0.102.155,1,32
91.17.92.248,2,148
66.235.226.249,8,1296
112.30.32.79,1,76
131.208.112.252,23,1380
40.224.229.23,27,1620
212.209.161.244,28,1680
58.221.155.248,18,1080
195.44.190.68,25,1500
192.141.18.122,27,1620
115.48.106.21,37,2220
131.105.122.139,26,1560
195.248.32.74,60,3240
80.120.160.102,1,32
195.19.28.201,39,2340
206.109.195.220,30,1800
197.41.42.200,21,1260
193.27.160.19,32,1920
199.193.207.152,34,2040
193.16.97.139,23,1380
213.6.186.61,29,1740
45.128.116.93,41,2400
217.32.150.177,36,2160
203.135.170.29,54,3240
14.122.134.139,1,32
214.81.178.19,5,276
208.110.229.138,1,32
199.218.229.64,22,1320
117.117.95.121,100,127909
210.242.149.33,16,960
195.208.244.92,30,1200
195.34.25.201,27,1620
196.110.241.96,19,1140
60.104.209.137,11,660
39.125.191.198,19,1140
60.243.228.174,23,1380
215.209.6.170,34,2040
203.207.83.17,29,1740
196.170.8.116,24,1440
39.31.84.192,38,2280
211.142.2.249,26,1272
195.132.192.155,44,2640
203.231.179.157,33,1980
41.191.255.220,27,1620
192.136.69.98,24,1440
212.134.251.122,27,1620
204.148.143.191,28,1680
167.227.109.196,34,2040
58.201.84.225,26,1560
202.138.224.111,8,480
167.44.141.1,41,2460
195.216.1.86,103,5580
202.241.188.18,46,2760
39.163.63.253,35,2100
207.71.35.50,24,1440
192.50.207.233,28,1680
195.204.64.233,45,2700
39.81.84.9,32,1920
208.182.157.72,33,1980
194.89.30.252,14,840
197.190.139.241,27,1620
195.179.168.74,33,1980
38.139.83.122,83,4500
194.209.240.32,26,1560
65.221.32.164,30,1800
217.111.180.230,48,2880
196.174.116.4,28,1680
44.192.165.40,28,1680
78.130.18.140,1,32
36.248.194.196,1,40
216.202.230.134,6,240
125.214.148.199,1,60
102.196.227.111,1,32
181.116.95.38,1,32
200.13.188.110,1,40
39.1.170.194,2,80
41.18.165.184,27,1620
216.173.35.158,24,1440
24.64.185.109,1,32
220.175.44.6,1,32
199.168.238.176,30,1800
196.198.68.209,34,2040
203.218.139.86,29,1740
203.202.121.74,39,2340
196.127.193.62,26,1560
200.214.46.47,23,1380
193.143.213.1,39,2340
97.176.189.34,18,972
196.170.189.157,33,1980
51.217.137.108,16,960
192.74.16.91,25,1500
212.60.37.152,24,1440
208.174.247.158,38,2280
204.205.111.251,4,240
40.115.209.90,37,2220
56.126.69.71,39,2340
203.201.110.105,28,1680
210.114.74.243,47,2496
153.6.81.247,32,1920
33.125.173.197,40,2080
55.60.246.206,29,1740
200.46.232.30,30,1800
216.132.69.29,44,2640
198.98.116.239,24,1440
167.230.135.70,20,1200
194.221.14.72,31,1860
199.86.69.147,31,1860
196.205.237.204,26,1560
229.54.174.157,29,1740
206.128.123.186,28,1680
194.244.26.57,31,1860
196.134.124.188,22,1320
39.88.199.204,34,2040
202.219.198.24,36,2160
115.76.141.41,24,1440
194.137.15.174,32,1920
198.154.225.224,10,600
167.90.13.123,22,1320
202.45.212.86,33,1980
216.151.30.113,31,1860
208.127.152.100,44,2640
50.123.212.225,37,2220
58.208.186.144,20,1200
199.236.212.52,39,2340
215.19.114.156,38,2280
192.91.2.223,28,1680
193.79.16.88,16,960
206.150.119.21,41,2292
216.141.157.9,10,600
211.93.216.124,15,900
78.64.136.122,1,44
190.245.205.178,1,32
193.102.189.227,32,1920
213.80.204.235,15,900
194.56.158.236,31,1860
204.175.171.157,34,2040
167.255.187.224,40,2400
62.218.213.69,1,32
192.191.235.102,21,1260
193.110.46.61,15,900
167.238.108.7,23,1380
213.111.44.23,27,1620
214.251.121.153,26,1560
54.100.61.105,35,2100
204.149.167.0,40,2400
54.59.202.234,39,2340
192.122.222.107,19,1140
192.120.148.227,33,1980
55.164.40.206,21,1260
39.54.191.214,27,1620
50.23.76.152,7,420
205.0.159.143,37,2220
215.52.171.102,14,840
209.95.187.159,35,2100
178.238.109.88,1,32
222.217.6.220,2,96
216.128.25.209,37,2220
192.168.160.88,20,1200
185.72.26.104,27,1080
71.230.143.47,3,120
172.249.25.191,6,746
192.45.222.15,26,1560
200.241.129.81,34,2040
195.90.225.188,42,2520
208.88.87.132,35,2100
195.38.244.227,43,2580
202.7.233.237,32,1920
196.102.161.2,37,2220
75.77.239.72,27,1620
208.185.42.153,20,1200
196.96.214.237,44,2640
216.68.133.229,9,918
38.126.221.76,36,2160
200.181.35.246,30,1800
195.182.1.37,36,2160
58.220.183.255,16,960
192.136.89.149,3,180
209.145.44.31,16,960
202.173.122.43,36,2160
203.188.70.33,29,1740
200.17.156.164,42,2520
192.141.250.92,30,1800
41.239.59.1,25,1500
181.160.105.230,4,160
172.249.25.137,6,2395
58.205.158.76,15,900
38.159.137.226,11,660
194.126.183.219,34,1632
219.211.138.216,27,1620
219.244.235.3,11,660
203.214.152.120,21,1260
208.118.71.40,31,1860
39.88.186.245,24,1440
126.146.243.251,47,2820
198.154.225.85,30,1800
211.135.104.110,28,1680
200.81.237.148,20,1200
112.29.40.228,1,76
58.160.138.6,1,40
181.53.190.10,1,32
196.129.213.99,26,1560
116.136.34.201,1,32
83.154.90.204,37,2220
198.152.41.219,39,2340
197.40.109.245,55,3300
40.54.241.11,20,1200
195.137.154.47,50,3000
119.77.153.114,1,60
189.127.93.222,1,32
71.230.250.113,2,80
203.235.176.185,12,720
60.13.50.80,66,3576
45.231.135.184,39,2184
203.148.50.250,26,1560
197.176.207.26,27,1620
58.223.215.51,39,2340
195.42.175.240,33,1980
198.81.139.118,38,2280
208.127.128.115,36,2160
39.165.211.247,18,972
194.165.129.118,10,600
204.39.81.192,36,2160
192.230.21.174,35,2100
98.218.24.23,31,1860
198.252.85.2,31,1860
58.221.144.119,40,2388
196.136.57.196,29,1740
199.198.226.103,11,660
192.120.2.124,21,1260
74.193.190.124,32,5898
211.113.140.196,60,3432
195.129.162.40,56,3000
194.56.156.255,27,1620
200.172.98.137,32,1920
231.151.160.129,47,2820
118.124.169.159,33,1980
199.35.208.82,29,1740
50.74.210.235,29,1740
218.25.187.208,25,1500
167.3.27.97,34,2040
217.187.98.18,37,2016
209.191.225.122,36,2160
65.214.148.80,18,1080
55.128.105.214,17,1020
192.246.219.187,25,1500
195.223.230.48,32,1920
193.69.104.153,39,2340
54.3.74.80,5,240
192.3.199.194,43,2580
115.57.67.234,17,1020
202.191.64.148,20,1200
192.255.64.106,47,2820
200.49.217.227,39,2340
39.234.116.8,29,1740
200.164.15.3,36,2160
192.146.127.71,29,1740
115.67.78.187,41,2460
215.34.28.109,45,2700
65.218.232.47,23,1380
197.225.181.101,35,2100
216.107.230.83,14,840
131.179.194.58,28,1680
216.135.115.2,30,1800
192.245.112.140,32,1920
192.175.148.180,35,2100
167.99.135.41,21,1260
38.56.220.17,13,780
51.106.202.59,28,1680
212.80.220.218,75,3984
40.117.181.21,22,1236
198.108.253.216,45,2700
167.224.131.31,22,1320
195.174.135.127,37,2220
194.37.131.106,38,2280
196.205.115.229,45,2700
195.94.36.151,13,780
177.214.142.111,38,2280
45.215.151.2,30,1800
58.221.98.239,38,2280
204.47.126.142,42,2520
41.61.212.23,20,1200
98.220.97.221,34,2040
132.221.24.179,30,1800
203.232.127.250,31,1860
40.15.6.203,32,1920
177.75.58.127,20,1200
192.204.212.97,24,1440
193.163.139.9,30,1800
39.135.208.43,42,2520
39.142.82.52,36,2160
196.111.119.89,35,1860
167.226.239.128,36,2160
194.139.30.6,44,2640
204.102.209.156,32,1920
41.214.119.215,23,1380
197.116.79.93,11,660
196.244.175.137,34,2040
98.226.236.165,8,456
197.249.200.107,1,52
196.174.33.143,40,2400
44.188.180.42,2,120
195.141.161.35,23,1380
213.205.242.35,28,1680
195.53.240.87,34,1632
213.118.251.212,23,1380
211.129.239.171,22,1056
200.90.202.2,22,1320
34.242.69.98,69,3696
41.182.168.53,21,1260
208.100.70.84,9,540
212.221.175.148,5,300
199.197.181.176,25,1500
197.206.5.246,31,1860
39.163.28.255,16,960
198.77.230.144,22,1320
196.98.247.47,29,1740
118.190.110.108,29,1740
196.221.36.140,33,1980
209.77.77.32,90,4848
203.44.166.20,64,3420
195.218.71.173,39,2340
195.180.184.129,38,2208
199.186.44.242,32,1920
204.167.70.140,29,1740
194.239.205.104,43,2580
88.11.63.68,2,80
193.92.189.75,63,3780
197.49.8.140,37,2220
38.24.252.58,9,540
211.141.97.135,28,1680
213.178.165.164,40,2400
192.70.31.211,29,1740
216.140.227.55,48,2880
218.46.91.174,33,1980
118.89.27.101,1,40
216.155.64.242,37,2220
194.225.253.124,34,2040
194.221.15.177,22,1320
212.70.225.211,26,1560
200.90.181.226,25,1500
195.157.139.225,25,1500
45.9.190.227,47,2604
193.120.54.242,24,1440
192.158.17.20,31,1860
210.42.6.68,2,120
203.247.164.46,28,1680
194.236.24.43,14,840
167.199.146.88,50,3000
121.217.108.130,31,1860
198.154.22.246,28,1680
192.183.87.212,31,1860
195.30.187.8,34,2040
193.236.40.235,33,1980
199.164.177.253,28,1680
210.58.175.178,8,480
216.97.44.164,20,1200
54.209.169.54,4,240
192.8.103.58,25,1500
58.201.225.69,22,1320
192.228.120.185,23,1380
193.215.67.56,23,1380
230.248.102.77,25,1500
192.1.103.42,4,240
39.77.148.185,21,1260
39.223.48.173,7,420
198.8.136.91,79,4308
195.153.9.85,36,2160
200.84.31.193,41,2460
97.189.96.120,23,1380
208.43.148.92,28,1680
200.40.121.48,37,2220
192.225.95.178,38,2280
66.148.182.186,40,2400
13.161.234.164,20,21263
194.55.189.206,32,1920
192.173.254.210,27,1620
58.17.60.118,34,2040
194.215.26.125,25,1500
216.135.251.16,35,2100
202.142.219.94,35,2100
203.211.239.247,39,2340
203.154.72.140,24,1440
199.35.210.224,25,1500
209.33.28.75,24,1440
217.51.94.61,34,2040
167.30.88.49,16,960
167.248.106.7,40,2400
213.40.181.238,19,1140
195.229.59.214,47,2820
167.72.133.10,25,1500
193.0.211.182,22,1320
202.242.194.145,25,1500
41.201.60.82,22,1320
213.205.60.96,34,2040
212.209.103.191,25,1500
199.57.236.41,24,1440
74.48.229.86,1,32
58.205.161.1,41,2460
192.95.115.129,25,1500
171.151.4.127,1,40
82.8.59.51,1,32
194.141.197.25,43,2580
196.170.154.142,37,2220
194.244.138.51,19,1140
54.10.32.61,27,1620
165.116.243.161,3,120
185.72.27.1,15,600
24.243.107.23,1,32
211.101.94.98,2,120
55.240.239.19,27,1620
54.101.153.201,17,1020
73.122.65.137,1,32
51.85.70.158,1,40
212.197.210.179,23,1356
45.97.128.152,34,2040
103.29.181.121,1,40
14.171.81.12,1,32
108.75.153.132,1,32
65.213.13.34,26,1560
204.55.208.44,42,2520
192.31.91.217,21,1260
60.20.76.171,35,2100
56.71.92.160,40,2400
195.92.14.92,33,1980
54.93.152.80,31,1860
198.96.38.149,18,1080
210.233.204.223,30,1800
202.214.164.152,32,1920
217.138.72.193,2,120
132.48.200.162,62,3372
213.0.229.217,41,2460
229.55.215.104,13,780
55.196.85.185,11,660
194.213.126.113,23,1380
196.201.174.156,25,1500
194.165.255.105,11,660
193.183.209.123,31,1860
194.177.60.179,9,540
79.124.121.145,977,1466092
194.253.112.110,29,1740
107.3.227.96,1,32
130.132.23.190,6,360
80.57.178.202,75,4032
97.195.255.115,23,1380
193.120.88.20,17,984
194.185.118.141,21,1260
54.74.67.144,13,780
199.204.5.4,21,1260
91.113.139.154,1,52
210.229.184.215,41,2460
91.242.214.167,1,32
38.16.122.123,35,2100
182.189.183.49,1,40
177.186.154.106,27,1620
196.109.90.225,36,2160
199.58.190.59,16,960
167.42.210.129,22,1320
43.228.235.222,28,1680
219.113.122.24,8,1268
214.94.252.55,21,1260
97.222.243.121,41,2460
167.15.123.95,24,1440
91.139.97.238,1,32
194.79.175.187,14,840
167.71.99.114,28,1680
214.84.216.64,51,2796
112.11.217.59,1,52
98.245.220.173,14,840
196.66.143.193,51,3060
118.169.243.160,1,40
219.14.217.157,18,1080
192.181.84.189,37,2220
194.125.129.213,37,2220
139.253.188.67,65,3120
185.72.26.18,19,760
112.232.20.244,1,32
167.47.134.32,21,1260
167.218.82.114,36,2160
198.84.14.182,28,1680
214.204.238.103,23,1380
196.180.49.35,11,484
211.163.43.37,28,1680
37.106.167.176,1,40
210.34.10.178,1,104
194.176.29.133,34,2040
73.245.217.7,1,60
204.207.168.35,22,1320
198.23.90.52,39,2340
55.177.90.101,39,2076
193.130.167.29,28,1680
142.161.151.150,8,320
67.9.54.69,33,1980
195.222.82.138,6,360
112.171.145.15,1,40
115.97.160.30,1,32
78.62.238.234,1,32
208.116.139.70,22,1320
212.50.170.175,26,1560
139.173.135.205,2,80
80.50.44.236,21,1260
201.109.226.116,1,40
117.43.108.253,2,107
54.210.215.136,20,1200
202.162.134.11,32,1920
196.139.120.174,34,2040
110.251.171.28,1,48
85.163.55.203,1,52
154.192.52.107,1,32
219.249.209.114,29,1392
198.40.237.195,14,840
45.17.8.11,12,720
58.205.253.192,30,1800
41.254.227.79,42,2520
196.197.198.216,48,2880
192.171.97.92,35,2100
217.187.123.123,23,1380
216.219.253.91,13,780
217.178.79.27,2,121
83.199.148.249,1,32
183.188.57.108,6,1180
192.129.69.204,31,1860
52.218.135.226,41,2412
48.222.103.113,35,2100
196.79.77.132,24,1440
41.183.74.76,28,1680
204.160.65.148,38,2280
31.132.134.171,1,32
61.78.240.38,1,32
191.82.131.119,1,60
167.25.243.74,17,912
58.205.136.6,19,1140
214.52.84.202,58,3252
211.100.221.251,27,1620
203.11.234.68,21,1260
167.254.199.56,30,1800
193.130.173.132,36,2160
200.53.207.212,6,360
174.232.33.58,1,32
106.97.166.187,1,40
54.90.75.107,14,840
177.250.54.44,35,2100
194.94.188.167,23,1380
204.102.79.80,17,1020
197.46.10.217,26,1560
167.159.194.106,26,1560
202.7.135.174,38,2280
33.6.252.18,2,120
192.151.9.228,23,1380
177.209.233.148,12,720
192.250.176.88,43,2580
213.12.83.241,33,1776
46.146.84.167,1,52
41.34.246.7,30,1800
197.62.155.153,28,1680
58.205.182.130,27,1620
207.62.81.248,61,3432
200.11.76.119,26,1560
197.65.212.182,25,1500
204.156.67.120,27,1620
192.90.40.142,27,1620
210.66.212.12,35,2100
202.46.196.107,37,2220
212.134.137.24,25,1500
193.7.191.235,26,1560
48.32.17.248,16,960
48.106.69.136,25,1500
45.192.106.42,19,1140
142.72.192.250,1,32
199.236.200.98,30,1800
49.115.93.119,18,1080
195.217.143.31,27,1620
194.221.170.54,23,1380
215.206.159.51,1,60
167.134.101.198,35,2100
203.170.201.43,46,2760
199.212.245.10,10,5319
73.72.57.104,1,32
52.209.16.11,12,720
171.241.116.69,1,32
200.194.186.28,26,1560
216.143.87.218,25,1500
194.236.227.180,40,2400
195.52.110.122,32,1920
78.145.127.106,1,32
187.207.189.189,1,44
193.155.223.169,12,720
212.134.21.6,11,660
204.201.144.25,19,1140
51.109.122.252,21,1260
254.120.90.150,37,2220
130.204.24.235,35,2100
97.217.175.19,14,840
198.47.233.83,26,1560
213.125.16.157,1,32
195.39.142.221,33,1980
167.48.98.39,29,1740
196.103.74.152,31,1860
196.120.201.243,34,2040
195.194.131.199,27,1620
71.223.48.177,1,60
200.38.48.97,29,1740
219.75.143.243,62,3420
54.100.30.199,27,1620
192.191.106.203,35,2100
204.96.7.172,37,2220
199.87.122.201,36,2160
54.232.30.152,22,1320
229.51.211.202,27,1620
196.106.168.63,33,1980
193.34.167.222,42,2520
79.227.3.115,1,32
109.104.189.242,1,32
204.38.46.0,29,1740
47.51.101.185,1,32
193.197.226.192,30,1800
97.219.135.85,40,2400
78.173.146.55,1,32
205.55.34.52,10,588
204.40.10.21,12,720
45.6.111.114,33,1980
204.37.26.219,26,1560
202.218.165.150,36,2160
196.193.141.252,31,1860
54.117.216.224,24,1440
212.164.120.52,16,960
189.74.248.72,1,32
39.123.44.198,21,1260
200.145.239.187,23,1380
204.104.224.99,20,1200
58.201.177.243,18,900
51.106.188.147,14,840
222.130.154.76,1,32
197.67.162.17,34,2040
200.53.114.52,32,1920
194.55.97.111,23,1380
195.198.173.141,35,2100
60.236.204.132,12,720
202.6.25.247,39,2340
53.36.105.241,34,2040
45.228.216.254,18,1080
66.147.67.184,39,2340
195.162.196.174,31,1860
58.221.171.175,9,540
215.177.214.175,28,1680
97.176.110.213,36,2160
194.164.91.103,44,2640
98.245.112.239,10,600
202.137.152.192,33,1980
200.4.18.153,27,1620
202.189.156.102,16,960
197.217.173.22,16,960
212.228.127.207,14,732
203.135.130.253,22,1320
97.248.14.145,24,1440
200.68.100.223,30,1800
192.90.34.253,24,1440
211.72.164.99,1,32
52.30.136.193,29,1740
250.254.109.96,70,3756
192.46.163.193,42,2520
177.97.117.16,36,2160
51.106.65.40,25,1500
55.78.132.14,6,360
194.247.249.107,29,1740
167.81.65.28,28,1680
209.207.247.196,14,840
202.47.15.64,24,1440
219.237.169.208,44,2388
210.98.59.124,17,1020
23.203.68.145,1,32
217.109.230.72,19,1140
80.50.189.160,1,44
115.110.73.128,8,480
208.121.69.90,37,2220
67.48.44.10,1,32
37.94.36.46,18,1080
194.227.4.31,22,1320
203.219.135.80,32,1920
197.13.148.123,49,2940
58.32.153.53,18,1080
98.201.170.129,22,1320
97.206.104.216,30,1800
83.255.150.248,32,1920
193.5.59.121,33,1980
197.74.12.157,31,1860
39.43.214.118,12,720
202.4.8.250,30,1800
204.217.220.143,22,1320
195.97.244.166,21,1260
195.41.151.5,27,1620
98.196.238.150,26,1476
213.174.141.212,30,1800
202.240.253.80,35,2100
212.210.128.85,18,1080
27.36.199.196,1,40
194.51.100.181,31,1860
193.146.137.153,26,1560
194.177.226.229,27,1620
80.203.17.105,61,3360
204.207.61.101,28,1680
216.155.99.225,20,1200
216.136.226.67,45,2448
32.57.100.57,24,1440
39.43.222.169,33,1980
194.229.180.130,29,1740
192.31.55.135,31,1860
130.214.224.62,33,1980
197.195.137.189,5,300
198.79.97.114,32,1920
209.224.189.201,29,1740
200.90.9.227,27,1620
205.129.198.173,44,2640
54.183.130.12,18,1080
167.87.64.189,44,2640
200.21.48.117,38,2280
167.108.234.153,41,2460
213.141.146.34,33,1980
200.38.253.128,12,720
197.232.111.110,42,2520
54.165.241.114,49,2580
197.59.48.28,31,1860
200.211.94.30,14,840
229.51.134.137,49,2940
202.153.199.128,28,1680
198.179.41.175,33,1980
209.247.125.243,29,1740
200.172.100.139,41,2460
58.205.241.108,31,1860
195.140.155.49,52,2844
192.179.218.18,27,1620
204.42.227.232,35,2100
200.228.166.193,19,1140
195.89.221.0,35,2100
194.248.127.183,44,2640
97.185.58.91,15,900
202.218.93.73,26,1560
167.122.238.109,5,300
196.221.49.230,36,2160
212.198.202.220,36,2160
213.199.79.47,42,2520
209.220.228.140,30,1800
193.109.40.48,25,1500
51.107.44.170,55,2964
57.229.16.12,25,1500
204.52.91.236,29,1740
167.21.251.205,21,1260
61.106.189.254,37,2220
98.202.12.188,21,1260
45.162.30.215,19,1140
98.236.194.85,22,1320
212.81.40.92,35,2100
197.194.6.82,18,1080
198.3.5.62,26,1560
142.161.195.55,3,120
192.4.3.44,42,2520
197.179.135.231,3,168
195.46.14.1,47,2820
198.111.9.201,28,1680
197.0.244.211,7,420
199.193.241.52,22,1320
203.235.101.94,40,2400
204.201.145.75,42,2520
192.232.236.119,24,1440
194.183.189.254,25,1500
192.219.242.17,25,1500
54.118.80.70,28,1488
122.215.241.95,1,52
71.186.226.213,1,32
212.208.54.189,19,1140
97.33.100.69,64,3840
131.125.191.176,36,2160
82.47.118.249,29,1740
54.125.176.214,18,1080
167.12.164.79,45,2700
202.181.94.219,35,2100
185.252.120.253,38,2280
201.224.203.178,1,44
47.137.57.171,1,32
121.122.231.150,1,32
192.110.135.252,66,3636
209.251.103.153,19,1140
54.127.83.23,47,2796
192.80.196.96,35,2100
216.92.29.21,3,180
54.170.113.23,36,2160
200.80.29.229,17,1020
249.10.253.201,29,1392
216.137.210.87,40,2400
210.43.237.185,4,240
212.134.193.249,20,984
55.188.153.182,43,2580
172.249.28.100,8,1846
74.12.0.83,29,1740
203.47.110.183,18,1080
198.251.45.113,25,1500
203.252.245.120,41,2460
37.189.84.120,1,40
177.164.164.190,1,32
92.8.58.140,29,1160
109.39.137.34,2,374
195.1.255.109,40,2400
91.203.69.154,1,32
216.144.88.149,20,1200
94.15.235.39,5,340
197.164.140.197,27,1620
216.152.107.251,6,360
200.64.83.124,38,2280
156.28.12.162,2,80
202.45.88.155,37,2220
211.161.207.52,18,1080
213.196.210.18,24,1440
58.200.238.166,23,1380
212.213.163.149,29,1536
43.106.237.80,16,960
222.68.213.184,1,76
188.7.219.76,1,32
188.171.116.216,1,48
162.194.50.126,54,9575
117.165.213.117,28,1680
12.209.187.48,1,32
193.17.192.92,30,1800
200.237.40.36,39,2340
48.218.43.243,23,1380
50.244.54.211,9,540
202.79.165.213,26,1560
193.220.118.199,28,1680
193.97.106.129,39,2340
192.237.47.223,27,1620
49.113.90.24,30,1800
200.212.77.186,51,2856
202.148.163.34,21,1260
97.3.102.96,17,1020
167.247.153.155,13,780
199.165.212.242,10,600
177.214.87.225,14,840
199.217.195.34,32,1920
196.68.48.208,31,1860
63.90.186.217,11,612
200.208.115.7,40,2328
192.35.33.118,35,2100
167.30.71.218,33,1980
38.152.118.219,1,32
182.177.89.9,1,40
84.165.208.72,1,32
133.22.0.7,25,1500
204.178.26.173,35,2100
208.210.153.34,39,2340
211.73.146.200,39,2340
58.201.143.148,11,660
109.12.120.153,1,40
93.207.210.173,1,32
195.212.69.205,57,3144
166.135.94.75,1,32
152.90.178.149,1,32
73.162.68.56,1,32
105.138.178.166,1,32
193.96.40.185,35,2100
67.97.80.7,1,32
54.111.143.37,19,1140
126.177.239.73,1,76
81.109.202.11,30,1200
88.66.109.114,1,44
199.220.46.154,45,2700
199.217.105.241,30,1800
198.25.13.71,39,2340
204.102.223.200,26,1560
41.150.238.202,22,1320
195.97.1.173,14,840
196.113.206.119,24,1440
182.74.56.132,1,52
198.154.31.192,14,840
210.83.60.134,33,1980
117.84.133.71,21,1260
92.67.254.101,8,320
210.235.44.42,30,1800
54.39.73.197,5,277
209.36.223.31,11,660
192.142.94.204,18,1080
195.212.42.98,29,1740
167.242.171.225,23,1380
108.6.202.10,1,32
182.119.108.1,1,48
90.39.178.174,1,32
221.230.11.199,1,32
121.87.13.89,1,60
188.163.122.212,1,313
198.218.94.51,20,1200
46.231.172.26,39,1560
199.223.148.182,24,1440
50.54.47.229,1,32
195.7.54.40,23,1380
203.253.32.44,35,2100
189.173.4.100,1,40
229.50.6.253,8,480
196.155.156.25,13,520
34.252.97.244,1,32
199.198.254.137,17,1020
197.219.248.121,46,2508
182.24.127.214,1,44
54.56.201.236,25,1500
86.170.13.54,1,60
212.144.104.145,2,80
192.247.184.101,9,540
41.252.135.100,7,420
131.150.213.57,38,2280
199.139.124.139,36,2160
61.26.0.89,14,560
196.205.83.103,24,1440
192.244.125.46,10,600
202.165.111.162,26,1560
200.65.255.222,42,2520
216.159.53.85,19,1140
41.142.170.131,28,1680
36.214.21.64,1,76
213.215.166.253,61,3312
202.107.62.252,55,2988
34.106.42.101,27,1620
52.17.92.90,1,32
216.101.22.163,32,1920
89.206.153.23,36,2160
73.7.119.101,33,1980
216.210.35.14,40,2136
199.151.200.35,38,2280
195.24.220.74,32,1704
216.101.100.47,16,960
48.125.178.6,34,2040
208.113.9.50,11,660
217.111.180.244,19,1140
203.244.221.182,22,1320
194.215.37.8,27,1620
202.65.204.99,16,960
218.39.4.33,22,1176
96.194.226.2,1,32
194.220.205.37,38,2280
197.212.34.223,19,1140
74.239.154.101,1,32
202.254.57.58,9,540
98.243.13.21,29,1740
39.175.174.217,24,1440
98.244.203.76,1,32
98.227.149.124,36,2160
192.203.130.99,28,1680
196.102.65.89,6,360
177.37.95.171,20,1200
199.195.128.34,28,1680
194.177.250.30,33,1980
199.191.32.4,32,1920
130.199.225.22,26,1560
192.1.8.78,41,2460
199.143.23.54,15,900
65.219.101.84,26,1560
210.40.167.63,15,900
97.237.216.81,23,1380
203.175.244.41,41,2460
97.237.100.236,48,2880
65.222.171.133,35,2100
46.243.220.46,1,32
58.211.158.38,30,1800
202.92.251.232,24,1440
202.243.110.24,44,2640
199.80.180.220,6,360
203.59.110.24,30,1800
177.47.14.220,36,2160
54.167.199.117,21,1260
192.191.245.215,29,1740
52.81.140.239,57,3036
177.156.214.24,1,32
128.247.149.234,10,600
200.175.242.136,43,2580
195.160.246.192,21,1260
45.230.214.71,16,960
167.72.178.244,20,1200
199.182.120.141,17,1020
37.106.161.12,36,1908
212.46.57.85,27,1620
58.205.215.219,25,1500
167.238.174.228,6,360
203.203.229.82,12,720
167.217.26.16,27,1620
167.230.59.41,8,384
216.131.138.144,17,924
200.144.154.165,35,2100
141.42.14.214,1,44
193.22.13.67,30,1800
196.107.69.97,26,1560
193.20.27.247,32,1920
192.131.60.193,30,1800
69.160.60.124,14,840
192.71.201.62,39,2340
213.206.10.27,37,2220
132.13.141.34,22,1320
58.203.102.83,25,1500
244.52.176.47,22,1320
213.176.248.92,23,1380
202.5.28.47,28,1680
199.175.198.172,32,1920
200.209.9.122,20,1200
71.223.48.68,1,32
212.19.109.71,26,1560
192.50.76.36,27,1620
250.242.118.225,32,1920
216.151.230.240,32,1920
167.126.119.2,29,1740
53.66.56.255,26,1560
213.81.124.166,42,2520
197.38.137.170,23,1380
46.6.59.123,1,32
61.148.129.199,44,2640
202.6.100.38,31,1860
194.243.183.87,37,2220
202.118.80.210,18,1080
193.213.85.74,42,2520
197.195.72.127,22,1320
38.237.24.53,15,876
195.194.172.170,73,3972
195.16.107.238,14,840
98.213.27.217,12,720
194.19.146.15,41,2460
193.176.236.96,29,1740
192.148.159.216,10,600
204.167.61.250,27,1620
196.116.123.74,7,420
197.239.102.85,67,4020
192.254.48.196,36,2160
48.93.39.74,6,360
45.205.149.237,45,2700
195.238.252.117,33,1980
117.232.66.160,1,32
99.182.190.139,1,32
13.218.12.71,1,523
192.129.178.114,31,1860
255.229.163.206,40,2400
212.71.220.100,53,2544
192.187.90.39,31,1860
131.85.199.137,12,720
118.120.117.81,10,600
203.210.186.33,31,1860
126.10.120.161,10,600
196.84.173.86,36,2064
197.69.60.73,26,1560
193.109.64.105,29,1740
197.28.172.122,27,1620
195.171.232.33,39,2340
193.23.65.239,37,2220
60.130.0.127,26,1560
1.80.157.222,1,52
217.125.211.115,33,1980
196.186.105.101,34,2040
46.244.235.193,1,56
194.164.65.44,23,1380
202.250.116.191,20,1200
98.211.69.141,7,420
194.91.253.237,15,900
167.93.91.205,26,1560
192.34.49.82,41,2460
202.248.0.49,28,1680
195.192.78.39,34,2040
194.54.89.83,22,1320
51.217.158.42,16,960
53.172.34.101,26,1560
216.140.175.77,36,2160
216.145.200.205,25,1500
153.37.27.135,34,2040
198.8.152.145,28,1680
199.226.55.71,5,300
193.122.118.72,3,180
38.198.78.207,29,1740
192.109.181.24,12,708
216.143.55.81,23,1380
54.113.57.47,19,1140
49.90.214.253,12,720
216.132.48.76,20,1200
204.217.173.37,11,660
194.77.143.88,19,1140
193.0.54.195,25,1500
216.140.150.195,22,1320
39.185.71.145,32,1920
192.190.177.8,12,720
214.230.190.16,38,2076
203.225.167.238,34,2040
192.218.201.70,45,2700
24.29.84.190,1,32
81.109.202.4,49,1960
208.121.85.142,16,960
192.221.51.42,1,60
71.180.20.115,1,32
64.189.91.202,6,264
167.42.115.127,28,1680
212.28.82.76,35,2100
197.235.88.32,17,1020
193.113.217.248,9,540
167.225.97.127,8,480
177.76.91.128,9,540
205.58.72.56,1,252
66.182.50.120,1,32
193.213.209.139,29,1740
162.1.253.41,22,12672
146.215.85.65,1,32
85.241.43.125,1,32
85.139.133.133,1,32
217.122.124.172,1,32
67.176.211.143,1,32
106.97.209.121,1,40
51.162.135.130,29,1740
194.255.117.91,33,1980
167.135.239.212,24,1440
177.48.203.183,16,960
204.32.144.178,25,1500
45.57.233.209,15,900
204.104.166.78,41,2460
34.225.236.100,22,1320
197.32.26.220,37,2220
200.195.77.56,21,1260
198.196.94.81,33,1980
195.150.250.79,27,1620
208.118.30.77,34,2040
195.18.23.223,50,3000
176.98.234.185,1,32
203.61.14.149,14,840
167.157.212.33,27,1620
39.69.80.53,29,1740
194.181.211.254,35,2100
195.133.158.68,24,1440
54.246.198.60,4,228
195.132.124.227,35,2100
216.154.243.220,38,2280
194.92.228.202,19,1140
41.150.174.180,29,1740
193.137.149.18,32,1536
98.231.181.109,23,1380
200.241.167.66,43,2580
41.185.40.26,11,612
50.124.113.225,34,1800
91.255.64.169,1,52
195.54.145.138,1,84
87.167.141.136,1,32
194.56.139.18,16,960
197.98.211.41,26,1560
65.162.90.1,46,2760
196.164.205.43,32,1920
195.131.75.140,28,1680
204.140.183.242,33,1872
97.185.222.13,36,2160
217.16.63.244,4,240
215.9.46.120,31,1860
214.199.138.198,39,2340
204.97.68.210,46,2760
193.174.251.179,26,1560
130.203.167.185,25,1500
176.39.213.45,24,1008
211.16.235.129,40,2400
192.145.109.243,33,1980
124.234.94.26,1,64
194.185.224.34,27,1620
71.230.250.83,1,40
167.79.20.48,20,1200
133.81.57.48,31,1860
202.138.81.8,28,1680
139.173.178.190,4,160
188.139.74.201,1,40
178.223.109.141,1,40
1.143.76.149,2,100
74.63.235.73,1,32
202.207.175.5,12,894
88.11.63.93,1,40
78.36.52.71,1,32
110.138.242.133,1,32
229.55.140.177,35,2100
194.94.173.182,31,1860
204.156.38.224,17,1020
203.231.246.230,26,1560
35.49.162.245,1,32
192.133.199.160,26,1560
116.133.254.150,1,52
200.90.206.125,34,2040
165.116.13.224,22,2607
218.130.230.73,4,160
58.211.109.101,19,1140
216.98.145.208,36,2160
217.118.46.221,5,300
200.80.107.76,1,32
210.98.19.23,26,1560
192.248.19.185,38,2280
182.132.150.193,1,28
195.149.78.209,58,3192
46.42.110.143,5,200
194.168.160.187,33,1980
198.81.167.166,35,2100
195.241.18.87,1,60
192.143.213.250,35,2100
194.237.226.110,34,2040
27.53.45.170,1,76
69.160.33.178,20,1200
216.143.59.29,7,420
159.52.36.12,6,240
71.230.250.71,1,40
72.243.223.61,1,32
48.205.245.23,15,900
212.118.95.150,17,1020
200.152.121.66,36,2160
192.183.130.238,17,1020
254.120.249.31,7,420
194.231.76.215,16,960
49.44.11.186,13,780
197.140.22.177,43,2580
198.70.70.86,27,1620
167.47.25.106,21,1260
97.241.93.133,31,1860
192.18.145.227,48,2880
209.142.212.218,32,1920
65.212.95.247,60,3372
202.138.132.61,39,2340
192.247.20.0,23,1380
133.201.186.112,16,960
255.231.192.176,9,540
39.107.145.66,20,1200
203.200.185.136,21,1260
179.102.218.183,1,32
211.236.126.189,2,80
115.66.2.65,34,2040
216.151.40.114,25,1500
203.202.238.218,44,2640
53.190.160.19,34,2040
39.111.84.121,42,2520
88.197.33.27,1,32
218.128.12.170,2,272
170.219.245.243,1,32
179.162.242.221,1,32
196.78.198.37,4,240
160.12.178.210,1,32
111.222.223.135,1,52
167.237.170.144,33,1980
123.35.183.190,31,1860
194.80.16.146,45,2700
192.32.100.164,23,1380
199.195.9.88,32,1920
36.207.107.134,1,32
177.50.170.184,46,2760
203.82.214.3,36,2160
202.67.145.168,31,1860
41.25.226.220,26,1560
195.205.52.8,41,2460
196.162.78.123,23,1380
47.195.81.162,1,32
202.201.229.92,27,1620
192.50.235.241,14,840
39.8.162.58,96,5760
219.98.110.14,30,1800
200.224.207.227,33,1980
195.139.255.30,39,2340
194.169.51.185,40,2400
192.24.12.180,26,1560
167.15.139.84,33,1980
202.96.44.82,35,2100
115.64.244.251,38,2280
57.181.206.15,18,1080
195.178.109.120,1,60
153.54.193.200,24,1440
167.34.131.222,35,2100
167.21.142.175,38,2280
199.129.77.69,24,1440
177.223.20.39,1,40
194.164.117.18,36,2160
197.103.32.197,37,2220
192.91.31.151,17,1020
42.13.208.13,53,2880
211.101.107.119,24,1272
193.151.204.17,37,2220
54.50.135.102,23,1380
216.128.6.83,31,1860
200.79.117.53,2,120
194.127.238.110,18,1080
167.240.116.92,50,3000
195.130.170.168,33,1980
192.166.67.226,24,1440
167.252.32.105,2,120
199.193.196.178,17,1020
71.84.187.233,1,32
124.9.216.102,1,60
144.204.11.137,2,368
167.102.165.70,24,1440
200.177.62.169,17,1020
199.205.28.122,38,2280
51.106.229.216,29,1740
196.78.221.99,23,1380
200.244.56.51,13,780
71.230.199.104,10,449
215.199.178.83,27,1620
194.38.156.37,21,1260
45.178.177.249,5,300
211.20.136.247,2,108
198.8.136.77,30,1800
167.158.160.170,45,2700
41.152.86.60,35,2100
216.145.202.21,33,1980
195.138.219.72,23,1380
213.238.130.23,8,480
185.182.100.198,29,1160
193.76.203.232,36,2160
212.194.118.232,26,1560
198.24.78.255,10,600
202.40.58.152,48,2880
203.194.66.213,17,1020
192.233.79.39,13,780
167.85.178.199,25,1500
203.244.140.115,41,2460
194.228.154.231,37,2220
193.21.158.105,20,1200
58.201.235.153,41,2460
37.139.97.237,30,1656
157.42.66.218,4,160
50.78.78.95,30,1800
199.227.30.143,26,1560
200.90.179.133,13,780
195.251.59.47,23,1380
217.234.138.131,1,32
39.135.215.202,23,1380
194.219.67.240,24,1440
200.193.240.104,33,1980
192.219.133.128,60,3600
215.39.254.53,27,1620
58.220.165.228,37,2220
213.198.163.114,20,1200
209.253.190.41,21,1260
200.66.160.67,15,900
131.157.8.59,37,2220
200.190.34.227,22,1320
203.237.86.1,21,1260
126.25.238.233,25,1500
82.158.174.197,10,2085
196.139.129.50,27,1620
198.254.150.99,42,2520
196.118.51.16,38,2100
196.88.32.192,29,1740
219.251.127.17,36,2160
49.8.100.253,11,660
167.232.28.230,31,1860
208.22.185.135,28,1680
203.194.134.116,24,1440
212.71.216.174,32,1536
200.50.111.165,17,1020
209.247.97.176,14,840
51.159.192.99,38,2280
200.147.203.253,13,780
196.119.83.250,22,1320
97.187.154.129,27,1512
97.232.59.35,30,1800
41.96.93.129,1,32
185.48.172.155,31,1240
24.54.96.125,1,32
216.244.221.143,33,1980
203.208.24.28,5,300
195.31.192.208,1,32
216.140.86.224,65,3900
193.124.198.167,24,1440
187.7.1.97,1,32
80.212.114.72,12,516
109.184.143.24,1,52
212.192.45.81,1,40
115.31.154.217,18,852
206.57.241.177,33,6276
199.212.247.99,16,8501
63.35.112.236,7,1363
195.227.108.126,35,2100
196.113.247.98,25,1500
195.87.2.44,16,960
200.73.220.246,17,1020
255.3.231.160,59,3168
132.13.148.243,32,1920
199.135.124.3,25,1500
193.140.238.186,3,180
58.200.144.202,9,516
115.70.223.149,23,1380
153.46.68.185,28,1680
167.85.185.146,34,1956
193.76.227.255,24,1440
213.234.39.171,2,120
69.161.80.253,29,1740
219.126.223.251,14,732
210.162.223.167,1,76
58.232.46.83,1,32
126.172.50.85,1,32
219.43.138.176,25,1500
185.72.27.78,9,360
89.199.72.64,6,312
132.145.151.51,9,360
193.26.213.37,28,1680
194.101.167.143,39,2340
215.225.88.58,31,1860
104.243.199.186,2,821
193.210.144.122,33,1980
199.40.44.10,27,1620
55.32.229.79,11,660
200.229.14.193,36,2160
167.11.103.46,2,120
89.214.30.200,1,40
38.247.238.48,40,2400
196.180.49.18,3,132
167.124.214.35,32,1920
139.68.232.31,4,160
96.80.187.44,1,40
199.69.13.140,26,1560
66.63.244.153,1,32
118.194.180.49,1,32
47.213.180.78,1,32
200.211.232.66,19,1140
229.54.92.31,27,1620
36.164.169.228,1,52
92.93.201.136,2,155
159.137.95.220,1,32
187.146.80.75,1,44
210.40.192.102,1,32
41.170.222.5,1,44
185.150.113.26,1,32
172.249.25.177,19,2158
216.154.214.161,49,2940
208.117.178.219,24,1440
220.149.49.108,1,60
210.245.190.197,35,2100
200.254.189.177,29,1740
192.253.3.155,42,2520
55.137.85.6,35,2100
192.253.56.68,37,2220
214.227.5.206,33,1980
167.22.106.249,13,780
192.203.131.136,33,1980
215.246.209.56,29,1740
213.212.49.95,30,1800
203.237.75.218,41,2460
167.79.144.30,6,360
202.138.71.71,16,960
192.47.75.237,14,840
203.57.5.185,39,2340
202.92.236.174,27,1620
212.218.145.156,17,816
200.72.79.125,33,1980
73.202.39.171,1,32
94.14.180.81,1,32
78.196.202.144,1,32
195.218.134.161,8,480
202.159.192.52,42,2520
113.202.236.71,1,60
54.230.166.81,41,2460
81.126.225.169,1,32
200.38.170.249,22,1320
39.12.4.4,41,2460
109.237.171.12,3,272
229.50.115.29,34,2040
2.210.148.26,1,32
197.133.83.22,38,2280
194.140.216.238,21,1260
167.253.162.63,28,1680
39.60.14.237,17,1020
188.159.231.147,30,1800
195.207.198.201,43,2580
36.171.51.45,7,336
229.53.214.50,25,1500
192.158.141.93,34,2040
199.225.191.236,24,1440
130.237.173.35,44,2640
39.34.135.123,11,660
202.233.58.145,2,112
82.56.11.245,10,400
194.239.169.107,33,1980
112.250.183.26,1,32
199.202.25.181,22,1320
167.157.81.176,28,1680
193.208.1.129,23,1380
193.167.35.98,23,1380
212.209.131.39,31,1704
196.90.41.184,25,1500
98.105.160.150,1,32
216.149.11.147,15,900
58.220.144.14,32,1920
71.230.250.14,2,80
54.81.233.55,43,2484
194.186.20.165,28,1680
112.229.20.56,1,40
167.137.236.138,23,1236
204.79.128.234,34,2040
219.237.140.177,40,2400
113.215.133.89,1,52
213.180.77.14,27,1620
214.50.233.246,23,1380
194.103.228.150,28,1680
199.139.195.136,19,1140
199.90.215.72,29,1740
54.101.224.218,14,840
17.199.46.144,15,9770
2.223.13.5,1,32
124.210.4.174,1,56
82.22.50.105,1,32
110.239.213.165,1,52
179.56.84.217,1,32
75.65.200.197,1,32
216.99.126.75,30,1800
196.207.151.39,30,1800
167.140.47.9,22,1320
45.228.206.236,24,1440
229.55.120.166,36,1920
40.240.223.231,15,900
193.127.2.59,23,1380
51.49.248.164,29,1740
200.212.2.207,21,1260
132.58.115.106,14,840
209.247.154.59,28,1680
204.173.35.239,39,2340
195.29.227.13,52,3120
81.25.219.255,1,32
41.174.209.34,25,1500
167.246.171.26,29,1740
196.242.223.91,37,2220
192.13.236.201,44,2640
35.20.96.59,1,52
101.152.233.110,10,980
245.252.103.245,34,2040
199.148.207.233,10,600
192.5.63.113,40,2400
107.135.48.98,1,32
192.136.22.145,17,1020
210.243.222.78,44,2640
192.149.175.252,21,1260
204.141.157.160,22,1320
132.25.219.236,22,1320
195.44.26.213,28,1680
200.184.86.194,28,1680
205.19.189.139,9,540
203.209.15.60,15,900
197.91.227.3,30,1800
197.106.227.211,24,1440
202.253.147.245,31,1860
167.137.157.144,32,1920
195.58.190.180,32,1920
196.84.105.142,6,360
36.92.32.73,16,960
194.101.138.172,5,300
41.220.184.92,21,1260
197.220.152.16,18,1080
197.64.183.179,32,1920
38.58.10.28,21,1260
199.73.205.153,22,1320
183.134.119.49,1,32
203.217.77.252,29,1740
198.179.197.29,51,2712
202.144.245.254,37,2220
194.225.202.224,26,1560
202.250.131.138,28,1680
202.189.185.94,25,1500
199.175.180.64,12,720
52.144.129.74,9,540
24.31.160.222,1,32
204.146.184.69,26,1560
41.197.96.204,26,1560
200.254.18.92,36,2160
194.137.253.181,23,1380
198.79.8.62,23,1380
198.237.195.16,26,1560
197.51.225.211,51,3060
210.254.184.242,43,2580
212.228.186.9,7,420
193.113.223.247,38,2280
89.229.241.238,1,32
55.149.69.137,39,2340
40.119.207.28,9,540
193.219.124.18,9,516
81.106.59.206,1,40
229.54.12.160,38,2280
231.175.72.90,19,1140
37.232.47.233,40,2080
204.147.89.89,6,360
142.161.236.75,6,240
13.204.103.72,1,76
123.146.3.180,1,32
66.211.27.89,1,60
181.115.131.244,1,32
181.67.23.173,1,32
119.224.148.183,1,32
154.129.6.36,1,48
184.16.246.213,1,32
98.226.196.9,15,900
51.7.91.49,21,1260
153.18.235.30,25,1500
54.199.114.212,29,1740
208.117.98.145,12,720
213.239.213.216,22,1320
255.231.53.90,14,840
132.197.240.48,26,1560
198.216.9.57,1,32
103.18.73.10,1,84
80.242.193.132,1,32
80.212.114.216,16,720
87.243.113.236,1,32
42.87.103.227,1,32
187.113.56.19,1,32
134.214.46.204,8,320
117.30.148.108,1,32
73.186.210.181,1,32
202.99.4.62,47,2820
217.141.42.156,14,840
204.222.88.92,18,1080
98.141.20.105,1,32
89.29.64.204,1,32
216.3.111.236,29,1560
191.242.220.125,1,40
167.11.186.19,35,2100
38.158.165.198,6,360
194.210.10.34,57,3204
192.138.76.225,22,1320
197.242.109.106,36,2160
195.219.1.215,44,2376
188.72.73.183,16,960
229.55.245.78,28,1680
185.72.27.6,25,1000
60.238.9.36,3,180
195.198.120.238,3,180
218.246.162.218,1,32
190.174.99.172,1,32
82.84.136.157,1,32
69.89.148.158,1,32
5.75.179.200,1,32
188.242.92.213,22,1320
91.219.161.58,1,60
203.178.3.29,35,2100
107.160.167.183,1,40
71.230.250.131,1,40
88.156.224.130,1,32
215.64.207.80,28,1680
194.66.189.193,28,1680
40.79.50.50,24,1440
203.252.20.201,23,1380
193.185.64.251,17,1020
203.250.16.37,31,1860
217.147.74.226,1,32
58.237.203.239,1,40
12.74.56.96,1,32
213.63.123.12,27,1620
66.235.226.248,5,713
175.171.85.34,4,160
193.216.222.159,37,1480
167.111.108.13,22,1320
196.180.49.59,7,308
195.240.13.97,4,240
88.78.74.24,1,32
213.57.96.104,3,180
215.70.232.7,33,1980
219.75.201.72,40,2172
160.164.244.240,1,32
69.82.36.63,20,1200
89.213.187.137,1,56
208.191.235.247,51,2724
167.226.47.110,8,480
185.72.27.133,18,720
112.222.174.196,1,32
193.134.113.177,51,3060
193.236.108.48,16,960
195.5.125.162,1,60
250.254.104.47,38,1992
195.219.16.6,41,2220
55.146.129.27,24,1440
48.93.246.234,37,2220
120.223.123.68,20,2462
39.163.40.135,14,840
200.183.215.104,40,2400
213.199.1.226,16,960
194.126.233.6,33,1980
180.127.251.117,1,32
61.141.52.169,16,960
195.28.119.138,31,1728
194.55.73.123,29,1740
210.243.112.120,28,1680
204.54.15.44,3,180
23.87.176.164,1,32
206.150.62.77,23,1380
200.174.128.236,23,1380
159.153.180.3,7,280
208.128.21.173,13,780
208.189.233.138,22,1200
37.229.37.61,21,1260
200.64.106.118,6,360
213.62.204.15,20,1200
177.60.229.92,1,32
217.124.62.116,1,32
185.0.65.16,46,1840
173.233.156.50,1,96
162.62.99.57,1,32
185.72.27.106,59,2360
216.156.253.27,43,2472
193.89.184.78,17,1020
200.236.173.87,12,720
140.205.127.254,2,233
208.182.113.36,29,1740
196.109.235.172,13,780
65.84.7.163,29,1392
78.253.170.73,1,40
197.55.218.223,11,660
200.211.140.88,26,1560
195.79.204.177,10,552
193.162.185.183,35,2100
202.253.181.78,5,252
90.107.110.192,1,32
167.147.114.18,29,1740
195.78.103.135,38,2280
131.152.77.96,25,1500
176.25.10.212,7,280
192.26.198.234,34,2040
218.8.197.201,27,1620
216.145.237.76,32,1920
55.158.134.222,26,1560
131.217.31.194,3,180
37.149.82.220,26,1560
197.210.41.217,25,1500
195.214.64.82,20,1128
46.149.119.251,1,40
192.169.49.255,29,1740
210.125.23.107,15,900
195.217.225.146,17,1020
203.135.90.186,19,1140
177.104.239.198,45,2700
192.158.115.211,34,2040
195.223.35.221,15,900
212.215.90.160,16,960
54.85.77.42,37,2220
202.157.131.164,31,1860
200.66.230.58,22,1320
193.154.3.226,21,1260
219.251.125.24,21,1260
203.57.215.109,22,1320
199.201.140.200,26,1560
51.107.170.235,39,2340
193.80.244.7,38,2280
188.239.176.202,11,660
40.171.171.25,31,1860
194.98.207.103,5,300
58.200.230.26,4,240
208.119.248.194,30,1800
193.212.142.214,2,120
195.140.135.211,29,1740
211.134.221.45,24,1440
194.164.87.125,9,540
212.58.143.77,4,240
202.39.34.119,45,60085
192.143.89.41,26,1560
192.153.71.116,20,1200
230.254.40.230,41,2256
177.68.158.6,18,1080
196.77.78.145,30,1800
199.191.22.193,37,2220
194.55.227.250,31,1668
98.15.235.21,1,32
199.167.165.114,28,1680
194.11.198.155,19,1140
195.219.152.86,7,420
153.47.201.247,7,420
97.237.26.28,13,780
197.54.131.88,7,420
192.61.116.59,29,1740
196.134.74.151,29,1740
81.16.53.106,1,32
167.144.116.203,14,840
193.7.191.29,35,2100
95.47.104.167,1,44
217.111.199.25,50,3000
13.53.13.39,1,32
41.21.22.101,24,1440
216.143.61.170,25,1500
195.60.231.0,28,1680
54.82.130.66,22,1320
167.67.37.77,51,3060
97.237.178.106,21,1260
217.242.152.71,36,2160
167.47.21.72,57,3420
113.213.20.255,1,32
198.166.134.74,27,1620
195.233.88.184,25,1500
167.194.6.112,45,2700
107.21.129.231,1,32
202.168.244.38,37,2220
195.57.106.249,14,840
202.230.211.90,1,32
44.12.51.51,34,2040
41.202.92.205,39,2340
192.87.81.62,40,2400
196.137.89.109,27,1620
37.41.119.54,37,2220
209.58.43.61,9,540
210.169.39.172,39,2340
204.217.165.242,37,2220
204.33.52.244,30,1800
33.60.183.2,23,1380
208.114.154.109,28,1680
39.102.52.150,26,1560
203.220.118.147,5,300
130.199.227.111,17,972
190.125.51.77,1,32
167.51.191.114,29,1740
123.136.82.223,1,32
217.138.87.64,6,360
88.177.205.213,1,32
31.83.175.249,1,32
139.173.142.36,2,80
194.3.211.195,21,1260
51.76.164.65,44,2640
216.136.99.217,25,1500
202.219.70.231,16,960
198.109.206.56,10,600
192.255.35.76,11,660
193.88.224.211,13,780
39.187.96.215,18,1080
202.143.197.177,29,1740
203.187.128.194,11,600
193.240.24.198,36,2160
49.109.179.121,1,52
46.234.223.64,3,452
13.207.51.33,4,285
193.36.88.252,22,1320
113.69.254.27,1,32
177.218.149.50,1,32
193.155.198.169,1,40
126.9.117.49,15,2158
37.17.218.105,1,40
95.242.251.162,19,1140
88.11.63.92,3,120
199.202.159.114,22,1320
189.217.248.195,1,32
172.249.28.110,53,12942
149.148.90.230,1,60
197.235.218.78,1,60
90.215.229.132,1,60
251.90.138.183,21,1260
144.204.224.200,3,469
216.50.123.218,1,32
212.24.20.38,1,32
46.226.141.167,1,32
188.113.138.4,1,32
79.100.36.63,1,32
194.196.119.193,1,40
120.180.155.149,31,1364
62.249.135.231,1,48
167.34.84.157,23,1380
167.57.96.160,1,32
172.249.162.201,11,1847
153.4.3.97,37,2220
167.3.104.92,40,2400
192.27.198.10,25,1500
115.196.213.45,1,40
95.30.197.242,1,32
217.222.94.160,14,840
218.189.167.66,10,480
203.216.85.160,45,2700
202.193.177.225,21,1260
113.5.140.210,1,32
216.93.18.111,4,192
204.207.222.56,27,1620
173.108.39.6,1,32
79.219.203.108,1,32
195.67.247.122,30,1800
81.233.232.61,1,40
104.136.128.27,1,32
17.70.244.115,15,8042
219.126.111.45,1,60
80.136.16.211,1,40
182.132.1.204,1,32
17.203.229.225,27,16563
195.35.186.210,30,1800
93.210.243.111,1,32
203.195.233.93,37,2220
126.30.117.177,26,1560
172.103.188.250,2,80
213.196.130.199,37,2220
199.86.140.184,30,1800
196.169.186.76,24,1440
210.16.153.1,28,1680
45.57.46.182,8,480
64.183.183.251,1,32
221.243.237.156,1,32
210.81.147.77,15,864
213.0.245.60,37,2220
125.33.150.10,1,44
39.15.76.93,1,76
222.165.69.18,5,240
196.139.191.119,25,1500
178.67.109.86,1,60
196.221.138.38,25,1500
167.42.97.213,8,480
200.91.11.205,15,900
213.103.178.14,30,1800
196.180.49.25,8,464
195.161.47.149,8,480
40.48.9.120,23,1380
193.106.3.111,40,2400
180.138.30.187,3,120
167.119.248.56,27,1620
74.105.212.104,1,32
189.153.52.91,1,32
82.166.49.229,1,32
46.125.82.240,1,60
208.177.101.60,29,1740
39.187.31.217,8,480
58.220.176.77,14,840
69.82.242.108,14,840
200.197.91.186,48,2880
38.42.152.165,10,600
167.130.90.193,3,168
216.159.129.92,31,1860
54.56.201.189,37,2220
201.12.154.31,1,32
212.204.87.232,25,1248
216.98.32.113,37,2220
214.110.161.90,28,1680
192.66.28.7,46,2760
71.230.251.249,8,1760
178.168.250.175,4,336
64.150.232.196,1,32
196.216.146.135,41,2208
212.134.194.88,15,900
200.222.91.88,8,480
194.163.217.84,35,2100
39.48.78.250,1,60
196.76.207.146,1,32
195.99.36.143,1,32
202.46.27.16,4,336
195.178.95.247,6,360
58.220.228.121,2,120
202.150.187.189,42,2520
196.180.49.23,6,264
195.197.148.132,22,1320
206.55.152.191,11,660
193.209.253.255,25,1500
195.209.223.208,15,900
91.15.67.6,3,152
196.84.9.217,3,180
36.172.164.162,4,496
32.120.115.32,41,2460
195.193.162.157,43,2580
123.248.131.77,1,32
71.193.91.49,1,32
54.108.198.89,7,420
71.134.89.233,1,32
171.203.157.210,1,32
210.253.224.158,14,840
218.24.183.125,16,960
60.133.18.122,24,1440
192.187.253.106,37,2220
215.200.200.150,10,576
200.131.154.209,24,1440
204.146.120.149,20,1200
58.204.76.169,27,1620
89.108.166.39,1,32
178.46.28.155,1,32
182.28.159.146,1,48
218.26.1.4,1,32
97.192.231.114,18,1080
204.197.112.68,2,96
52.78.224.64,20,1200
192.154.89.101,30,1800
194.236.223.35,4,240
196.102.50.54,54,2928
177.232.213.47,1,32
50.196.77.77,26,1560
196.84.68.252,1,60
73.58.44.250,1,32
54.84.149.60,29,1740
229.52.207.5,43,2580
192.251.71.133,36,2160
167.225.165.24,34,2040
203.61.227.198,38,2280
194.200.225.211,12,720
195.174.193.76,18,912
153.13.6.193,3,180
192.184.103.183,4,240
55.196.170.242,18,1080
32.249.17.36,39,2340
34.199.158.55,27,7970
58.221.76.117,22,1320
196.156.48.143,29,1740
177.63.172.199,23,1380
202.1.167.229,43,2580
199.189.42.223,18,1080
198.127.53.99,19,1140
40.138.154.19,1,32
200.33.109.248,8,432
192.152.217.163,15,900
41.120.193.255,31,1860
167.110.190.142,20,1200
196.208.42.144,8,480
214.50.246.32,8,480
58.221.208.18,16,816
216.141.111.210,23,1380
211.18.197.65,13,780
193.97.30.38,17,1020
39.189.192.125,8,480
216.164.206.55,40,2400
200.192.12.149,40,2400
216.137.46.183,24,1440
192.239.86.100,26,1560
250.247.235.99,45,2700
194.138.238.212,16,960
54.203.186.255,29,1740
97.209.155.211,40,2400
38.53.228.91,29,1740
212.184.18.8,25,1500
195.253.121.222,4,240
192.18.92.20,16,960
95.58.36.73,1,32
61.24.32.220,1,40
107.131.42.31,1,32
201.213.204.181,1,32
87.26.208.134,1,32
12.57.42.249,1,32
188.50.247.185,1,32
181.214.11.184,1,32
212.121.213.46,2,100
220.56.139.22,1,32
54.196.255.8,1,180
173.185.107.22,1,32
20.83.150.23,14,2506
71.230.250.13,1,40
213.248.109.136,1,96
41.18.209.220,1,60
205.58.78.102,1,287
128.44.152.115,2,100
172.103.155.75,4,160
70.76.94.34,1,32
153.26.51.238,5,200
55.175.169.11,40,2400
115.91.20.174,1,52
199.144.93.245,21,1260
109.56.42.71,1,32
70.226.148.67,1,32
210.3.48.104,1,32
192.9.189.191,28,1680
115.70.180.21,35,2100
51.227.221.23,27,1620
185.72.27.97,20,800
217.129.227.15,35,2100
131.212.148.40,33,1980
55.143.239.209,30,1800
115.49.179.99,14,840
193.159.72.112,1,60
40.226.128.234,22,1320
210.125.23.18,28,1680
167.47.201.176,31,1860
199.181.156.116,2,120
192.203.251.199,15,900
151.106.127.201,17,748
188.126.96.39,4,176
189.140.142.82,1,60
192.35.91.46,37,2220
183.154.93.56,1,32
153.5.247.180,12,720
202.148.99.42,30,1800
61.252.52.243,28,1680
204.175.154.168,23,1380
98.214.95.152,14,768
192.7.12.34,13,780
38.40.193.222,12,576
200.131.225.176,9,540
199.91.223.198,28,1680
192.117.115.112,7,420
187.247.112.221,1,32
38.186.226.158,1,113
164.128.252.249,2,80
14.242.51.58,1,32
115.57.164.147,1,58
159.52.41.98,2,80
54.92.115.214,33,1980
88.11.63.79,2,80
194.206.238.74,43,2580
199.165.186.220,23,1380
60.26.29.148,1,32
192.255.153.15,21,1260
55.191.92.93,24,1440
58.223.1.100,22,1320
197.144.114.24,38,2280
204.107.45.156,18,1080
213.71.15.94,34,2040
213.5.223.84,6,360
13.160.52.247,13,2247
71.230.250.91,1,40
95.53.218.103,1,32
48.106.234.163,22,1320
130.199.169.71,39,2340
193.0.105.0,37,2220
192.38.115.70,50,2928
41.162.115.202,5,300
167.23.120.200,33,1980
194.213.161.209,25,1500
66.90.58.108,1,76
121.2.26.209,1,60
103.92.71.216,1,32
194.233.201.5,33,1980
199.203.230.252,24,1440
54.246.121.186,33,1980
49.2.235.177,4,240
55.48.163.183,1,60
176.206.168.241,1,44
215.58.236.147,31,1860
49.124.174.38,1,60
199.185.135.222,23,1380
194.171.209.122,33,1980
115.126.221.72,44,2640
198.253.104.173,23,1380
189.80.157.93,1,32
194.37.152.76,25,1500
195.25.252.104,6,360
54.100.200.28,52,2832
229.51.11.100,12,720
177.37.177.86,42,2520
214.134.239.72,15,900
207.242.55.20,10,600
210.119.62.125,42,2520
167.240.139.211,24,1440
205.132.113.93,18,1080
167.40.11.135,37,2220
212.62.134.165,1,60
115.71.162.103,24,1440
192.42.153.237,34,2040
177.42.185.40,26,1392
200.46.88.120,26,1560
50.155.7.252,30,1800
196.246.116.60,25,1500
215.118.122.170,36,2160
200.249.229.96,43,2580
171.211.150.159,1,60
255.65.252.96,29,1536
193.16.86.111,3,180
195.244.104.86,25,1500
192.124.72.41,34,2040
58.223.77.229,23,1380
56.158.9.243,22,1320
214.239.15.5,20,1200
202.42.39.63,2,120
100.230.113.243,1,40
216.70.229.226,27,1620
60.128.134.60,13,780
54.93.149.234,25,1500
117.121.40.174,1,48
71.230.134.127,4,210
220.36.200.225,1,40
45.57.235.146,1,32
196.194.104.49,2,88
52.247.252.24,1,32
152.51.206.211,1,32
176.59.188.190,3,120
75.178.229.55,1,32
71.8.182.72,1,40
58.213.43.106,1,40
142.101.107.177,1,32
207.242.75.100,41,2460
60.237.19.109,28,1680
181.206.50.87,1,32
217.32.149.238,26,1560
81.109.202.36,29,1160
1.62.129.92,1,58
88.46.165.76,1,44
189.78.79.128,1,32
210.161.165.12,1,32
139.68.202.55,10,400
172.249.162.142,15,1380
130.3.62.21,1,32
40.96.110.5,34,2040
38.61.223.109,21,1260
74.193.187.99,5,330
117.78.108.165,1,52
218.8.49.161,1,32
13.31.167.156,1,76
178.49.2.30,1,40
195.164.11.115,1,32
163.181.110.147,1,40
191.100.224.113,1,32
178.223.108.34,1,40
188.16.206.208,1,32
222.209.100.12,1,40
131.213.210.207,29,1740
193.210.126.136,31,1860
188.92.97.52,1,32
200.81.228.218,25,1500
51.242.100.19,17,1020
39.110.234.128,2,120
74.224.235.49,1,32
47.101.47.249,4,336
185.220.149.126,1,32
60.95.74.3,2,100
184.38.165.186,1,32
184.22.96.189,1,32
94.109.196.16,1,32
116.164.108.184,1,32
3.227.105.136,2,146
200.103.169.67,1,44
140.207.82.111,1,52
95.44.207.144,1,32
5.64.104.151,2,80
78.170.165.247,1,52
178.57.48.128,1,32
213.23.0.54,25,1500
192.79.139.197,24,1440
40.15.247.200,21,1260
218.14.66.186,30,1584
159.179.90.96,2,100
37.213.25.65,1,32
178.223.253.191,1,40
174.142.15.1,1,32
217.60.73.182,7,420
204.156.74.91,3,180
167.156.174.166,29,1740
58.223.91.55,22,1320
134.214.180.168,10,400
178.42.197.90,1,48
77.47.82.144,1,32
93.4.189.125,1,32
58.205.139.158,1,60
66.247.69.62,11,484
117.124.109.5,1,48
222.234.141.3,1,32
119.221.201.144,1,40
180.151.225.93,18,792
209.145.48.90,7,336
203.163.190.69,37,2220
79.127.173.213,1,32
51.160.252.134,3,180
216.132.98.58,21,1260
199.154.185.174,32,1920
212.219.174.84,39,2340
65.223.189.68,11,660
23.90.221.108,1,32
212.179.39.229,7,420
46.80.160.94,2,120
172.211.255.160,1,32
98.221.186.172,3,180
197.19.10.250,26,1560
176.112.119.35,1,44
193.161.6.225,13,780
189.117.245.97,1,44
72.187.173.194,1,32
212.204.168.25,20,1200
115.18.77.25,1,52
189.165.187.210,1,60
197.155.159.112,34,2040
202.146.77.108,43,2580
212.252.225.128,42,2520
177.139.234.23,20,1200
192.48.144.227,8,480
212.144.179.219,24,1440
197.23.177.128,1,32
216.136.154.198,22,1320
97.209.186.87,23,1380
58.220.175.161,9,540
216.152.94.247,32,1920
198.153.220.250,27,1620
153.30.111.64,27,1620
196.180.49.16,7,308
89.209.96.143,1,32
189.141.81.206,1,32
13.160.52.144,8,938
203.78.6.225,39,2340
193.163.133.133,8,480
217.20.217.104,9,540
93.139.255.246,28,1680
58.30.148.96,3,180
202.106.207.97,25,1500
203.217.254.101,31,1860
56.213.184.114,25,1500
167.72.248.209,14,840
121.208.67.138,1,32
192.54.146.66,43,2580
50.253.57.10,20,1200
55.235.126.249,9,540
53.22.174.142,27,1620
55.141.62.58,21,1260
219.43.168.244,14,840
210.114.81.175,12,720
202.92.153.127,35,2100
120.147.68.233,1,40
195.211.88.84,39,2340
42.48.104.190,2,80
212.230.119.102,28,1680
200.17.0.125,14,840
167.163.177.186,24,1440
51.107.236.126,20,1200
42.170.163.216,20,1200
209.34.49.1,51,3060
54.108.122.88,39,2340
203.44.103.85,30,1800
196.184.41.47,29,1740
53.220.83.124,24,1152
195.3.153.129,8,480
193.12.70.184,10,600
91.40.237.52,1,32
183.195.58.50,1,32
20.86.217.72,9,920
110.62.239.75,1,32
114.154.182.169,1,32
195.155.65.19,7,280
89.21.147.109,1,32
63.186.237.214,36,2160
54.113.50.165,24,1440
194.54.126.190,13,780
58.54.177.126,1,48
77.233.141.25,1,58
109.144.82.187,1,32
134.214.180.160,6,252
115.18.20.2,1,32
84.108.62.156,1,32
111.219.238.197,1,76
180.175.170.228,5,365
186.154.191.218,1,32
209.79.86.93,29,1740
65.74.72.228,4,336
108.182.101.1,1,32
209.18.32.17,1,32
199.43.115.65,9,540
75.81.171.226,1,32
183.188.60.2,108,141119
196.180.49.73,8,352
196.169.66.132,24,1440
183.147.219.155,1,40
169.61.235.155,1,32
38.236.34.201,28,1680
200.230.34.232,35,2100
55.202.150.209,10,600
195.55.236.94,23,1380
202.150.208.226,7,420
88.11.63.90,3,120
50.204.199.190,1,32
193.15.63.209,40,2400
173.54.163.159,1,32
193.22.200.218,42,2304
214.41.104.182,34,2040
203.235.71.250,32,1920
164.48.28.75,2,88
88.15.21.161,1,40
14.75.174.117,1,60
72.119.54.25,1,32
52.243.36.141,1,32
201.250.196.189,1,32
209.163.186.216,6,360
172.103.218.223,3,120
214.121.61.57,14,840
31.69.92.3,1,32
195.174.31.50,23,1380
197.28.0.96,8,480
197.188.80.187,26,1560
13.31.47.107,2,146
84.181.40.195,1,40
39.63.15.106,30,1800
195.235.26.216,27,1584
195.55.187.28,8,480
175.227.253.10,1,32
231.150.62.134,36,2160
198.104.69.70,51,3060
133.150.151.221,10,600
202.147.143.52,3,180
18.182.99.194,25,3858
195.141.0.0,1,60
114.174.54.72,1,40
194.200.65.240,37,2220
208.28.189.20,22,1320
179.253.168.226,1,32
210.40.123.218,2,120
119.53.243.148,1,32
173.79.226.164,1,32
89.225.167.57,1,40
167.148.120.214,14,840
159.137.149.121,7,280
216.138.96.183,7,420
185.126.164.186,7,405
122.57.162.86,1,44
208.149.109.129,20,1200
202.138.222.86,1,52
194.244.227.135,32,1920
209.247.96.175,36,2160
202.122.150.172,20,1200
209.68.151.139,41,2460
213.193.170.35,22,1320
107.180.46.205,367,548165
167.179.61.180,13,780
212.62.250.130,35,1896
204.142.198.23,35,2100
85.110.111.108,7,6174
153.4.3.198,9,540
194.223.73.191,18,1056
192.25.24.235,30,1800
195.78.49.82,20,1200
130.170.246.203,3,180
209.107.0.72,22,1320
82.33.106.191,3,132
199.167.16.207,35,2100
229.52.216.220,19,1140
54.100.74.119,21,1260
200.177.101.66,17,1020
209.176.239.177,36,2160
197.219.154.174,25,1500
112.12.11.213,1,32
39.128.215.126,30,1800
177.82.100.240,25,1500
196.106.73.176,1,48
111.182.90.124,1,32
81.29.95.91,1,32
203.12.93.44,25,1500
142.161.168.60,2,80
197.40.131.44,34,2040
203.219.4.205,20,1200
113.28.103.57,1,44
190.199.168.132,1,32
167.0.162.14,35,2100
39.172.110.5,14,840
51.136.143.51,28,1680
31.68.36.215,1,32
120.223.32.176,1,60
204.201.106.189,31,1860
203.42.252.151,32,1920
82.33.106.190,6,264
202.158.7.64,34,2040
209.106.177.144,19,1140
203.148.220.252,6,360
199.195.58.214,14,840
177.170.40.77,1,96
196.44.82.193,1,32
220.54.122.180,1,32
194.56.29.49,20,1200
115.124.203.55,40,2400
78.207.38.38,1,32
172.249.28.99,3,152
203.184.92.80,9,540
93.211.250.199,1,32
83.197.200.208,1,32
113.150.33.78,1,76
131.208.175.78,35,2100
203.204.80.96,11,660
194.242.140.215,4,240
200.254.115.16,11,660
200.197.110.96,27,1620
195.0.231.187,26,1560
193.190.248.185,20,1200
38.186.226.190,44,66000
40.29.20.213,17,1020
92.190.244.157,1,56
167.88.101.146,22,1320
200.223.138.229,7,420
112.239.142.162,1,52
109.35.124.32,1,60
109.33.209.167,2,100
52.15.45.84,2,146
124.253.125.106,1,32
58.204.193.147,22,1320
190.112.39.130,1,32
181.102.207.13,1,32
188.36.25.149,1,32
96.62.165.27,1,32
92.67.254.131,20,800
167.124.190.231,20,1200
208.147.102.127,49,2688
121.220.100.223,1,52
73.236.26.140,1,32
98.217.127.201,22,1296
182.247.70.222,1,48
207.92.158.29,1,32
54.202.86.235,1,60
106.49.23.96,1,76
83.45.100.109,1,40
178.245.139.77,3,120
195.93.221.181,12,720
49.220.206.72,1,48
202.165.138.0,14,840
197.34.40.129,1,40
203.214.206.144,16,960
167.82.250.103,2,120
133.94.180.90,34,2040
41.242.91.35,22,1320
167.158.134.106,16,960
197.251.134.194,4,240
202.131.181.249,31,1860
177.90.192.203,33,1980
192.126.21.202,61,3312
199.238.122.33,37,2220
143.192.74.80,7,2219
192.245.6.238,2,1306
18.213.243.118,11,5729
206.190.44.207,1,32
194.178.145.117,25,1500
202.62.170.211,1,32
192.23.214.163,21,1260
195.27.17.252,21,1260
207.186.128.101,10,600
125.169.119.178,1,32
194.65.213.1,1,40
205.48.8.37,5,300
216.4.17.78,1,60
23.219.213.41,2,80
77.247.249.213,1,60
27.248.0.64,1,32
58.221.121.247,17,1020
122.175.58.226,1,32
178.185.104.75,12,528
48.57.164.117,6,360
229.54.147.141,5,300
229.54.190.128,2,120
208.176.208.191,35,1848
199.191.50.39,4,240
200.8.28.213,25,1500
58.205.182.148,1,60
200.181.223.185,4,240
38.165.190.90,65,3492
192.249.142.94,19,1140
189.163.230.38,1,32
41.153.70.241,27,1620
199.222.111.32,7,420
203.135.97.100,20,1200
198.14.171.121,9,540
51.77.253.14,1,48
200.59.49.247,1,32
194.203.86.164,11,660
42.225.243.81,1,40
207.37.107.212,1,32
92.190.217.12,1,56
52.6.54.107,3,228
203.193.129.234,18,1080
51.30.226.196,24,1440
195.34.29.45,25,1500
199.221.118.107,23,1284
199.239.84.252,32,1920
193.13.74.119,1,60
92.190.148.4,1,56
98.245.18.215,5,300
195.25.115.50,20,1200
202.211.33.238,35,2100
209.3.24.220,33,1980
55.141.208.173,13,780
92.190.219.168,1,56
200.17.231.114,1,60
70.77.221.235,1,32
139.173.141.211,2,80
119.28.48.195,1,40
66.189.254.33,1,32
141.104.226.65,1,32
217.149.254.136,1,32
75.105.202.145,1,32
81.245.209.20,1,32
67.79.107.5,1,32
92.190.148.46,1,56
78.64.226.88,1,32
192.49.194.34,3,120
126.217.112.173,4,356
194.149.74.177,1,96
54.35.171.41,5,313
148.245.1.214,1,32
105.129.232.122,1,32
37.17.172.10,1,40
204.98.252.76,12,720
75.87.158.214,1,32
172.102.230.184,1,40
185.104.111.133,5,280
208.116.112.99,3,168
88.11.63.71,2,80
211.162.96.250,33,1980
151.19.207.231,1,32
167.255.167.0,21,1260
186.104.13.21,1,40
92.190.217.189,1,56
196.180.49.10,9,261
92.190.216.177,1,56
168.129.145.193,3,1799
112.187.11.187,1,32
118.197.2.28,1,32
132.144.136.47,58,3108
92.54.50.5,5,420
172.87.139.96,1,32
84.78.25.218,1,32
221.227.124.197,1,32
64.65.244.246,4,160
50.159.242.126,6,336
200.38.41.22,14,840
209.151.100.162,2,120
92.190.245.38,1,56
40.97.44.4,38,2280
219.112.248.118,15,900
92.190.247.141,1,56
216.145.107.246,30,1800
39.37.166.138,30,1800
212.202.55.99,26,1560
92.190.241.176,1,56
185.99.97.210,1,32
39.53.226.189,19,1140
192.80.173.26,12,720
217.241.128.61,8,480
188.250.81.234,37,2016
174.172.12.19,2,80
193.153.90.190,29,1740
221.136.101.2,1,32
198.98.21.216,6,360
216.74.78.206,9,540
194.41.172.48,13,780
48.68.141.11,17,1020
176.63.8.80,1,32
195.206.107.214,22,1320
93.8.137.122,1,40
167.165.209.58,42,2316
119.77.185.202,1,48
190.40.95.106,1,32
108.138.184.214,1,32
172.103.170.212,2,80
162.12.144.40,5,200
71.230.250.40,1,40
213.167.254.144,1,60
167.178.130.81,40,2400
92.190.241.1,1,56
88.226.154.220,1,32
203.253.174.92,25,1488
175.250.235.158,1,32
92.190.217.244,1,56
80.169.249.8,1,32
92.190.243.106,1,56
191.58.75.117,1,32
92.190.216.255,1,56
193.77.248.183,15,900
88.23.150.134,1,32
216.153.233.73,7,420
167.136.156.41,28,1680
118.186.181.246,1,32
167.216.199.173,32,1920
108.73.145.107,8,788
211.176.108.28,39,2340
185.72.27.142,27,1080
194.112.30.193,11,660
196.93.171.117,46,2676
46.228.101.37,9,396
199.218.214.140,15,900
167.38.66.185,8,480
98.255.72.80,24,1440
167.104.138.242,12,720
210.136.15.43,1,32
209.83.59.90,36,2160
40.26.150.61,2,120
92.190.242.149,1,56
167.157.8.3,1,60
92.190.217.107,1,56
98.229.128.196,1,32
42.129.144.28,2,80
195.97.210.91,13,780
194.165.31.102,28,1680
216.96.146.38,45,2700
24.81.216.20,1,32
217.62.36.133,1,32
125.99.144.33,1,44
197.5.237.49,11,660
195.142.5.152,9,540
167.130.73.78,15,900
54.67.66.155,36,1920
92.190.217.113,1,56
119.206.78.202,1,40
185.21.93.223,3,120
83.144.144.5,5,420
222.166.153.1,2,80
47.186.20.230,1,32
92.190.247.236,1,56
95.203.26.198,1,32
13.4.142.54,17,1725
54.224.186.133,1,32
39.75.85.124,18,1080
193.125.44.157,25,1500
111.161.128.172,1,32
196.140.18.234,1,32
93.71.137.183,25,1500
208.123.196.120,1,32
63.225.166.119,1,32
80.183.27.130,1,32
185.126.164.187,5,220
92.190.241.190,1,56
97.229.138.160,27,1620
84.70.74.233,1,32
202.143.45.43,15,900
82.111.167.178,1,32
58.205.138.91,29,1740
31.105.240.26,1,32
80.13.47.113,1,32
212.134.80.134,4,240
1.143.60.131,1,48
48.17.129.167,7,420
69.161.64.171,2,120
192.47.105.45,7,420
60.126.231.138,30,1800
199.178.19.29,1,60
111.165.201.51,1,52
51.159.32.35,25,1500
199.195.101.159,22,1320
192.65.205.140,11,660
79.137.88.251,1,32
70.184.120.97,1,32
188.167.26.137,1,40
192.146.147.32,18,1080
17.147.94.137,10,3719
215.241.28.31,2,120
45.33.61.188,2,80
73.14.127.242,1,32
187.78.142.232,1,32
177.88.25.228,1,32
92.190.216.7,1,56
203.18.235.196,1,56
113.146.99.69,1,76
68.157.248.161,1,32
217.146.204.231,1,32
205.104.226.49,1,32
58.249.190.59,11,6015
89.248.132.144,1,60
193.30.217.50,14,840
208.122.208.194,14,840
195.166.89.217,10,600
94.104.249.181,2,80
200.244.143.71,51,3060
210.100.100.110,2,96
211.249.84.18,1,64
83.253.200.189,1,40
88.11.63.89,2,80
104.77.248.229,1,95
59.20.80.10,1,32
192.35.110.114,37,2220
196.190.204.158,10,528
255.192.203.192,14,672
194.119.7.88,30,1800
200.66.23.179,13,780
167.194.74.10,33,1980
97.173.23.116,13,732
66.98.98.63,1,32
203.245.32.93,23,1380
209.24.169.193,8,480
219.40.106.41,3,180
192.49.201.102,3,120
189.75.140.222,1,32
87.197.58.168,1,32
92.190.240.33,1,56
186.78.24.2,1,56
37.139.128.35,18,1080
110.234.127.68,1,32
192.219.239.33,24,1440
203.56.179.186,22,1320
187.232.156.190,1,60
172.249.25.186,37,3073
123.203.62.115,1,40
199.198.151.231,8,480
17.193.180.115,2,152
71.44.235.128,1,32
36.173.66.198,1,60
64.130.197.150,1,32
193.110.80.175,26,1560
201.142.152.116,1,32
32.213.204.144,19,1140
194.216.2.75,30,1800
199.63.28.94,19,1140
185.136.83.126,1,56
167.160.247.163,35,2100
194.120.87.46,31,1860
217.122.84.208,20,1200
211.125.58.53,37,2220
213.63.101.72,40,2400
192.142.139.25,31,1860
219.212.88.99,41,2232
167.123.227.210,19,1008
84.176.139.41,1,32
211.155.80.131,24,1440
219.177.135.127,2,96
113.149.99.108,1,40
91.106.222.161,1,60
179.135.174.12,1,60
92.242.247.0,1,32
197.209.47.144,7,420
60.120.52.67,1,32
27.63.162.81,1,32
47.244.10.123,4,336
185.184.82.194,4,160
138.221.254.166,3,120
200.183.241.0,14,840
194.89.150.127,15,900
71.84.255.92,29,1740
202.14.84.135,36,2160
209.225.97.75,25,1500
36.23.68.170,1,32
217.98.218.241,14,840
52.121.218.158,1,32
84.77.131.77,1,32
201.76.98.207,1,60
182.98.1.132,1,52
177.235.229.189,1,40
87.62.150.252,1,40
60.84.23.113,2,80
41.191.234.245,1,32
217.210.249.245,1,32
93.93.206.106,1,32
199.236.183.182,23,1380
64.22.164.131,2,104
12.22.98.162,1,32
216.52.238.177,1,32
194.71.21.138,25,1500
172.249.30.145,9,1349
203.57.213.126,64,3648
97.7.143.51,1,56
212.183.68.243,1,32
200.16.222.122,31,1860
2.206.48.191,1,32
214.178.181.5,61,3384
58.205.133.29,29,1740
203.250.26.23,34,2040
82.176.203.83,1,32
117.205.210.13,1,52
178.162.51.129,1,32
58.28.107.240,1,32
218.99.215.8,1,40
190.30.228.186,1,40
71.230.250.235,1,40
78.64.83.43,1,44
97.14.16.180,19,1140
167.123.247.108,1,60
86.231.248.43,1,32
203.19.247.107,2,104
178.222.228.248,1,40
58.215.159.189,24,1440
54.181.88.237,4,232
194.92.130.238,29,1740
167.130.172.253,18,864
193.215.251.56,40,2400
201.177.46.154,1,40
92.194.248.100,1,32
216.137.144.3,28,1680
192.158.197.4,16,960
185.162.79.12,1,40
172.249.29.78,7,1014
192.154.246.14,6,360
254.82.22.82,12,720
212.166.164.203,27,1620
199.59.245.118,17,1020
98.204.249.28,10,600
56.156.60.50,20,1200
39.128.27.59,27,1620
209.132.184.129,1,32
38.156.26.248,34,2040
60.22.235.220,1,32
90.44.64.20,1,40
59.14.245.105,1,40
24.30.249.193,1,32
150.30.233.78,1,60
119.219.165.171,1,60
210.49.226.45,1,32
204.215.101.132,21,1260
167.135.159.87,31,1860
165.116.248.159,3,120
94.109.206.65,5,220
193.115.253.103,21,1260
94.162.44.15,1,32
112.236.238.65,1,32
88.217.95.62,1,32
80.56.54.82,1,40
180.41.229.7,1,32
185.42.112.102,3,187
207.71.174.158,13,780
79.156.223.213,1,40
208.114.229.191,1,60
152.222.90.210,1,32
188.90.103.100,38,2280
80.118.167.180,27,1620
46.185.16.54,1,40
58.204.7.100,1,52
103.253.187.86,4,172
130.48.133.198,6,360
204.65.197.29,36,2160
208.113.174.72,34,2040
47.244.11.250,94,134219
193.209.23.239,31,1860
197.61.41.152,1,40
162.10.171.10,1,32
87.69.186.82,1,32
199.165.209.117,8,480
222.139.43.57,1,32
111.179.157.192,1,32
91.129.53.157,1,32
200.59.232.184,23,1380
73.191.85.217,1,32
51.61.206.224,3,180
209.207.201.170,28,1680
204.33.170.65,7,420
51.220.89.28,13,780
37.126.63.87,1,32
204.50.196.3,15,792
14.59.43.45,1,32
60.192.13.142,1,32
217.180.103.22,67,100336
37.231.112.17,65,3516
200.4.41.128,25,1500
183.161.174.50,1,60
93.130.158.115,1,32
113.62.224.121,1,52
120.209.71.142,1,32
45.57.101.119,17,1020
55.198.242.249,10,600
183.99.173.225,1,76
68.74.225.182,1,52
167.203.37.180,22,1320
194.77.25.201,36,2160
14.157.17.193,1,32
186.105.66.38,1,40
197.129.1.9,1,40
172.107.64.170,1,32
172.249.30.62,2,104
193.136.96.29,20,1200
61.119.204.187,1,32
193.212.81.47,22,1320
152.55.115.2,1,32
216.143.214.5,2,96
58.223.85.41,21,1260
194.75.117.220,1,32
81.203.131.74,1,44
198.164.102.189,6,360
208.97.165.197,20,960
92.15.233.158,1,40
113.89.188.101,2,80
192.212.98.238,2,1430
209.238.124.254,5,220
35.72.235.206,1,32
185.72.26.0,14,560
43.211.18.126,1,40
98.245.147.244,5,300
125.200.73.213,1,32
198.111.5.86,43,2580
58.175.104.133,1,32
153.9.194.162,7,420
36.19.20.182,1,52
104.147.148.41,1,32
58.223.75.211,34,2040
192.65.83.200,18,1080
103.72.104.106,1,44
222.106.197.21,1,32
203.168.106.255,8,480
202.243.88.251,28,1680
167.139.227.177,1,60
172.249.30.182,2,92
37.17.212.188,1,40
139.173.152.137,2,80
81.92.45.86,1,32
185.48.173.62,43,1720
102.195.230.24,1,32
211.104.203.213,7,420
98.31.204.162,7,420
218.190.187.219,12,720
55.145.156.196,27,1620
88.64.107.226,1,32
193.44.116.153,8,480
66.203.70.31,1,40
48.134.15.141,36,2160
193.123.47.93,13,780
185.0.65.10,17,680
176.222.197.92,1,32
82.81.208.248,1,32
199.135.213.7,18,1080
167.185.97.76,1,32
195.143.23.50,30,1800
172.249.30.49,19,21157
38.184.255.166,1,32
69.133.225.232,6,312
204.43.198.105,22,1320
94.193.45.87,1,32
24.117.56.93,1,32
123.149.159.46,1,32
115.79.160.11,28,1680
126.237.86.67,5,606
195.67.43.246,32,1920
202.173.32.89,9,540
106.61.92.247,1,48
113.61.188.26,1,60
153.84.61.31,1,32
17.193.180.116,2,152
82.66.77.62,1,32
195.48.239.232,27,1620
142.161.196.17,11,440
189.97.216.154,1,48
58.74.197.106,1,44
193.108.67.247,2,120
124.239.172.147,1,32
187.109.208.127,1,44
184.14.91.58,3,529
113.13.241.32,1,32
197.49.92.6,32,1920
196.189.55.110,16,960
124.229.210.247,1,132
211.22.220.177,7,420
204.50.252.141,4,240
139.173.134.7,3,120
80.25.172.1,1,60
116.138.250.70,1,52
172.103.13.52,5,290
174.196.20.193,1,32
5.30.219.1,1,32
200.66.6.136,24,1440
200.82.251.127,31,1860
59.65.97.129,1,32
185.72.27.26,207,8280
193.30.62.123,20,1008
216.131.78.205,44,2640
120.118.224.119,30,1800
202.47.42.210,19,1140
197.53.183.214,1,32
167.158.243.2,23,1380
48.105.192.71,4,240
27.238.23.139,1,40
78.64.16.165,1,44
121.117.7.220,3,120
221.120.112.25,1,32
58.72.215.247,2,80
173.170.114.223,1,32
83.239.144.230,1,52
13.161.234.163,16,23240
219.15.184.25,1,32
123.145.74.89,1,132
210.102.80.167,1,32
113.65.142.113,1,32
118.99.254.254,1,60
199.217.65.205,29,1740
193.214.110.152,19,1140
104.3.43.52,1,32
196.180.49.21,7,308
167.235.84.206,2,96
167.140.198.223,19,1140
51.143.185.211,10,600
193.136.233.246,18,1080
77.85.147.146,1,44
66.63.26.177,1,40
81.215.123.186,1,44
183.148.148.35,1,32
178.245.140.137,15,600
173.61.48.83,1,32
195.183.159.239,7,420
73.11.254.98,1,32
125.190.127.106,1,60
173.221.71.31,4,240
54.48.82.39,1,76
210.98.89.96,31,1860
195.140.255.215,29,1740
186.228.60.25,2,80
125.169.84.252,1,32
199.191.96.90,18,1020
77.138.96.23,1,32
209.218.27.80,3,180
212.134.16.188,16,960
175.101.85.70,4,217
194.120.136.208,31,1860
47.83.245.252,1,32
18.212.249.219,1,32
199.200.205.193,20,1200
146.252.210.158,1,32
5.188.105.101,3,308
3.151.110.39,1,32
195.203.181.174,35,2100
46.57.136.86,1,48
89.90.44.136,1,32
40.109.98.228,25,1500
32.173.148.58,29,1740
202.126.93.14,18,1080
216.140.155.45,23,1380
182.99.23.150,11,440
27.45.72.107,1,40
213.141.84.126,22,1320
177.221.214.59,28,1680
202.5.91.128,4,240
213.70.208.161,16,768
115.135.128.90,1,32
203.179.197.28,1,32
192.95.143.46,10,600
193.220.238.216,10,600
190.91.1.85,2,80
222.152.3.25,1,44
98.221.181.158,25,1500
133.177.66.176,16,960
35.68.159.219,1,52
167.220.64.185,11,660
41.222.113.39,26,1560
209.31.80.32,31,1860
217.28.36.67,2,120
162.11.237.42,2,255
112.59.184.198,1,32
41.25.143.71,12,720
167.40.44.20,32,1920
217.28.254.100,3,180
98.239.240.163,20,1200
115.82.111.97,1,40
175.161.115.252,1,32
194.231.84.206,23,1380
186.99.192.129,1,32
195.8.52.220,1,32
116.213.219.21,1,32
118.119.230.177,1,32
58.220.162.23,21,1212
167.5.31.47,18,1080
193.136.22.130,16,960
213.141.86.67,17,1020
31.76.235.229,1,32
133.200.138.251,13,3320
186.23.223.101,1,56
24.172.148.85,1,32
178.103.29.87,4,160
204.112.12.8,20,1200
213.168.85.198,1,32
210.16.155.110,4,240
83.240.32.36,1,32
195.44.10.175,38,2280
231.151.156.30,15,900
180.179.4.232,1,32
198.44.169.24,15,900
60.91.40.82,7,420
215.139.220.99,6,360
219.223.180.180,6,360
195.128.137.203,17,1020
116.25.184.17,1,48
94.206.243.93,1,40
24.155.0.134,1,32
3.238.160.60,5,4055
188.55.115.97,1,32
98.217.147.77,7,420
204.169.188.49,6,360
196.139.15.143,10,600
106.40.114.35,1,40
107.114.56.203,1,32
177.213.91.83,1,32
188.216.131.147,1,32
90.192.250.189,1,32
115.31.211.53,1,64
123.132.111.119,1,52
190.164.226.235,1,32
194.120.157.170,1,40
14.101.139.213,1,32
88.239.20.85,1,32
45.112.206.67,1,40
196.180.49.13,1,45
192.245.115.184,29,1740
149.148.161.250,1,60
118.250.58.43,1,32
66.36.66.185,6,360
205.58.72.119,1,287
216.188.6.99,13,780
125.249.117.214,1,40
179.189.15.84,1,32
41.170.164.78,19,1140
58.17.4.82,10,600
192.75.161.148,9,540
212.28.99.141,2,108
71.230.183.142,4,206
88.11.63.74,3,120
76.143.36.17,2,100
203.135.29.135,8,480
193.136.246.147,24,1440
54.110.80.37,54,3240
151.5.37.170,1,32
118.248.121.63,2,80
193.65.128.83,26,1560
123.203.127.252,1,52
77.6.107.31,1,32
197.50.202.27,22,1320
34.237.151.202,1,60
27.237.40.189,1,52
125.205.225.96,1,52
91.167.208.170,1,32
208.226.91.229,25,1500
113.37.207.254,1,60
153.6.92.140,7,420
5.64.104.130,1,40
64.185.217.121,1,60
94.229.226.220,1,32
60.108.55.149,1,32
152.59.52.87,1,40
17.193.180.251,2,152
125.239.23.100,1,60
203.172.195.9,18,1080
185.72.27.53,12,480
55.230.203.13,32,1920
197.6.253.182,20,1200
102.161.125.250,1,32
120.205.156.92,1,32
128.36.203.192,1,32
90.15.29.253,1,32
190.0.152.94,1,32
178.222.239.22,2,80
85.37.136.89,1,48
221.216.113.122,1,32
33.124.67.253,25,1500
203.149.28.189,31,1860
56.70.192.127,5,300
204.175.41.102,30,1800
184.2.30.85,1,32
198.92.189.68,26,1560
55.185.229.163,28,1680
58.26.195.94,2,80
113.104.226.17,1,40
35.88.184.115,1,32
188.98.210.208,1,32
88.85.81.44,1,32
27.230.157.125,1,32
50.17.154.148,1,32
5.75.30.51,1,40
98.234.249.150,14,840
110.97.82.218,1,32
141.149.144.233,6,1145
80.193.229.38,1,32
40.3.242.29,15,900
167.251.239.164,14,840
125.44.91.82,1,32
104.61.79.6,1,32
113.40.5.238,1,48
24.53.154.82,1,32
185.184.83.21,11,440
62.221.172.9,1,32
40.119.201.182,22,1320
211.236.126.183,1,40
177.118.199.197,1,32
103.108.158.231,2,298
209.8.10.188,6,360
199.241.186.8,3,180
213.200.82.47,7,420
45.232.96.77,6,360
211.129.121.199,1,48
167.42.29.149,16,960
178.28.148.75,4,160
84.79.148.47,1,32
27.232.238.187,1,32
217.199.101.183,1,32
83.235.220.116,1,32
8.216.200.221,9,5245
180.122.206.196,1,44
14.233.184.13,1,40
212.217.219.9,37,2220
153.37.25.199,28,1680
210.249.94.37,5,300
167.178.185.37,2,120
156.37.82.104,1,40
180.95.97.135,1,52
172.249.31.64,1,52
211.178.252.250,1,60
89.30.160.185,1,32
215.194.40.219,17,1020
192.145.232.158,2,120
55.173.154.125,4,240
41.248.234.1,1,32
210.100.100.103,1,48
167.24.138.224,52,2820
199.225.3.19,22,1320
35.87.173.43,1,32
3.232.223.28,1,73
82.222.210.176,8,320
41.170.165.212,1,60
101.186.89.199,1,32
93.7.101.103,1,32
47.110.79.37,1,32
203.133.136.162,2,704
139.173.190.205,3,120
144.79.64.151,1,44
204.172.252.50,3,180
121.170.110.19,1,32
194.162.155.247,18,1080
167.172.93.11,33,1980
213.183.195.161,1,60
222.186.53.35,6,240
91.113.65.57,1,48
5.189.48.165,1,60
185.72.26.45,8,320
178.111.33.45,1,32
191.183.175.40,1,32
118.30.163.197,2,96
114.240.11.38,1,32
76.70.202.29,1,32
172.199.20.128,1,32
153.54.249.252,3,180
36.23.127.20,1,32
124.65.240.243,1,32
33.123.69.74,32,1920
211.129.121.202,36,2148
200.161.92.203,31,1860
194.178.195.198,9,540
158.250.235.231,3,308
197.188.102.229,21,1260
200.33.99.160,31,1860
52.214.72.131,18,6206
1.0.102.154,1,40
204.174.211.4,7,420
201.146.198.77,1,40
178.82.184.71,1,40
115.168.238.122,1,32
214.129.146.48,9,540
41.36.207.69,1,40
200.79.43.51,24,1440
93.35.95.139,1,32
194.210.90.130,10,600
123.182.105.147,1,76
40.203.68.91,16,960
187.108.96.171,1,40
2.182.172.169,9,360
205.95.199.254,11,528
45.178.190.17,22,1320
203.135.42.151,41,2460
219.116.151.27,5,240
212.176.206.209,1,32
111.194.130.213,1,40
62.229.187.186,1,32
92.56.148.190,1,32
109.233.36.236,1,32
67.254.38.46,1,32
172.76.199.28,18,9066
121.209.168.40,1,40
196.122.173.151,24,1272
192.43.29.162,9,540
93.185.68.77,1,32
157.42.45.144,1,40
183.97.48.83,1,40
187.252.216.193,1,32
165.229.141.192,5,200
197.32.129.2,20,1200
39.133.152.83,17,1020
195.32.193.20,4,240
185.72.26.108,2,80
17.192.162.207,1,105
54.178.102.52,1,32
205.58.74.103,1,173
197.206.46.254,4,240
74.47.213.109,1,32
82.202.74.209,1,60
35.69.58.140,1,52
172.118.165.39,1,32
102.184.89.253,1,32
91.250.228.225,1,60
193.209.17.24,4,240
212.38.2.73,1,32
18.178.133.117,1,76
172.103.186.49,1,40
192.147.25.150,34,2040
204.214.231.32,4,240
212.10.212.190,2,64
13.207.124.224,1,76
217.2.41.253,1,52
108.73.145.146,12,942
194.88.251.53,3,180
23.43.101.173,1,32
192.137.167.207,27,1620
97.36.74.150,1,32
104.114.185.181,1,32
131.247.13.236,4,240
212.183.28.210,36,1728
70.18.171.162,1,32
196.180.49.17,8,544
195.195.120.121,29,1740
198.243.21.140,60,3348
193.20.235.253,3,144
185.127.93.32,1,40
60.145.148.237,1,32
42.0.105.66,7,420
58.184.13.215,1,32
202.53.119.41,1,52
172.103.131.213,3,120
45.57.68.45,2,120
191.181.111.62,1,32
144.103.44.130,4,496
191.252.114.63,1,40
80.72.123.230,1,32
183.128.248.208,1,32
1.64.58.213,1,32
79.253.237.45,1,32
222.174.164.162,1,56
212.134.230.175,3,180
193.131.250.118,16,960
81.201.207.49,5,360
222.176.3.21,2,256
78.93.244.153,1,44
98.243.31.253,24,1428
197.55.239.181,8,480
98.216.27.196,13,780
49.51.129.52,1,32
182.190.13.189,1,32
196.183.123.114,4,240
199.164.192.183,16,960
199.88.238.206,23,1380
118.91.128.152,1,40
209.180.110.110,37,2040
71.176.126.108,1,32
52.18.248.74,14,10747
131.242.228.231,6,360
214.202.56.208,35,2100
196.180.49.15,7,224
196.117.53.43,20,1200
198.84.25.174,10,600
131.222.98.28,5,276
178.222.229.153,1,32
196.180.49.24,6,264
71.230.146.69,4,176
189.131.192.155,1,32
85.6.154.115,1,44
162.11.165.172,1,32
71.198.39.127,1,32
71.63.2.4,1,32
27.49.171.63,1,32
179.92.203.40,1,40
112.239.233.47,1,60
202.38.69.36,6,360
200.175.107.248,1,60
45.238.80.240,23,1380
63.92.33.55,2,120
71.230.250.55,3,120
216.68.133.202,13,2034
159.137.197.133,5,200
61.127.111.187,1,76
213.11.37.126,3,432
192.209.175.198,6,360
61.227.160.22,1,32
54.171.237.24,14,840
95.166.71.179,1,32
38.157.251.79,1,32
195.98.96.213,3,180
110.149.139.43,1,40
23.94.228.179,3,218
189.209.96.154,1,40
193.14.114.80,25,1500
82.28.62.75,1,32
1.99.192.142,1,48
186.61.52.84,1,32
202.132.131.142,34,2040
112.164.173.200,1,32
54.210.90.234,1,52
208.116.120.146,17,1020
111.73.2.102,2,104
213.234.52.117,1,64
195.0.161.210,35,2100
73.124.13.91,1,32
186.217.145.161,1,32
104.64.235.20,1,32
215.243.30.226,4,240
193.242.157.122,10,600
79.165.107.35,1,32
125.66.253.104,1,32
109.42.221.122,3,120
171.168.140.106,1,32
204.38.183.194,28,1680
222.118.186.100,1,40
210.163.227.55,1,104
169.47.131.116,1,40
112.180.244.253,1,32
43.203.92.234,2,116
91.56.33.93,1,32
193.76.132.85,1,56
132.11.69.33,31,1860
119.86.76.127,1,48
42.88.241.114,1,76
194.167.11.192,1,60
133.67.255.84,13,780
151.248.208.83,1,32
66.145.161.79,4,240
82.238.148.14,1,32
118.62.17.117,1,32
212.49.37.250,5,300
216.68.133.145,5,423
71.230.250.139,2,80
61.65.220.104,3,132
193.73.99.235,9,540
114.48.195.182,1,32
123.166.101.241,1,32
216.32.132.157,1,32
196.84.173.96,8,480
176.95.97.130,1,60
103.13.173.97,1,40
52.66.107.2,1,32
83.74.235.5,1,32
115.127.223.0,37,2220
213.191.141.111,30,1800
210.100.100.98,1,48
193.53.20.55,1,48
73.144.101.231,1,32
193.222.30.180,8,384
197.218.100.185,5,300
156.36.84.92,1,40
61.114.84.36,1,32
66.121.11.182,1,32
39.1.149.152,1,48
91.6.84.41,1,60
60.128.16.88,1,40
75.149.192.134,1,32
203.160.241.207,40,2400
199.38.130.191,11,660
183.84.235.208,1,32
66.249.182.82,3,862
58.238.168.213,1,32
90.175.229.172,1,32
203.60.75.135,1,32
201.34.81.96,1,32
61.101.33.173,1,32
192.129.129.2,13,780
192.184.57.211,8,480
50.60.126.8,1,32
196.180.49.79,5,220
69.113.156.30,1,32
194.201.18.169,18,1080
200.139.227.75,15,900
199.222.81.70,7,420
5.255.141.187,1,60
94.247.120.17,1,32
205.69.32.181,22,1320
74.193.190.141,12,1675
209.247.100.176,4,240
83.221.226.78,1,32
221.28.176.5,1,32
131.232.77.155,24,1440
216.137.195.90,29,1740
195.46.125.143,31,1860
254.208.40.194,28,1680
5.64.104.136,2,80
78.55.223.61,1,32
220.75.49.104,1,32
62.241.209.162,1,32
156.100.2.133,1,40
196.180.49.188,9,396
197.96.186.34,9,540
61.212.110.58,1,40
5.64.104.129,3,120
159.153.63.111,7,1012
195.33.84.154,1,32
103.102.217.163,1,32
23.36.84.42,1,32
202.41.113.101,1,32
190.92.229.45,1,32
52.248.85.186,1,76
167.110.25.147,33,1980
200.82.162.169,13,780
183.98.184.193,1,52
216.68.133.149,18,2475
91.34.246.124,1,32
195.14.23.171,5,420
58.205.223.190,30,1800
218.220.162.90,1,32
134.214.55.84,4,160
17.172.62.11,3,309
60.88.20.2,1,32
188.99.178.20,1,32
107.21.121.86,1,175
145.149.107.250,1,32
54.133.52.69,2,80
185.58.120.116,1,40
112.31.12.66,1,60
192.114.149.210,10,600
123.12.120.122,1,32
221.134.171.195,1,32
196.180.49.43,1,45
52.123.235.13,8,480
193.142.113.149,13,780
119.137.191.187,1,32
174.240.193.230,1,32
129.196.178.254,1,56
51.184.48.122,25,1500
66.252.7.195,1,56
142.248.188.140,14,8077
219.63.182.96,9,540
167.124.9.151,10,600
179.216.59.22,1,32
194.140.150.203,15,900
181.19.248.68,1,32
41.166.29.21,1,60
208.121.179.119,4,240
61.120.223.102,16,960
186.42.64.34,1,32
123.107.206.95,1,60
221.32.218.6,1,32
39.174.106.71,5,300
23.115.241.244,1,32
114.247.142.147,1,32
198.15.182.21,1,44
58.220.229.52,3,156
175.141.34.125,1,32
73.179.64.204,1,32
121.223.23.222,1,52
69.238.6.91,1,32
103.240.71.127,1,40
71.205.141.9,1,32
83.30.157.183,1,32
202.151.18.112,1,40
91.132.42.201,11,660
200.68.6.169,13,708
54.161.160.223,2,350
39.83.21.244,18,1080
51.60.122.103,2,58
80.158.26.190,1,32
34.248.213.77,1,32
172.249.30.177,12,1999
196.79.35.239,1,32
151.190.111.185,1,60
54.236.53.177,1,32
52.13.193.127,1,175
59.115.21.40,1,52
52.250.190.239,1,32
218.128.12.128,8,1420
37.220.184.95,1,40
188.243.171.67,1,32
38.165.237.200,1,32
177.88.206.12,15,900
46.68.125.221,1,32
85.18.196.8,1,32
52.81.45.48,2,120
73.213.78.39,1,32
83.234.210.63,1,40
78.86.160.39,1,32
195.237.132.106,15,900
192.159.129.131,10,600
45.76.210.94,1,52
115.58.167.137,1,52
103.105.1.228,10,400
216.150.51.66,16,960
122.133.38.116,3,120
54.172.63.126,1,32
210.116.53.86,23,1236
62.135.232.219,1,44
119.203.78.153,1,52
55.252.34.33,1,60
206.26.133.38,32,1920
185.12.25.165,15,600
211.7.175.238,1,32
178.227.198.146,1,32
156.49.5.224,1,40
77.189.50.16,1,32
79.60.45.13,1,32
167.34.168.53,11,660
201.76.216.179,1,40
51.81.166.201,3,180
129.240.125.45,1,32
183.117.66.250,1,32
92.92.205.156,1,32
190.73.55.195,1,32
187.183.44.102,1,32
41.243.5.51,6,360
59.38.73.86,1,76
23.217.102.161,1,32
5.138.8.76,1,32
1.233.14.133,2,179
121.209.20.203,1,32
124.34.9.207,1,32
119.82.171.102,1,32
39.10.112.7,1,60
221.137.99.2,1,28
47.244.27.186,4,336
59.16.114.98,1,32
106.94.123.173,2,80
97.209.91.62,37,2220
153.13.159.139,2,120
98.242.26.60,48,2736
192.92.8.175,26,1560
167.88.180.169,8,480
27.47.12.150,1,32
124.10.80.147,1,48
221.95.122.38,1,32
192.158.171.36,16,960
217.57.100.222,5,420
110.237.130.56,1,32
197.129.220.34,3,180
54.89.229.49,48,2880
94.105.2.38,1,40
12.24.107.67,1,32
210.205.150.118,1,40
89.189.187.72,1,32
177.46.116.200,1,32
196.78.242.48,1,32
104.248.236.24,11,683
85.233.165.28,1,40
71.230.146.117,3,132
117.117.90.189,18,27128
183.71.138.105,1,40
90.134.209.120,1,32
152.90.132.98,1,32
116.152.57.133,1,52
141.153.132.254,1,32
89.232.152.181,1,52
160.119.171.141,1,32
192.143.236.26,1,60
213.148.18.12,11,600
114.168.109.115,1,32
87.87.50.81,1,32
209.247.143.251,1,60
45.20.97.76,1,32
64.65.244.201,2,80
78.39.165.120,1,32
54.126.115.214,22,1320
52.51.97.110,24,14323
195.16.212.138,4,240
17.147.94.136,6,597
196.77.66.114,21,1260
68.74.170.64,1,40
193.106.136.162,10,600
214.199.170.129,6,360
178.177.51.20,1,32
94.19.229.51,1,32
13.161.234.29,2,1247
221.22.244.87,1,76
179.248.49.126,1,32
69.143.192.8,1,40
18.182.140.56,1,76
196.180.49.32,5,220
181.120.209.222,1,40
68.16.244.9,1,32
17.203.227.53,2,157
52.72.4.36,1,32
209.238.124.114,9,396
60.136.180.90,1,32
206.190.202.178,9,360
195.183.254.104,3,180
123.178.105.22,1,52
105.187.109.81,1,32
31.113.147.67,8,6511
178.103.27.153,2,80
200.188.167.111,2,120
87.53.59.74,1,32
46.43.25.188,1,44
193.14.148.134,1,32
95.166.223.123,5,420
40.101.125.12,9,540
2.192.160.66,1,32
71.230.250.1,2,80
80.218.138.229,1,32
23.250.93.162,1,32
153.6.95.187,11,660
199.227.120.227,8,4253
151.217.198.197,1,32
211.152.39.80,9,540
191.169.152.57,1,32
167.223.82.221,3,180
115.243.125.225,1,32
147.104.235.180,1,32
194.120.55.21,2,120
204.98.249.6,10,600
91.184.194.141,1,32
53.213.62.148,20,1092
71.172.112.217,1,32
108.184.148.84,1,32
134.214.180.169,7,280
194.140.47.20,8,480
181.112.125.8,1,32
210.173.101.123,36,2160
174.168.103.238,1,32
76.50.178.77,1,32
200.72.213.29,13,780
200.40.147.87,28,1680
194.171.26.11,10,600
75.111.157.76,1,32
139.173.156.234,2,80
52.27.77.233,4,332
200.251.97.19,1,40
221.167.133.206,1,32
52.254.21.135,1,76
210.154.7.194,8,1066
79.113.94.76,1,32
37.189.97.6,1,32
44.148.71.87,1,60
88.11.63.85,3,120
211.31.131.138,1,79
174.132.107.158,1,32
117.205.34.47,1,52
219.103.18.23,2,120
216.149.59.77,1,60
185.72.26.39,14,560
179.183.241.243,1,40
221.222.150.62,1,56
212.71.77.18,1,40
154.142.158.217,1,40
153.51.72.110,6,360
35.25.109.167,9,2996
197.55.67.122,5,300
202.163.133.114,2,96
95.140.154.102,1,32
97.238.56.172,4,240
204.104.87.252,14,840
205.58.74.158,2,522
101.61.78.174,1,52
37.17.181.182,1,40
110.44.5.201,1,32
193.254.5.86,8,320
151.235.226.71,1,32
212.61.31.177,1,40
202.62.29.245,28,1680
82.158.162.9,1,32
205.58.72.53,1,358
221.158.240.111,1,32
202.108.129.105,27,1620
185.49.252.234,14,560
90.22.196.16,1,32
200.212.109.142,13,780
150.244.166.90,1,40
5.88.110.223,1,40
182.54.99.22,1,132
114.233.151.232,1,40
192.109.149.155,17,1020
95.124.219.180,1,40
116.0.49.161,1,32
210.156.142.137,1,40
74.193.127.96,1975,2705036
193.139.243.82,13,780
202.4.248.107,9,540
111.173.155.151,1,60
250.61.97.237,21,1260
44.50.29.166,20,1200
195.68.204.184,2,120
76.12.177.252,1,52
108.92.6.90,1,32
37.245.150.107,1,40
189.163.61.24,1,32
183.172.200.251,1,52
190.189.199.87,1,40
64.22.165.80,2,104
66.249.182.68,4,801
194.69.187.196,1,32
81.109.202.16,49,1960
188.183.11.19,25,1500
113.62.125.57,1,52
154.57.142.57,1,32
97.208.231.157,26,1560
55.151.26.35,33,1980
201.155.212.194,1,32
58.18.212.145,1,48
117.82.50.3,1,60
123.118.67.214,1,52
205.188.167.74,12,720
199.185.95.74,3,180
205.1.114.175,1,32
54.41.207.248,17,1020
111.197.79.196,1,40
198.41.126.238,16,960
42.228.208.180,1,40
88.11.63.88,2,80
149.122.190.51,15,7180
86.155.93.39,1,32
192.65.101.106,1,32
220.157.128.181,1,132
216.149.18.163,1,32
88.69.65.104,1,32
189.181.254.36,1,32
49.179.113.44,1,32
200.218.120.16,6,360
54.57.246.73,12,672
107.219.250.38,1,60
213.254.177.44,6,360
104.100.137.32,1,32
203.19.124.100,1,44
5.62.53.135,1,32
182.210.20.78,1,32
124.86.160.113,1,32
210.154.136.234,1,32
167.197.227.109,25,1500
89.231.189.52,1,40
217.216.222.134,33,1980
202.99.128.1,26,1560
71.150.223.166,1,32
167.28.208.210,30,1800
211.129.121.219,1,48
39.45.85.90,3,180
42.31.213.228,18,1080
86.188.203.176,1,40
118.206.23.67,1,48
192.66.119.178,17,1020
197.6.154.54,25,1500
192.184.82.152,6,360
88.114.254.140,1,32
39.101.26.222,1,32
66.166.235.155,1,32
1.254.146.213,1,40
14.61.49.213,1,32
14.215.241.66,2,80
62.43.20.178,1,32
194.207.75.12,4,240
198.215.81.7,10,600
196.213.43.253,36,2160
192.137.30.226,20,1200
194.26.142.63,22,1320
5.64.104.143,1,40
113.20.143.94,1,60
187.159.69.136,1,96
54.224.155.186,11,660
193.162.168.62,25,1500
199.178.90.232,30,1800
46.135.161.112,1,32
85.243.162.239,1,32
175.133.203.105,1,32
193.36.208.127,19,1140
85.238.182.227,2,80
123.180.28.212,1,76
45.90.207.208,14,840
82.222.27.88,3,315
40.115.247.216,22,1320
196.194.166.48,1,32
39.228.51.58,4,240
78.101.81.180,1,32
172.103.180.58,2,80
101.46.171.245,1,32
204.188.139.238,31,1860
58.201.89.72,20,1200
251.56.11.254,4,216
66.204.141.247,1,32
119.192.8.26,1,32
221.125.241.132,1,132
115.202.139.152,1,32
218.131.126.212,1,32
103.98.47.185,1,40
88.11.63.70,2,80
223.35.69.138,1,76
108.73.130.77,4,274
222.77.83.125,1,76
50.203.160.66,1,32
89.44.181.188,1,32
93.218.199.42,1,32
205.130.76.43,7,420
141.128.251.83,1,32
185.74.74.80,1,32
105.110.163.150,1,60
177.13.180.174,1,32
58.205.247.90,10,600
219.193.97.23,28,1680
41.97.44.36,1,60
102.137.103.222,1,32
207.168.20.143,1,60
214.134.230.212,7,420
18.184.172.242,2,80
24.73.95.64,1,32
58.60.87.196,1,60
65.101.49.104,1,585
175.202.186.177,1,32
119.29.212.51,1,32
193.74.20.105,10,600
125.209.35.197,1,32
109.220.135.47,1,32
24.210.90.203,1,32
217.210.9.249,12,720
202.131.57.93,1,32
217.178.79.19,1,52
193.9.2.97,23,1380
188.239.34.159,18,1080
138.4.81.97,5,200
181.64.202.208,1,32
202.78.253.55,13,780
108.61.17.26,1,32
208.116.139.141,1,32
185.72.27.41,36,1440
37.24.221.96,1,32
58.178.114.14,1,32
148.144.20.243,1,32
186.179.113.233,1,32
39.180.173.79,4,240
39.222.198.7,3,180
222.223.177.206,1,32
208.121.220.162,21,1260
82.175.57.241,1,32
202.242.187.111,6,360
86.148.71.38,1,44
208.115.94.56,29,1740
84.86.181.110,1,32
185.184.170.254,1,44
68.151.132.28,1,32
70.91.29.174,1,32
81.204.213.168,5,420
89.221.193.251,1,32
70.80.153.67,1,32
139.173.136.137,2,80
204.160.51.240,19,1140
210.69.248.16,37,2220
184.145.56.183,1,32
193.182.45.197,14,840
189.219.137.140,1,32
114.35.226.190,1,32
1.40.193.99,1,32
192.144.97.215,7,420
101.229.62.111,1,32
33.115.72.248,15,900
46.173.168.155,1,32
79.68.148.86,1,32
121.151.157.55,1,32
40.6.244.250,1,52
196.180.49.41,1,45
187.114.162.133,1,32
208.118.225.143,5,300
23.83.171.19,1,32
18.231.82.106,1,60
5.118.197.222,1,32
217.51.171.197,1,32
171.211.84.128,1,40
72.108.116.107,1,32
97.188.65.239,9,540
111.167.7.108,1,32
182.25.87.21,1,48
182.223.150.124,1,40
45.57.211.46,16,960
210.230.184.17,2,120
86.50.249.54,1,32
202.40.158.250,11,660
80.196.112.243,1,60
73.242.244.59,1,32
217.99.93.101,8,432
85.242.25.115,1,40
216.145.129.47,26,1560
204.144.29.244,3,180
130.86.12.150,7,420
70.61.68.185,2,116
5.154.5.14,1,40
221.25.216.38,1,40
110.234.134.87,2,100
128.254.136.56,1,60
50.72.18.53,1,60
141.118.124.60,1,32
172.114.91.253,1,40
72.10.114.163,1,32
2.21.64.9,1,32
112.30.39.165,1,76
14.53.141.59,5,200
206.9.11.196,3,120
175.175.100.29,1,76
113.197.36.205,1,48
41.36.253.65,2,80
176.107.58.198,1,40
218.11.202.163,1,32
119.194.63.144,2,80
134.252.247.35,1,32
39.43.237.235,15,900
84.52.90.93,1,32
188.24.188.217,1,32
33.125.164.164,20,1200
204.146.168.2,25,1500
132.149.20.255,1,60
17.192.250.211,2,157
121.20.230.212,1,32
61.131.18.26,7,280
123.49.201.187,1,76
173.210.164.137,1,32
85.3.43.221,1,60
54.252.147.211,9,540
39.53.255.41,23,1380
114.153.196.38,1,32
188.244.70.208,1,32
106.110.212.101,1,32
175.127.210.143,1,32
185.72.26.105,19,760
185.72.27.94,23,920
208.123.79.44,2,548
83.20.213.2,1,40
108.92.7.150,1,60
215.85.62.91,3,180
151.150.76.233,1,52
192.89.179.145,8,480
183.177.130.254,2,256
54.205.81.138,20,1200
200.70.139.37,29,1740
151.150.76.80,8,8082
14.99.240.222,1,32
58.223.208.177,10,600
115.181.124.20,1,56
166.239.151.19,1,32
172.249.25.142,50,23490
214.226.58.97,39,2340
212.122.79.92,1,60
185.72.26.20,9,360
142.161.25.145,3,120
193.82.188.62,11,576
192.188.143.124,21,1260
197.179.142.103,29,1740
131.65.164.236,12,720
192.95.177.55,22,1056
192.203.194.33,4,240
192.19.34.165,7,420
194.176.59.180,10,600
92.39.139.185,1,60
203.235.5.56,13,780
180.109.88.128,1,60
45.89.6.162,1,60
207.100.107.154,1,32
105.36.74.245,1,32
182.1.193.62,1,32
56.156.85.187,7,420
45.25.75.255,1,32
221.41.43.249,1,32
210.6.209.146,1,32
99.74.44.23,1,32
88.11.63.77,2,80
151.150.187.160,6,7896
77.178.135.101,1,32
172.102.245.167,2,80
49.30.127.165,2,80
89.209.44.190,1,52
24.223.120.103,1,32
204.172.60.122,2,120
188.218.223.247,1,32
153.16.238.58,6,360
97.185.185.96,20,1200
220.11.85.237,1,32
222.113.35.140,1,32
187.82.245.192,1,60
106.236.197.58,1,32
104.248.1.195,7,280
91.66.99.238,39,53363
191.252.120.4,1,40
167.2.247.15,2,96
198.232.4.11,2,120
203.157.216.190,1,40
2.32.93.250,1,32
69.47.69.230,1,32
125.67.115.77,1,32
83.108.125.35,1,48
51.61.147.159,1,32
117.103.122.255,1,32
71.72.243.41,1,32
130.212.12.33,1,40
34.221.111.250,1,32
210.244.126.219,1,32
217.0.123.151,1,52
47.18.165.33,1,32
167.48.99.235,21,1260
221.96.254.16,1,32
13.30.233.163,1,76
71.239.247.67,1,32
216.211.33.118,1,101
76.14.37.26,1,32
41.49.33.248,1,32
175.205.5.19,2,80
207.219.110.195,2,80
90.164.66.178,1,56
177.38.177.233,24,1440
113.59.76.133,1,32
211.131.250.13,6,360
108.73.130.252,1,52
198.53.100.145,1,40
196.192.27.193,3,180
55.158.168.35,7,420
119.130.27.17,1,60
80.197.214.22,4,240
203.249.94.72,18,1044
113.50.76.166,1,52
92.245.254.112,1,32
56.50.6.250,19,1140
202.194.67.209,6,360
197.0.245.32,35,2100
75.169.78.170,1,32
210.123.201.159,9,540
187.55.254.87,1,32
77.175.161.16,1,32
188.182.222.163,1,60
199.95.239.224,7,420
193.216.222.161,13,520
87.69.67.251,1,56
55.123.163.196,8,444
101.127.64.190,1,52
113.124.229.137,1,32
205.48.43.76,8,480
208.67.220.251,14,840
91.38.57.92,1,32
41.94.144.58,5,300
213.192.34.172,9,540
116.142.232.203,1,76
43.195.171.36,1,32
124.159.61.161,2,80
2.252.13.111,1,32
109.202.212.105,1,40
2.254.226.107,1,32
188.40.20.0,1,32
139.173.72.83,2,80
89.10.172.99,1,32
90.164.65.104,1,56
106.45.89.197,1,32
194.182.120.89,3,180
2.64.125.5,1,32
47.72.12.74,1,60
193.223.101.93,1,40
104.15.196.220,4,319
50.6.133.228,1,32
23.242.171.249,1,32
77.69.239.171,1,60
216.132.161.151,5,300
217.149.234.121,1,40
90.164.65.253,1,56
88.11.63.94,2,80
190.103.27.66,1,52
88.169.48.27,1,32
182.128.188.211,1,56
190.85.235.154,1,32
109.176.93.6,1,32
151.249.17.201,1,32
183.200.241.237,1,32
80.148.171.44,1,32
47.244.31.133,4,336
5.64.104.159,4,160
79.201.33.103,1,32
98.86.119.70,1,32
160.225.178.22,2,334
185.95.159.217,17,680
68.74.17.226,5,200
103.103.24.190,1,44
216.143.98.154,17,1020
104.248.200.183,1,32
213.33.73.87,1,32
210.212.198.194,1,32
112.153.187.166,1,52
145.236.134.20,1,32
126.250.100.176,1,32
104.141.189.31,1,32
96.46.125.61,1,32
45.56.91.160,2,80
198.133.25.78,7,420
85.100.131.250,1,60
223.155.116.122,1,32
202.165.46.107,1,40
116.173.231.65,1,32
171.237.127.46,1,60
108.71.171.38,1,32
41.81.118.58,1,32
50.169.139.131,1,32
85.69.8.107,1,56
201.205.163.233,1,60
78.45.109.117,1,32
40.134.121.54,1,40
222.247.2.113,1,60
167.139.64.157,3,180
205.118.55.45,24,1440
202.45.154.206,8,480
176.111.151.106,2,80
105.207.143.189,1,32
90.164.69.10,1,56
93.9.20.192,1,32
123.62.75.55,1,56
182.214.22.6,1,60
92.82.255.62,1,32
212.105.157.182,1,32
197.143.145.186,2,120
68.105.127.64,2,80
203.237.151.4,12,720
213.28.180.136,1,60
125.162.159.74,1,76
213.73.89.191,1,60
82.45.15.125,1,44
37.17.223.41,1,40
212.90.103.97,1,32
88.81.170.140,1,32
43.223.13.133,1,32
67.200.18.69,1,32
184.21.16.38,1,44
123.162.175.90,1,132
60.81.60.174,1,52
175.238.12.228,1,32
67.61.210.190,1,32
202.153.93.128,24,1440
85.56.10.254,1,32
208.126.216.25,6,360
162.31.18.77,1,60
104.15.195.68,8,2037
91.96.127.117,1,40
78.229.20.55,1,32
31.79.105.86,1,32
90.164.65.27,1,56
202.177.19.254,1,44
188.11.193.187,3,120
46.245.162.178,1,60
191.99.222.109,1,32
219.101.48.15,26,1560
204.239.90.147,1,90
139.173.163.35,2,80
24.221.79.97,1,32
81.109.202.169,3,120
43.218.78.72,1,40
90.164.66.117,1,56
173.111.194.22,1,32
222.152.31.65,1,44
209.241.99.58,39,1908
75.213.215.26,1,32
71.50.244.7,1,32
197.23.155.180,1,32
2.105.178.223,1,32
88.56.45.212,1,44
194.85.254.238,19,1140
211.129.121.221,3,144
109.52.216.212,1,32
218.232.74.77,1,60
35.126.113.136,1,32
59.52.5.156,1,40
91.145.185.136,1,32
97.32.105.169,19,1140
98.15.197.59,2,146
80.141.57.56,1,32
41.100.44.255,1,32
198.48.26.51,21,1260
51.184.7.33,6,360
64.65.144.145,1,40
212.83.31.97,24,1440
69.97.126.55,1,32
158.81.9.200,2,80
62.101.93.23,1,32
118.202.186.239,1,60
202.7.39.244,1,60
177.60.44.60,1,60
84.8.20.6,1,32
98.24.253.52,1,32
54.48.175.218,2,157
62.58.4.142,1,32
195.240.33.36,2,120
193.132.214.169,9,540
215.35.75.11,20,1200
50.23.178.239,13,780
202.85.83.21,2,80
173.230.75.219,1,32
24.229.143.135,1,32
200.243.68.7,1,32
54.58.229.99,1,40
180.163.74.159,1,52
81.143.157.92,1,32
39.143.65.101,13,780
200.133.137.131,13,780
195.4.16.208,10,600
78.27.235.160,1,32
95.33.39.177,1,32
194.182.88.191,1,60
180.119.62.48,3,285
90.164.71.213,1,56
216.72.76.200,1,32
177.48.192.47,1,32
60.248.224.53,12,720
222.91.235.217,1,32
46.42.0.19,1,32
31.78.23.84,1,56
190.151.206.251,1,32
185.72.27.49,12,480
190.102.198.31,1,40
210.123.130.99,15,816
192.33.42.231,17,21601
121.66.63.70,5,1426
198.214.40.84,30,1452
190.55.55.216,1,32
82.38.124.66,1,32
63.68.123.179,1,32
90.164.67.136,1,56
64.22.165.172,4,208
32.158.148.0,3,180
177.211.144.141,1,32
59.64.144.173,1,40
67.172.125.141,3,108
185.72.27.61,18,720
46.174.58.108,1,32
94.26.235.21,1,32
197.203.126.197,33,1980
90.164.71.196,1,56
126.159.128.89,1,32
173.221.209.202,1601,2190103
215.55.55.86,3,180
91.222.245.68,1,40
36.234.32.24,4,496
214.49.81.217,55,2988
195.72.137.4,1,32
55.198.113.180,2,120
98.248.117.93,23,1380
77.76.102.86,1,32
217.30.153.139,35,2100
64.8.43.229,1,32
54.111.16.70,7,420
196.113.64.85,7,420
90.164.71.209,1,56
45.16.9.166,7,420
24.223.75.99,1,32
86.170.9.198,1,60
223.34.114.84,1,32
5.56.229.50,1,32
208.87.203.119,1,32
179.175.173.153,1,32
188.106.102.17,1,32
196.251.217.172,1,32
83.82.184.149,1,32
63.196.187.78,1,32
222.112.48.61,1,40
209.238.124.182,5,220
180.81.42.164,1,48
201.247.194.122,1,32
92.120.148.46,1,32
186.205.6.83,1,32
80.124.254.254,1,32
104.195.203.20,1,32
118.99.180.5,1,32
89.231.219.63,1,40
5.141.116.78,1,40
1.95.122.231,1,40
176.251.7.48,1,32
116.248.54.65,1,40
72.218.210.230,1,324
52.212.106.92,1,165
118.197.181.102,1,56
194.170.130.182,7,420
68.20.195.12,1,32
193.173.235.98,1,32
66.192.255.195,1,32
132.165.120.129,15,900
39.177.5.6,8,480
199.166.98.76,3,180
199.227.226.157,20,1200
212.211.61.141,27,1620
107.152.20.188,1,32
13.30.226.236,1,76
194.14.200.62,1,60
187.117.42.221,1,40
196.180.49.30,5,220
61.88.96.121,1,40
108.14.61.129,1,32
194.8.56.214,1,40
101.62.48.251,1,32
98.234.192.203,2,120
73.200.34.95,1,32
130.47.191.197,1,32
108.65.32.91,1,32
89.23.186.53,1,44
47.126.26.25,1,40
91.2.20.156,1,32
187.172.16.161,1,60
1.80.218.131,1,32
187.202.118.116,1,32
5.122.254.85,1,48
175.209.192.122,1,40
27.213.9.138,1,60
118.3.120.118,2,80
125.104.98.22,1,32
5.64.104.157,2,80
211.43.178.175,1,32
172.103.179.227,4,160
153.164.68.147,1,52
108.7.203.180,1,32
179.152.148.196,1,32
209.138.3.210,1,32
92.40.67.111,1,32
120.192.228.194,1,44
170.195.43.122,1,32
39.163.50.147,4,240
222.65.41.179,1,40
104.234.125.32,1,32
51.6.50.125,13,780
194.225.190.17,7,420
193.192.107.80,13,780
92.107.253.84,1,32
52.72.38.188,1,32
176.219.14.114,2,80
123.120.116.109,1,58
215.242.207.21,28,1680
96.69.159.225,1,32
196.175.171.33,1,32
14.84.68.0,1,44
118.201.30.68,1,32
119.76.59.59,1,32
60.22.157.177,1,40
182.177.73.232,1,52
31.147.76.172,1,52
13.30.210.60,1,32
92.16.219.0,1,40
62.174.135.5,4,160
37.219.254.81,2,184
176.211.196.66,1,48
87.4.20.25,1,32
96.36.123.210,1,32
39.27.61.153,1,32
62.226.147.7,1,32
202.84.112.113,1,60
89.93.30.91,1,40
193.185.88.198,18,1080
71.54.60.79,1,32
177.174.226.92,1,40
47.101.33.150,1,64
189.65.113.103,1,32
114.193.55.100,1,40
62.182.191.201,1,32
64.22.160.66,2,104
23.224.243.15,1,32
95.26.135.159,1,32
204.178.192.174,8,480
45.57.66.158,18,1080
46.186.20.58,1,32
95.36.134.239,1,32
123.195.43.175,1,32
118.93.124.66,1,32
183.96.116.54,1,32
212.9.115.213,28,1680
211.129.121.255,2,96
140.246.157.46,1,32
218.193.8.46,1,40
190.181.190.86,1,32
52.119.43.22,1,32
195.130.217.68,4,192
211.134.200.31,10,528
82.148.235.28,1,32
78.30.216.226,1,32
110.105.206.121,1,44
176.94.64.244,1,32
173.232.114.234,1,32
159.137.224.98,1,40
133.155.97.116,10,600
91.135.101.150,1,32
126.130.243.152,1,32
185.72.27.89,16,640
1.14.75.253,1,32
185.134.52.211,12,1452
112.132.184.18,1,32
109.42.215.115,2,217
98.83.114.248,1,32
173.116.172.122,1,32
46.66.18.251,1,32
63.212.171.55,1,32
88.158.26.26,1,32
88.88.96.213,1,32
210.180.100.42,1,32
46.24.158.142,1,32
82.134.244.204,1,32
1.21.226.181,1,60
195.249.39.185,1,60
195.143.251.73,2,120
194.12.52.44,2,120
125.224.66.247,1,40
112.200.52.169,1,32
178.121.130.39,1,32
113.181.132.75,1,40
171.150.200.126,1,60
117.238.203.155,1,32
182.116.26.92,1,48
130.159.247.86,3,180
119.69.5.163,1,32
78.5.181.77,1,44
114.170.42.193,1,40
195.162.32.36,3,180
37.48.120.255,1,32
152.76.173.21,1,32
212.81.53.4,1,32
220.179.143.207,1,32
204.214.112.136,1,60
107.192.43.238,1,32
199.219.125.102,1,60
60.222.252.83,2,100
167.14.130.194,17,1020
97.239.167.128,11,660
194.12.95.166,5,300
60.243.52.178,16,960
190.122.170.190,1,32
192.73.65.218,7,420
73.1.123.113,1,32
201.193.235.203,1,32
71.230.250.77,1,40
192.33.42.167,29,33825
213.199.123.225,21,1260
190.106.147.78,1,32
83.114.165.86,1,32
121.122.69.230,1,60
58.55.250.217,2,80
5.64.104.154,3,120
119.238.25.224,1,60
125.114.207.160,1,32
79.248.191.159,1,32
52.102.53.62,1,32
104.75.167.103,1,32
69.182.84.233,1,32
68.201.183.204,1,32
123.157.171.37,1,32
71.187.188.13,1,60
69.250.141.109,1,56
69.105.244.59,1,32
195.93.90.161,33,1980
38.231.18.59,4,240
177.235.138.254,1,40
97.219.214.50,3,180
139.173.157.40,2,80
216.148.85.200,1,32
196.78.189.232,1,32
134.214.229.157,2,80
202.167.105.122,1,60
187.173.138.106,1,32
185.132.61.1,1,32
123.157.137.204,1,32
175.216.58.48,1,32
73.133.120.160,1,32
183.142.240.166,1,32
218.229.201.151,1,76
91.39.55.236,4,384
188.145.219.216,1,40
87.31.65.119,1,32
5.110.119.192,1,32
79.180.192.231,1,60
203.136.253.150,1,44
2.217.20.37,1,32
71.230.250.38,1,40
23.94.229.169,1,360
145.147.108.173,1,32
216.12.45.132,1,32
186.203.161.194,1,32
73.92.88.200,1,32
2.16.25.232,1,32
119.27.209.209,1,32
191.113.240.200,1,32
71.22.54.153,1,32
71.230.250.134,2,80
5.150.20.7,1,32
189.169.235.54,1,32
194.187.48.215,1,60
13.218.150.1,17,7549
74.193.190.175,1,52
199.53.212.194,1,32
200.145.34.226,1,32
207.19.172.125,1,32
86.130.252.91,1,32
200.208.193.97,1,56
157.127.178.112,1,32
171.50.186.23,1,32
94.67.60.125,1,40
112.36.208.163,1,32
116.176.2.28,1,32
80.126.154.242,1,32
73.64.190.28,1,32
186.14.209.142,1,32
88.105.83.56,1,40
61.134.139.23,1,32
172.119.52.97,13,1241
56.125.231.14,1,60
211.0.89.187,1,91
87.228.157.147,1,32
185.190.116.94,1,32
5.143.12.74,1,32
217.230.210.222,1,32
23.83.251.94,3,179
71.230.250.102,1,40
179.169.63.51,1,32
116.245.65.81,1,32
166.143.86.41,1,32
58.229.78.97,1,52
176.110.140.46,2,100
103.99.5.57,1,44
211.236.126.186,2,80
47.27.203.6,1,32
149.55.93.210,1,32
208.48.137.236,2,120
49.205.124.99,1,32
86.146.235.146,1,32
115.55.212.107,1,32
64.65.244.166,1,40
71.16.230.81,1,32
186.34.179.133,1,44
177.47.69.225,1,32
126.251.120.64,1,32
182.213.238.11,1,32
84.76.29.163,1,32
94.104.110.222,1,32
173.233.156.52,2,192
124.158.125.245,1,32
125.200.116.202,1,32
91.106.101.77,1,32
192.162.49.21,20,1200
211.160.207.142,1,40
195.5.113.121,1,60
213.255.183.43,1,32
54.50.249.17,1,32
115.251.212.59,1,32
140.205.13.65,1,32
49.241.158.71,1,40
84.91.161.47,1,32
40.125.132.106,8,480
84.253.42.181,1,32
218.229.201.154,1,76
54.77.175.185,25,1500
192.196.244.97,18,1080
219.104.4.39,1,32
156.57.154.137,1,40
162.104.123.175,2,80
218.150.60.89,1,32
213.102.177.142,1,60
42.228.24.67,1,32
49.48.69.45,1,32
126.254.66.123,1,32
216.211.35.30,1,40
120.159.116.19,1,32
203.64.243.64,1,40
182.137.109.41,1,52
60.132.254.53,1,48
185.252.220.130,1,40
91.19.23.81,6,332
194.56.69.144,1,32
210.91.72.174,9,540
37.16.235.236,1,32
160.239.57.145,1,32
222.97.45.51,1,32
179.101.248.183,1,32
177.159.74.207,1,32
24.82.197.31,1,32
88.11.63.83,3,120
91.106.222.160,1,60
74.215.54.91,1,44
54.3.141.209,21,1260
200.224.203.252,1,32
103.126.156.186,4,336
178.6.247.196,1,32
14.190.233.172,1,32
171.194.42.84,1,32
43.99.244.192,2,108
156.49.122.19,1,40
211.71.204.75,1,32
195.200.113.5,36,2160
187.250.222.98,1,32
93.9.185.216,1,131
186.102.34.21,1,32
216.132.13.75,1,32
81.66.18.164,1,32
198.131.177.202,4,240
181.62.189.35,1,32
193.120.193.191,14,840
65.205.52.228,1,32
54.35.145.131,1,76
116.248.139.69,1,32
172.249.30.156,35,16011
86.228.242.78,1,32
210.46.244.88,6,360
195.241.81.34,11,660
79.11.34.8,1,32
165.229.136.81,9,360
132.148.245.120,1,60
52.252.100.175,1,76
216.140.193.125,14,756
40.104.235.205,3,180
108.73.145.19,1,40
192.147.94.170,7,420
193.62.204.4,1,44
192.246.210.54,20,1200
193.67.232.97,2,279
95.84.245.119,1,32
71.230.251.248,3,120
220.46.79.31,1,40
66.187.73.21,1,44
1.86.252.229,1,40
222.219.252.74,1,60
194.54.38.53,4,240
106.65.59.250,1,60
105.111.195.110,1,60
194.54.1.163,1,60
212.163.68.145,1,40
167.98.77.211,2,120
216.145.106.207,12,720
120.154.17.228,1,76
177.36.198.81,2,120
54.81.237.173,6,360
208.86.201.108,12,720
177.107.30.249,12,720
192.3.79.171,1,60
182.13.255.231,1,32
170.208.218.99,1,32
39.130.14.242,1,60
41.169.180.16,1,40
118.195.41.225,1,52
59.96.227.137,1,86
71.230.250.194,1,40
75.131.203.166,1,32
2.109.250.180,1,32
217.178.79.17,2,80
215.84.133.245,29,1740
153.6.119.112,22,1200
178.28.93.221,1,32
100.215.243.38,1,32
60.66.140.122,1,32
174.146.240.174,1,32
254.174.10.81,7,420
114.173.80.58,1,52
66.149.200.198,19,1140
211.129.121.254,2,96
194.147.242.158,1,32
62.250.200.165,1,32
218.241.57.13,15,900
95.159.254.247,1,32
119.225.154.43,1,52
34.244.107.64,1,32
195.92.189.170,1,60
67.14.3.240,1,32
54.39.128.162,1,32
185.33.244.221,1,32
82.108.154.54,1,32
208.114.36.45,8,384
89.43.109.203,1,32
105.188.26.141,1,32
52.244.192.197,1,32
212.155.177.235,1,32
165.116.243.41,6,240
17.199.46.206,2,104
216.87.55.245,7,420
139.195.244.24,1,32
58.22.75.150,5,300
113.189.100.231,1,48
194.252.73.251,35,1860
60.194.14.49,1,32
5.227.2.13,2,143
112.40.232.101,1,40
170.39.14.49,1,32
196.84.81.54,4,240
119.205.87.16,1,52
175.245.221.70,1,32
27.243.92.134,2,248
52.77.66.252,1,32
190.186.34.177,1,32
83.159.162.178,1,32
194.106.171.9,1,32
157.42.35.77,7,280
203.13.200.252,2,120
87.192.148.77,1,32
31.106.2.55,1,32
114.161.166.216,1,40
202.216.158.39,1,40
23.94.228.207,13,4876
185.64.94.128,1,32
112.204.51.227,1,32
46.191.239.89,1,40
76.248.180.243,1,32
217.219.234.218,1,40
79.17.191.85,1,32
23.86.31.213,16,1521
95.209.1.153,1,32
55.160.78.128,6,336
170.246.186.14,1,32
89.132.93.74,1,32
85.155.73.181,1,32
125.255.207.110,1,32
60.76.159.26,1,52
37.231.92.53,1,40
181.66.215.230,1,40
78.65.203.30,1,44
123.151.162.154,1,32
106.95.122.47,1,32
221.21.247.9,1,60
82.246.242.64,1,32
194.247.52.228,1,60
94.231.166.64,1,44
185.49.252.227,15,600
196.180.49.5,4,176
192.126.156.70,1,44
187.104.116.127,1,32
189.198.250.94,1,60
83.254.198.92,1,40
83.206.42.140,1,40
121.51.11.202,1,32
17.199.30.205,1,113
64.204.243.41,1,60
70.58.26.105,1,32
98.46.43.31,1,32
195.135.252.165,1,32
112.143.52.19,1,32
98.226.7.61,2,120
169.140.66.187,1,32
112.51.159.180,1,32
63.227.157.83,1,32
195.240.13.101,1,32
171.236.205.95,1,60
105.45.11.38,1,32
197.91.239.96,21,1260
139.233.242.77,1,52
85.227.157.112,2,100
92.78.141.157,4,544
80.120.105.110,1,32
149.184.130.119,2,80
197.132.141.117,1,40
134.214.106.33,4,160
81.130.107.70,1,32
159.137.136.36,4,160
138.41.52.89,1,44
193.143.53.130,1,40
188.98.251.168,1,32
104.113.93.162,1,32
117.54.133.200,1,32
84.157.15.41,1,32
27.206.202.51,1,52
105.215.115.249,1,40
162.240.42.161,1,32
185.48.234.194,1,40
77.181.158.45,1,32
115.72.196.6,1,32
216.219.24.7,5,300
92.32.114.18,1,32
223.104.253.117,1,52
41.191.41.62,1,44
54.235.87.225,2,264
185.71.226.26,1,40
124.61.156.92,1,32
60.63.9.236,1,48
1.21.241.209,1,40
167.120.200.112,1,60
37.77.50.199,1,40
187.230.126.27,9,468
182.89.137.202,5,3410
186.38.250.166,1,56
142.25.42.7,1,60
230.249.157.164,10,600
192.252.191.197,10,600
145.6.127.13,1,32
212.29.19.58,1,32
167.75.248.129,8,480
182.48.181.71,1,60
69.230.234.214,2,112
211.68.84.18,2,120
81.219.57.245,1,32
40.131.107.117,1,32
90.118.247.23,1,32
201.23.252.14,1,40
108.161.255.248,1,32
45.47.78.108,1,32
82.78.132.60,1,32
163.96.218.41,1,32
118.8.140.8,1,32
219.105.37.92,1,48
92.101.90.83,1,44
195.244.27.113,10,600
78.162.164.25,1,32
187.151.96.94,1,40
203.225.19.113,6,360
194.255.186.239,8,480
73.139.60.154,1,32
81.31.61.222,1,32
94.198.63.179,1,40
121.138.163.181,1,32
196.100.3.89,21,1260
79.150.129.188,1,32
103.235.52.143,1,32
202.67.102.165,2,120
61.40.84.174,1,40
77.136.101.89,1,32
78.234.108.43,1,40
113.62.231.13,1,48
87.171.69.226,1,32
197.129.42.71,1,32
223.103.191.47,1,48
172.18.141.16,1,60
14.35.144.225,1,32
188.125.211.49,1,44
188.77.120.0,1,32
157.42.75.32,2,120
24.18.101.19,1,40
113.160.244.66,1,52
108.54.40.101,1,32
189.43.110.211,1,32
178.17.188.210,1,32
27.33.242.79,1,40
188.233.34.27,1,32
121.93.84.107,1,32
80.100.115.199,1,32
167.201.149.140,8,480
45.209.7.196,1,32
58.221.87.25,6,360
149.144.143.150,1,56
151.3.107.70,1,32
138.221.243.247,3,120
216.195.196.8,1,32
84.60.10.170,2,80
179.56.139.40,1,32
80.155.62.152,1,44
123.23.213.227,1,32
197.60.112.85,1,40
23.234.3.231,1,32
211.106.103.101,1,60
85.124.8.89,1,97
204.51.121.232,13,780
173.102.43.45,1,32
2.57.248.212,1,32
119.74.114.142,1,32
123.1.20.142,1,32
193.111.124.215,2,120
41.192.87.149,9,540
90.80.121.136,1,32
167.148.99.50,6,240
202.134.139.180,2,120
125.102.148.31,1,32
123.181.28.84,1,76
68.209.106.129,1,32
41.237.56.219,1,48
201.117.0.121,1,32
177.205.74.42,1,56
185.72.27.125,11,440
208.98.225.46,5,583
167.82.168.208,32,1728
84.128.215.54,1,32
90.112.164.57,1,40
189.46.250.243,1,32
122.238.164.62,1,32
195.45.124.43,2,120
213.182.191.62,5,300
188.10.199.24,1,32
212.207.44.189,1,40
40.114.147.224,7,420
211.129.121.253,2,96
34.201.180.155,1,32
115.83.218.126,1,32
159.141.14.194,2,111
91.79.235.51,1,32
153.12.198.235,1,60
139.147.253.153,1,96
144.79.187.6,1,60
177.160.65.175,1,32
203.148.229.102,28,1680
77.101.251.112,1,32
172.27.142.73,1,32
177.54.70.181,1,32
199.45.59.235,1,32
1.25.84.41,1,32
204.64.161.13,2,80
193.208.149.213,7,420
182.214.38.18,1,60
113.32.230.171,1,48
191.214.159.135,1,44
13.207.141.144,1,76
116.55.84.164,1,32
205.155.101.154,40,2400
210.34.12.61,1,32
177.132.84.214,1,32
121.174.167.145,1,40
165.229.131.95,3,120
37.146.77.245,1,145
78.234.207.5,1,40
117.86.212.171,1,32
202.35.205.53,1,32
222.110.173.247,1,40
47.137.74.142,1,40
181.54.116.53,1,32
62.115.129.178,1,56
78.51.10.164,1,32
118.250.96.9,1,76
177.201.220.165,1,60
55.218.205.248,3,180
204.39.118.251,3,180
80.2.198.210,1,32
213.120.60.245,1,32
210.229.124.55,20,1200
202.88.162.84,1,32
190.250.217.34,1,32
180.79.5.233,1,40
113.33.61.60,1,52
142.161.238.230,5,200
216.87.51.158,4,240
124.166.219.3,1,32
54.129.254.245,1,32
154.248.20.194,1,96
5.74.193.186,1,40
85.174.140.64,1,32
94.179.75.185,1,52
210.42.13.52,1,32
192.249.18.255,1,52
213.203.66.131,1,32
85.118.212.220,1,32
180.158.72.208,1,40
97.191.85.60,17,1020
88.144.235.34,1,32
85.231.197.6,1,32
93.171.120.205,1,32
103.44.239.250,1,40
179.26.22.131,1,32
52.252.255.15,1,76
202.86.32.12,1,32
130.47.82.241,1,32
68.217.167.148,1,32
221.31.142.20,1,32
95.27.244.15,1,32
217.86.63.55,9,540
216.211.35.106,13,2965
185.72.218.212,4,160
115.79.37.12,4,240
173.227.241.0,1,32
87.143.201.13,1,44
173.103.137.211,1,32
171.213.0.186,1,60
119.101.235.105,1,52
88.28.251.165,1,32
188.189.228.85,1,40
54.166.188.100,1,32
79.139.162.60,1,32
103.43.90.5,1,60
60.125.93.171,18,1056
194.54.116.203,20,1200
94.112.41.99,1,32
43.222.59.222,1,40
189.105.203.196,1,32
211.32.124.237,1,32
71.230.250.60,1,40
98.96.223.6,1,32
177.188.113.186,6,360
185.151.218.241,1,32
193.63.61.233,1,32
103.213.174.206,4,3326
123.123.130.109,1,32
177.205.189.49,1,60
182.133.122.200,1,32
179.115.201.99,1,60
106.249.34.147,1,32
88.11.63.87,2,80
88.11.63.86,1,40
200.216.156.25,1,40
125.160.126.240,1,132
113.221.25.12,1,32
74.96.180.166,1,32
108.73.130.76,6,390
220.2.226.89,1,32
52.108.210.26,23,1380
104.63.89.49,1,32
49.108.156.200,5,300
52.11.89.235,1,32
45.248.149.16,1,32
68.176.171.189,1,32
94.209.131.47,1,40
120.210.194.156,1,32
209.81.75.180,1,32
208.42.23.69,9,540
162.23.242.173,1,32
162.54.196.250,1,32
70.117.75.186,1,32
209.187.43.162,1,32
74.193.119.54,67,86880
103.63.43.4,1,32
97.216.129.219,1,60
167.34.105.79,3,180
74.105.115.92,1,32
200.67.203.60,9,540
89.88.154.230,1,40
78.29.18.162,1,32
182.49.91.178,1,32
102.186.98.40,1,32
212.25.43.120,1,56
88.251.189.166,1,32
196.103.76.189,4,240
113.9.147.79,1,48
211.129.121.198,2,96
181.49.126.248,1,32
111.180.104.221,1,52
84.217.61.246,1,32
154.129.31.151,1,52
172.249.31.78,1,48
159.52.33.95,6,240
44.137.81.252,5,300
78.123.171.68,1,32
93.240.18.201,1,32
174.122.36.18,1,32
80.238.186.139,1,32
196.216.111.34,1,32
78.205.189.132,1,32
196.84.45.8,6,360
188.155.46.209,40,2400
180.145.134.44,2,120
38.152.255.166,1,60
58.187.254.140,1,32
71.230.250.6,2,80
55.139.202.194,16,960
209.247.102.237,4,240
46.42.155.233,7,576
220.172.80.204,1,52
105.43.253.51,1,32
203.204.32.15,6,360
105.154.236.119,1,32
204.222.114.53,1,60
5.188.104.206,2,156
181.48.64.37,1,32
198.215.21.111,5,300
211.189.37.131,1,32
83.126.63.187,1,44
42.184.104.8,1,60
130.36.48.191,44,2388
210.100.100.73,1,48
83.180.198.246,1,32
188.232.235.230,1,32
71.230.146.118,5,220
190.64.243.78,1,32
37.54.235.247,1,32
79.4.84.75,1,32
222.64.195.138,1,32
117.76.14.193,1,32
85.97.245.76,1,32
83.148.84.122,1,32
118.174.83.168,1,40
61.108.94.49,1,48
112.30.37.139,1,76
24.20.214.88,1,40
98.239.52.242,1,32
31.222.241.83,1,32
24.220.58.121,1,32
172.102.205.23,1,40
182.172.84.70,1,32
77.195.153.173,1,32
157.134.45.142,4,666
71.230.250.76,2,80
204.112.188.167,18,1080
90.24.255.20,1,32
60.159.179.118,1,32
49.2.220.248,2,120
71.230.250.189,2,80
58.51.94.50,1,76
110.243.204.144,1,32
1.143.20.185,1,60
49.49.25.142,5,349
199.201.114.221,4,240
77.19.253.14,1,32
148.40.203.234,1,32
203.253.107.32,1,32
197.74.146.100,1,56
24.12.191.56,1,32
85.156.136.189,1,32
64.65.244.221,1,40
177.223.11.75,1,44
54.240.189.111,1,40
66.188.98.28,1,32
195.137.190.149,3,168
199.148.137.203,16,960
192.252.68.243,25,1500
108.25.32.219,1,32
54.48.7.16,1,76
170.209.184.214,1,40
110.83.1.201,1,32
84.208.171.90,1,32
188.87.148.238,1,32
182.11.194.198,1,32
94.156.215.33,2,80
200.71.246.104,1,44
89.7.90.223,1,40
130.39.187.161,1,32
109.48.186.185,1,32
27.230.197.248,1,52
50.63.93.238,1,32
193.18.129.105,45,2700
164.89.33.173,1,32
45.125.123.150,2,80
81.118.177.188,2,96
67.190.101.23,1,32
72.255.242.130,1,60
177.27.178.141,1,32
103.55.198.233,1,60
219.126.145.211,19,1140
179.90.167.83,1,56
42.90.135.240,1,76
37.17.214.186,1,40
89.59.177.166,1,32
109.56.61.189,1,32
71.208.34.252,1,32
213.11.89.241,1,44
210.252.209.223,1,32
98.89.36.163,1,32
88.237.224.66,1,60
203.176.254.128,3,180
68.70.165.95,1,32
60.207.51.81,1,32
211.5.139.105,8,480
38.239.27.142,22,1320
144.47.230.107,2,314
204.206.40.130,8,480
200.61.35.220,1,40
191.178.170.38,1,32
88.73.168.238,1,32
99.50.223.134,1,52
198.40.249.160,4,240
181.56.245.142,1,32
181.238.43.5,1,32
18.230.84.242,1,32
125.190.87.38,1,44
81.51.79.20,1,32
175.173.201.223,1,60
193.11.116.150,40,2400
222.86.232.59,1,32
78.98.114.101,1,32
152.55.171.17,1,32
27.47.43.12,1,32
129.196.12.158,1,168
42.90.99.239,1,76
76.255.174.106,1,32
112.54.192.197,6,416
138.31.148.250,1,32
78.52.58.182,1,32
100.240.235.226,1,32
113.160.135.41,3,396
98.254.24.7,1,60
206.188.172.90,13,6346
61.151.146.61,1,32
87.89.95.31,1,32
197.82.48.244,5,300
81.187.228.136,1,28
124.8.15.131,1,40
121.143.69.105,1,32
5.64.104.146,1,40
112.207.129.244,1,52
113.22.140.109,1,60
196.71.163.229,1,32
101.121.217.140,1,40
216.68.133.195,1,79
63.151.182.59,13,780
1.86.87.118,1,40
129.196.32.21,1,169
212.214.221.45,1,32
112.28.97.136,1,76
47.252.179.131,3,120
82.30.218.69,1,32
121.148.121.239,1,155
103.46.33.140,1,44
209.213.219.82,6,360
133.156.73.38,7,420
46.91.83.164,1,40
106.52.198.74,1,52
201.123.10.187,1,32
198.31.160.157,2,80
79.115.61.248,1,32
59.120.102.84,1,52
197.24.117.133,1,32
217.147.213.72,3,156
63.155.59.206,1,32
52.227.149.129,1,32
208.34.130.250,1,32
115.82.84.164,1,32
87.65.63.220,1,56
103.11.162.98,1,64
159.52.175.60,3,120
42.49.89.153,1,32
13.161.234.159,5,870
91.34.78.83,1,44
197.71.233.82,2,96
31.160.193.70,4,336
72.207.134.112,1,32
218.7.67.158,1,56
45.68.57.201,1,40
194.64.66.109,1,32
27.245.70.156,1,60
172.249.162.192,11,2148
186.144.52.223,1,32
92.255.140.135,1,32
94.255.1.168,1,32
79.132.171.195,1,32
112.9.125.165,1,32
220.206.167.149,1,32
119.10.209.36,1,32
97.10.46.12,1,32
196.180.49.67,9,396
175.140.168.55,1,52
59.79.223.27,1,32
183.110.23.145,1,58
222.213.50.178,1,48
130.249.53.47,3,180
91.115.222.148,1,40
91.45.167.177,1,48
212.213.14.143,6,360
133.94.145.98,3,144
35.54.81.92,1,99
202.40.175.204,4,240
72.107.68.186,1,32
217.32.61.200,1,32
108.145.37.251,1,32
211.129.121.195,2,96
217.97.94.24,1,60
222.80.235.163,2,80
27.213.243.179,1,60
61.208.121.69,1,60
185.219.218.182,1,44
216.155.108.64,41,2460
114.203.196.73,1,32
73.44.34.236,1,32
112.153.171.82,1,52
123.114.54.101,1,32
73.190.84.138,1,32
187.126.203.236,1,32
186.26.108.212,1,32
126.182.139.88,1,32
153.6.122.161,6,360
91.249.76.220,1,32
55.192.147.253,19,1140
68.28.171.212,1,32
208.117.214.144,6,360
200.176.107.132,32,1704
218.143.242.249,2,104
139.173.183.79,2,80
68.253.126.58,1,32
166.215.54.117,1,40
66.213.102.169,1,60
189.173.239.43,1,32
60.22.34.87,1,32
78.65.251.168,1,32
196.36.26.102,1,48
55.158.243.44,5,264
114.51.253.138,1,32
95.158.61.254,1,32
52.248.130.219,1,32
79.9.23.229,1,40
104.37.15.205,1,32
13.204.220.77,1,76
77.159.125.155,1,32
140.144.139.113,5,729
71.230.250.101,1,40
72.158.242.228,1,32
210.21.6.239,1,32
171.207.196.93,1,32
37.186.174.136,2,80
223.104.70.166,1,60
195.176.205.228,4,240
199.67.161.39,2,120
60.104.64.170,2,120
67.84.65.22,1,32
188.253.104.184,1,52
94.211.221.106,1,32
80.244.112.217,1,48
192.252.94.97,1,704
66.227.52.105,1,32
5.135.189.21,1,32
217.255.251.64,1,44
84.144.96.96,1,32
221.174.83.145,1,32
187.245.131.174,1,40
173.198.52.54,1,32
115.47.66.96,1,32
76.154.37.102,1,40
107.158.207.5,1,32
171.211.197.148,1,52
81.17.43.51,1,32
126.36.157.180,1,32
218.154.210.14,31,1860
204.147.51.172,2,120
58.200.117.253,2,120
221.23.15.251,1,32
18.232.143.186,1,32
68.108.241.190,1,32
37.96.53.250,1,32
197.41.247.78,1,40
115.255.48.123,1,32
77.222.19.147,1,32
40.101.42.153,14,840
198.209.65.71,1,32
94.69.107.5,1,32
58.199.141.101,1,32
175.163.130.140,1,32
47.61.50.50,1,32
185.213.96.75,1,44
220.131.74.133,1,96
106.27.94.14,1,60
80.142.221.147,1,32
104.210.21.56,1,32
111.122.123.252,1,48
68.32.229.203,1,32
85.245.31.156,1,52
170.214.215.234,1,44
67.182.116.50,1,32
209.174.197.59,1,60
116.23.122.35,1,32
184.160.25.127,1,32
14.112.103.72,1,32
104.109.213.107,4,270
105.240.102.223,1,44
58.239.119.97,1,48
203.135.226.81,2,120
72.229.67.231,1,32
88.11.63.69,1,40
202.87.112.153,1,32
73.176.93.151,1,32
203.135.250.240,10,600
103.5.221.118,1,32
183.86.227.72,1,40
208.126.44.232,14,840
69.34.59.250,2,96
223.5.118.145,1,32
60.147.4.221,1,132
217.30.92.234,1,32
112.238.114.214,1,40
13.22.76.33,6,1504
67.40.57.48,1,32
203.254.230.70,2,120
111.123.102.195,1,48
125.160.177.244,1,76
190.104.161.240,1,32
217.229.47.153,1,32
13.205.168.207,1,76
172.249.25.162,3,4710
151.186.107.107,1,32
87.124.240.210,1,32
181.166.0.194,1,40
196.84.145.247,1,60
38.124.162.176,1,32
36.4.225.95,1,32
214.173.11.152,2,120
87.61.159.17,2,80
71.214.104.254,1,32
90.162.96.203,1,32
187.20.226.217,1,32
210.100.100.84,1,48
67.246.52.111,1,32
218.100.13.52,1,32
90.39.245.228,1,32
188.72.12.15,1,32
177.245.93.22,2,120
213.229.31.5,15,900
146.24.69.162,6,655
162.0.37.135,1,40
95.249.150.239,1,44
174.190.58.98,1,32
70.68.83.74,1,32
36.17.241.196,1,32
35.81.93.215,1,32
122.53.11.149,1,32
5.64.104.158,1,40
34.249.63.60,18,17636
24.67.43.115,1,32
208.110.219.91,2,80
108.37.98.195,1,32
80.250.69.99,1,32
87.42.61.139,1,32
1.250.94.201,1,32
112.216.238.226,1,40
219.199.142.77,1,44
71.230.250.191,1,40
197.97.0.46,2,120
188.61.113.224,1,32
142.83.50.245,1,32
113.115.51.158,1,32
54.233.131.69,1,52
58.234.121.172,1,48
73.171.37.245,1,32
46.183.154.30,1,40
202.163.132.194,1,56
208.119.10.234,2,96
87.65.150.137,1,32
187.192.227.68,1,32
179.46.235.166,1,32
70.88.31.214,1,32
184.154.94.180,1,32
123.203.206.179,1,40
86.112.55.104,1,60
221.22.251.193,1,32
188.173.38.116,1,32
113.145.176.110,1,48
91.1.112.235,1,52
191.188.166.8,1,32
80.143.180.240,1,56
221.17.92.135,1,40
126.152.97.135,1,32
222.79.59.61,1,40
77.33.161.45,1,32
87.236.84.135,1,32
100.239.51.8,1,32
186.145.130.228,1,32
180.84.130.133,1,32
123.57.255.192,1,32
184.124.212.97,1,32
189.206.213.102,1,56
97.0.45.222,1,32
211.129.121.194,1,48
179.113.67.62,1,32
23.80.3.252,6,2577
176.5.221.135,1,32
171.57.207.130,1,52
27.253.53.35,2,80
92.23.75.94,1,32
109.48.18.50,1,40
93.178.110.138,1,60
49.91.32.65,1,32
156.32.150.95,1,40
41.208.17.59,1,32
138.221.89.121,3,120
62.198.146.96,2,100
209.48.114.86,1,32
182.243.241.61,3,1314
222.128.89.14,1,32
118.187.4.112,1,32
73.218.163.69,1,32
65.74.75.106,1,32
197.179.88.171,13,780
215.34.118.188,18,1080
116.118.216.143,1,32
186.217.113.240,1,40
73.119.130.175,1,32
219.185.80.29,1,32
221.2.100.26,1,40
96.75.188.49,1,32
188.217.221.253,1,32
88.116.247.180,1,32
111.168.39.20,1,338
83.105.197.152,1,44
218.221.170.112,2,80
183.188.30.141,27,36714
46.80.139.109,1,40
188.137.66.153,1,32
159.137.143.195,6,240
211.22.38.78,1,56
50.190.243.133,1,32
128.221.90.140,1,40
198.118.61.224,1,32
50.179.141.242,1,32
89.13.155.164,1,32
96.122.161.191,1,32
94.195.119.90,1,40
64.212.34.255,1,32
193.145.198.128,7,420
222.181.36.118,2,256
190.238.208.6,1,32
183.105.111.20,1,32
36.194.199.232,1,52
191.110.71.2,1,40
166.156.149.218,1,32
89.122.67.89,1,32
49.125.148.122,1,28
212.68.184.37,1,32
192.63.40.101,19,1140
158.218.107.78,1,32
73.61.148.219,1,32
114.61.252.91,1,32
119.87.241.248,1,48
23.192.204.225,1,32
194.252.80.212,41,2208
89.171.130.7,1,48
58.219.87.46,1,52
88.141.1.95,1,32
216.243.76.133,1,60
172.253.144.60,1,32
110.212.77.211,1,32
5.41.0.138,1,32
77.18.126.124,1,32
103.252.226.79,1,32
37.98.91.99,1,32
162.150.51.2,1,32
203.83.140.245,1,56
109.210.130.13,1,32
93.28.128.85,1,32
39.39.225.74,3,180
93.11.25.92,1,32
91.37.194.98,1,32
211.86.150.33,4,240
54.54.178.193,1,32
12.56.84.57,1,32
210.100.100.64,1,48
37.70.178.71,1,32
5.75.111.157,1,40
71.52.253.58,1,32
103.86.114.197,1,32
192.58.185.230,1,60
87.125.117.66,1,32
5.64.104.128,2,80
173.217.215.91,1,32
23.83.251.169,2,111
92.216.43.11,1,32
81.225.1.233,1,32
173.96.51.161,1,32
188.113.122.173,1,40
185.169.220.243,1,32
96.16.136.47,1,32
125.250.45.153,1,48
221.99.254.136,1,32
183.145.165.109,6,240
60.81.183.128,1,52
192.169.77.131,1,44
197.47.251.244,1,32
189.0.78.215,1,52
49.207.187.1,1,48
104.154.42.53,1,32
97.231.82.187,2,120
171.167.11.207,1,32
190.114.37.78,1,32
122.142.75.128,1,52
188.11.233.183,1,40
167.158.18.79,3,180
74.193.223.138,297,379998
194.161.190.153,6,360
36.247.61.57,1,76
199.170.173.35,1,32
85.110.131.101,5,200
189.81.173.119,1,52
139.43.126.249,2,74
13.6.84.100,1,32
189.211.21.142,1,32
47.62.219.178,1,48
130.130.234.227,6,360
211.129.121.192,3,144
112.252.11.126,1,32
41.37.70.133,1,40
204.45.233.61,25,1344
219.154.130.137,1,32
200.144.60.83,1,40
23.64.129.57,1,96
192.176.17.233,1,56
201.141.131.34,1,56
219.125.70.125,1,32
175.209.220.38,1,32
105.147.227.178,1,32
185.40.253.120,1,32
79.161.69.215,1,40
178.223.109.183,1,40
69.82.161.179,19,1140
191.235.165.133,1,32
185.72.26.109,2,80
218.7.253.196,1,32
216.76.68.142,1,32
5.250.127.65,1,32
89.209.254.12,1,52
92.181.86.108,1,32
38.184.236.39,33,1980
199.209.137.76,4,240
199.224.6.196,17,1020
5.64.104.148,2,80
180.80.91.61,1,32
195.1.10.39,1,60
187.8.47.16,1,32
37.53.40.212,1,40
68.167.164.7,1,32
114.237.17.186,1,60
192.79.113.250,11,540
213.253.131.82,1,32
37.38.67.61,1,32
178.7.171.131,1,40
55.33.6.252,19,1140
27.2.66.38,10,400
89.199.67.26,3,158
217.55.170.4,3,156
182.161.219.208,1,32
59.175.140.132,1,32
88.11.63.73,1,40
73.104.230.135,1,32
201.218.13.107,1,32
24.95.212.42,1,32
55.187.141.120,1,60
175.216.80.158,1,40
18.178.67.213,1,76
65.50.47.235,1,32
203.135.207.156,6,360
202.190.15.194,6,344
186.232.186.115,1,40
47.9.104.197,1,52
170.140.226.225,1,44
178.235.212.225,1,32
139.173.181.0,2,80
116.174.227.108,1,32
71.230.250.222,1,40
62.146.134.195,1,32
59.51.214.86,1,32
171.210.248.30,1,76
172.249.162.137,1,52
125.64.130.199,1,32
177.252.189.10,1,32
195.40.77.152,3,180
213.110.123.16,1,32
162.194.80.122,18,6617
193.212.190.179,4,240
87.67.244.94,1,32
71.230.251.251,5,200
13.161.234.222,5,212
72.235.33.26,1,32
35.68.135.238,24,14654
58.21.97.193,3,180
113.23.139.175,1,52
76.44.231.238,1,32
222.152.66.145,1,44
103.48.147.130,1,32
209.178.14.33,1,32
219.228.146.92,1,32
132.3.239.119,3,180
148.61.61.89,1,32
212.36.137.207,1,32
167.10.146.109,2,120
104.49.159.206,1,32
157.0.60.120,1,40
202.22.101.158,1,32
104.135.24.57,1,60
196.247.76.91,1,32
195.28.183.241,4,240
194.35.196.156,1,32
188.160.164.12,1,32
196.169.236.19,4,240
104.109.208.56,7,5022
92.202.227.54,1,40
125.35.53.192,1,44
118.196.252.211,1,32
112.177.13.152,1,32
210.100.100.86,1,48
83.234.219.4,1,40
160.26.205.131,1,32
177.101.131.120,1,32
27.242.162.61,3,120
79.148.201.39,1,44
162.194.80.124,12,1375
119.147.160.60,1,32
91.20.65.116,1,44
191.160.147.102,1,32
204.18.123.45,11,660
218.49.245.0,1,32
18.240.220.238,1,32
112.173.124.9,4,160
112.240.27.127,1,58
38.151.24.1,4,240
52.72.205.97,1,40
217.46.43.145,1,32
49.86.252.230,1,32
83.44.84.76,1,32
39.4.167.192,1,32
188.71.116.81,1,32
83.80.186.203,1,32
66.178.228.163,1,56
54.4.27.144,34,2040
122.46.230.166,1,32
41.185.36.169,1,44
190.115.147.133,1,60
190.187.124.21,1,40
167.124.56.105,20,1200
88.212.178.200,1,32
116.2.101.92,1,52
114.166.226.47,1,32
68.146.241.206,1,32
92.74.87.136,1,32
32.83.11.234,1,32
122.178.73.131,1,44
91.17.2.161,1,32
190.37.148.162,1,32
31.113.147.70,1,32
104.84.132.105,1,32
190.141.255.188,1,40
1.148.111.31,1,60
93.147.114.22,1,32
185.92.155.16,1,60
213.119.55.113,4,240
91.207.160.155,1,32
96.10.215.158,1,32
209.17.140.183,1,32
153.4.133.88,1,60
220.144.224.197,1,32
212.186.81.78,1,32
168.193.208.248,1,60
85.3.186.136,1,32
112.212.27.96,1,32
204.247.99.113,1,60
190.122.64.177,1,60
111.254.60.47,1,58
82.16.43.174,1,32
49.49.208.243,1,52
55.166.114.74,42,2280
76.239.191.194,1,32
64.65.244.209,1,40
220.66.209.8,1,32
14.107.116.32,1,32
68.39.95.101,1,32
2.74.205.74,1,32
35.103.42.88,1,32
83.166.125.119,1,32
198.101.215.231,1,60
193.232.244.30,7,420
124.167.51.65,6,264
91.119.1.28,1,32
46.163.67.121,1,32
184.116.236.135,1,60
73.108.197.104,1,32
79.100.89.158,1,40
186.22.107.5,1,60
208.84.66.210,1,32
58.139.94.121,1,40
187.198.113.5,1,32
98.0.152.22,1,32
78.42.184.126,1,32
112.29.175.93,3,132
172.249.29.66,65,53092
84.104.188.141,1,32
220.147.184.133,1,40
74.187.102.30,1,32
61.29.61.143,1,40
213.233.4.243,1,40
192.219.166.13,5,300
1.221.227.0,1,32
204.157.67.57,2,120
105.137.100.199,1,32
202.121.215.158,1,40
85.143.146.215,1,32
185.126.215.140,1,32
81.232.197.4,1,40
188.67.82.1,1,60
220.174.106.216,1,48
79.196.242.202,1,32
27.23.143.110,1,32
72.7.123.121,1,32
184.14.91.185,7,942
183.167.200.202,1,52
101.122.174.164,1,76
203.216.112.12,3,180
156.35.89.34,1,40
73.191.252.102,1,32
196.180.49.190,6,264
186.0.75.153,1,32
215.86.118.218,50,2724
77.79.69.79,1,32
5.32.11.34,1,32
93.212.47.160,1,32
173.241.199.30,15,2496
58.205.135.201,6,336
31.163.174.25,1,40
74.51.25.5,1,32
93.244.185.9,1,32
73.172.130.248,1,32
196.77.127.52,1,32
210.22.43.5,1,40
31.147.129.43,1,40
182.154.126.161,1,40
73.84.159.88,1,32
179.17.229.72,1,32
188.67.65.179,1,32
179.130.168.4,1,32
149.55.87.68,1,40
115.249.142.92,1,32
149.44.88.93,1,32
74.193.112.191,8,3092
31.84.128.228,1,32
18.182.181.130,3,543
81.80.218.234,1,32
219.82.62.19,1,60
177.138.150.8,1,40
75.171.189.63,1,32
68.247.12.14,1,32
210.252.30.19,2,120
200.125.253.240,1,32
187.249.197.219,1,32
62.5.75.185,1,32
45.217.196.200,1,32
123.174.46.32,1,32
118.91.132.60,1,40
2.162.223.196,1,32
191.110.185.166,1,32
134.107.59.52,2,140
210.100.100.85,1,48
5.64.104.149,1,40
202.182.207.135,1,32
85.104.230.123,1,96
83.127.19.53,1,32
123.254.40.243,1,44
90.159.181.56,1,32
205.58.79.157,1,237
61.167.227.150,1,32
94.10.129.73,1,40
203.0.187.72,1,44
198.250.81.85,3,237
54.43.187.96,1,32
14.131.254.59,1,32
89.186.188.40,1,32
99.136.248.68,1,198
115.233.47.73,1,32
91.9.150.252,4,5008
34.206.111.202,1,32
87.17.163.93,4,336
202.47.132.53,2,120
208.126.217.54,8,480
154.142.158.193,1,40
189.230.84.132,1,32
87.232.208.158,1,32
124.135.75.59,1,32
221.4.92.170,1,58
83.117.120.142,1,60
115.215.225.75,1,32
119.27.242.90,1,60
120.133.206.7,1,32
50.50.107.230,1,32
193.211.10.6,23,1380
172.249.30.152,14,3075
115.41.59.220,1,32
183.196.4.221,1,32
115.46.15.42,1,32
220.177.186.83,1,32
148.188.126.181,1,32
71.230.250.172,1,40
79.106.149.138,1,32
109.169.116.86,1,60
214.141.246.136,7,384
70.34.218.158,1,32
58.201.139.45,8,480
126.99.115.199,1,32
96.2.45.189,3,404
198.52.194.193,2,212
112.31.15.219,1,60
140.144.215.245,2,80
1.69.144.235,1,40
151.44.236.252,1,44
188.163.122.211,1,40
221.110.180.175,1,32
68.20.98.195,1,32
194.86.70.34,30,1800
211.104.205.232,9,480
213.64.46.49,24,1440
221.2.92.216,1,32
71.230.2.162,1,32
195.242.228.116,5,300
125.78.179.93,1,32
186.54.110.57,1,40
95.34.37.145,1,32
52.86.26.36,1,32
23.80.3.244,14,21539
212.62.232.35,1,32
91.195.228.36,1,40
125.255.83.170,1,60
174.124.65.159,1,32
168.26.222.218,1,32
187.199.72.213,1,40
191.120.28.6,1,60
185.45.160.71,1,44
161.154.238.139,1,32
85.125.82.169,1,60
112.228.224.22,1,32
71.21.45.201,1,32
40.138.222.75,1,32
1.249.157.102,1,40
173.126.46.186,1,32
96.108.132.37,1,32
203.136.241.35,1,44
69.134.244.158,1,32
53.10.106.23,1,60
60.66.98.225,1,60
197.36.215.188,1,40
14.18.160.244,1,32
49.82.239.187,1,32
216.155.82.0,22,1320
77.249.43.49,1,32
77.57.43.176,1,32
98.55.12.62,1,32
91.47.52.91,1,32
176.39.152.39,1,52
116.169.162.66,1,32
196.174.182.81,1,60
104.20.77.13,1,32
195.16.191.38,4,240
119.225.19.239,1,52
121.184.253.172,1,32
75.163.251.119,1,32
27.241.113.205,1,52
1.249.102.77,2,80
72.115.160.132,1,32
111.175.36.83,1,32
203.75.165.62,2,120
91.15.178.201,1,32
81.107.15.31,1,32
118.4.108.127,1,52
144.135.151.220,1,40
187.245.6.179,1,32
95.249.114.42,1,60
85.167.186.189,1,32
52.252.213.173,5,3711
89.189.113.249,1,40
178.82.149.82,1,40
210.224.109.161,1,32
193.146.26.174,2,120
88.76.206.220,1,32
205.58.72.74,1,247
63.251.85.174,1,60
186.21.207.249,1,60
197.52.62.249,1,44
83.40.206.254,1,32
54.205.162.23,1,32
23.46.125.39,1,64
179.48.237.100,3,120
104.128.80.1,4,442
104.128.84.28,6,665
188.201.45.24,1,127
109.169.116.213,1,32
113.174.153.121,1,32
173.178.43.88,2,88
115.205.241.124,1,32
23.218.211.91,4,489
69.215.138.26,1,32
62.105.54.230,1,60
217.106.109.179,1,32
95.210.218.17,1,32
104.248.133.132,1,40
97.41.122.242,1,32
113.219.92.76,1,32
112.192.185.231,1,32
187.102.161.248,1,32
166.149.203.247,1,32
187.171.136.99,1,32
95.180.109.48,1,32
216.235.126.188,1,32
79.95.55.217,2,80
104.109.231.73,1,40
122.134.81.104,1,32
98.57.43.59,1,32
211.129.121.204,1,48
213.1.108.178,1,32
89.203.96.171,1,32
177.212.46.251,1,44
115.169.60.253,2,104
89.86.146.60,1,52
165.227.3.135,1,32
187.198.43.209,1,40
213.66.104.24,17,1020
82.162.171.146,1,32
156.59.70.96,1,40
104.5.130.110,9,4716
91.21.107.107,1,40
139.234.167.120,1,32
95.171.84.61,1,32
198.58.73.202,3,120
114.33.115.203,1,76
168.109.174.21,1,56
23.100.130.150,6,976
189.67.178.192,1,32
68.40.36.212,1,32
217.91.162.166,1,32
153.12.85.93,2,120
113.71.169.22,1,32
205.86.158.157,1,32
74.233.152.57,1,32
95.249.114.63,1,32
175.228.174.233,1,32
189.126.143.128,1,32
186.184.143.23,1,32
24.169.206.249,1,40
66.59.66.197,1,32
23.66.54.64,4,593
61.131.68.30,1,32
159.153.172.26,1,40
71.230.250.85,1,40
201.79.2.190,1,32
83.196.8.58,1,40
14.206.114.144,1,32
187.29.180.83,1,32
196.190.252.241,1,40
203.176.139.6,29,1740
79.108.50.150,1,32
121.132.47.164,1,32
84.200.52.240,1,32
220.131.1.136,1,44
105.141.68.137,1,32
60.67.216.178,3,132
79.107.176.52,1,32
196.180.49.39,6,264
192.79.20.143,1,32
24.112.11.217,1,32
180.119.62.245,2,202
173.241.198.119,5,860
192.184.124.153,4,240
23.218.212.227,8,1092
200.143.187.145,1,32
18.178.82.185,1,32
182.89.137.223,4,906
194.88.149.241,1,32
31.155.67.20,1,60
219.101.253.158,1,32
187.237.223.146,1,32
221.13.119.211,1,86
177.146.124.235,1,40
202.130.159.65,1,60
255.2.147.253,2,96
117.236.121.232,1,32
106.4.30.129,3,180
193.197.138.254,1,32
125.125.34.188,1,32
218.128.12.187,2,188
119.205.241.26,1,32
200.79.50.7,1,32
187.59.253.88,1,32
171.169.131.178,1,132
59.38.214.199,1,48
112.49.66.122,1,32
202.152.92.129,1,40
80.4.136.167,1,32
123.58.2.18,1,32
84.189.45.88,1,32
178.32.178.142,1,32
93.68.108.181,1,44
70.3.157.151,1,40
204.112.7.90,1,60
156.101.186.194,1,786
107.132.82.21,5,4264
112.185.201.176,1,32
211.129.121.205,1,48
162.59.241.97,1,32
75.216.114.228,1,32
130.200.231.250,12,720
42.90.98.95,1,76
47.220.174.164,1,32
157.60.48.63,1,32
208.97.215.134,35,1872
172.249.162.147,6,431
89.94.11.149,1,32
66.170.171.150,1,32
117.117.90.237,3,919
193.181.85.7,1,32
123.25.149.230,1,52
216.154.58.237,2,120
194.75.246.226,1,60
119.21.231.113,1,40
200.37.65.107,1,32
84.69.105.180,1,32
180.95.183.16,1,48
94.136.53.208,1,32
172.65.235.8,1,40
123.134.92.51,1,32
94.183.126.94,1,32
60.65.254.3,1,32
98.38.244.166,1,40
44.16.138.171,5,300
118.173.226.6,1,32
125.214.20.16,1,32
221.33.189.155,1,32
84.105.2.246,1,32
126.231.161.186,1,32
5.64.104.141,1,40
102.139.109.180,1,32
81.88.218.155,1,44
117.245.211.155,1,32
103.213.174.219,14,7897
151.21.235.236,1,32
74.250.190.246,1,32
172.103.157.2,2,80
179.56.180.224,1,60
95.221.57.81,1,52
203.164.186.53,9,540
120.219.192.57,1,56
71.230.250.70,1,40
101.42.139.59,2,100
60.104.52.211,1,32
42.62.20.226,1,32
192.204.234.25,6,360
77.218.34.186,1,40
172.249.30.155,8,5777
182.188.176.29,1,52
176.82.218.29,2,96
196.180.49.65,6,264
183.245.226.99,1,60
216.216.231.41,1,60
168.30.178.123,1,32
212.117.69.106,1,784
59.32.218.61,1,52
203.5.186.166,19,1140
181.204.162.172,1,48
204.143.245.255,8,480
199.212.246.66,119,48464
120.117.78.88,1,32
186.105.76.73,1,32
182.70.146.146,1,52
71.230.250.218,1,40
202.79.79.80,9,540
73.7.242.61,1,32
183.224.103.112,1,48
213.38.200.117,1,40
211.175.0.48,1,76
156.42.127.205,1,40
190.209.206.27,1,32
90.113.157.73,1,40
112.29.227.59,1,48
5.255.241.39,1,84
72.21.153.219,1,32
198.53.139.214,1,32
175.100.160.60,1,32
211.6.33.120,6,360
93.46.141.119,1,40
194.116.175.80,4,240
91.16.11.24,1,40
218.148.20.153,1,40
68.163.208.202,1,32
154.129.147.13,1,40
84.95.169.94,1,32
217.216.243.214,19,1140
5.233.255.246,1,40
27.250.165.82,1,52
189.87.159.103,1,32
216.60.163.187,1,32
178.98.203.13,1,32
67.199.39.83,1,32
67.12.2.103,1,32
52.16.49.80,1,32
173.33.54.248,1,32
183.188.23.180,4,191
97.47.130.127,1,32
45.124.93.189,1,32
58.34.100.121,5,300
94.3.243.131,1,32
41.172.81.44,1,40
190.148.194.205,1,32
173.174.123.17,1,32
178.62.244.83,1,32
190.192.166.230,10,830
85.139.217.22,1,30
92.34.177.204,1,32
54.213.190.35,1,32
12.47.20.252,1,32
80.139.252.56,1,32
24.121.253.210,1,32
211.129.121.220,1,48
46.42.85.31,1,40
122.215.240.201,1,52
172.249.30.157,4,160
195.229.52.143,36,2160
86.220.48.100,1,40
183.147.147.31,1,40
218.128.12.141,3,240
61.24.67.99,1,40
121.177.76.129,1,32
113.27.155.48,1,32
168.41.2.109,1,32
181.126.253.31,1,32
194.161.59.167,12,720
156.32.27.218,1,40
86.157.187.249,1,32
100.226.63.236,1,32
69.185.78.211,1,32
188.157.85.253,1,60
188.214.7.234,1,32
194.111.130.54,1,32
54.126.137.246,32,1920
58.208.147.22,1,60
119.98.73.202,1,52
213.136.111.148,8,1068
114.152.100.51,1,40
38.152.59.213,1,60
52.245.236.41,2,469
24.11.207.122,1,32
73.247.1.85,1,32
115.41.190.220,1,52
88.55.138.50,1,44
71.230.250.211,1,40
82.207.141.238,1,32
73.162.244.137,1,32
167.220.129.80,3,180
192.173.92.128,15,900
45.126.13.107,1,76
74.43.1.56,1,32
211.98.243.162,1,32
151.150.76.97,8,5910
71.95.84.42,1,32
214.238.246.74,11,636
54.48.65.155,1,76
205.58.74.164,1,264
72.105.1.223,1,32
98.239.214.58,2,120
115.194.196.181,1,32
82.112.242.195,1,32
197.49.51.59,1,40
109.172.13.71,1,32
108.156.33.227,1,32
104.21.206.216,1,32
213.105.252.183,1,32
211.108.108.160,36,1956
5.64.104.152,1,40
209.41.235.204,1,32
197.87.45.145,3,180
76.52.48.20,1,136
78.37.225.192,1,32
47.45.140.161,1,32
199.58.131.83,1,60
81.129.167.92,1,60
39.90.104.229,9,540
71.230.250.21,1,40
97.59.158.31,1,32
71.230.250.68,1,40
112.254.68.255,1,132
47.85.179.151,1,32
95.97.127.213,1,32
192.134.63.34,3,226
77.16.77.58,1,32
90.121.192.202,1,32
163.73.109.152,1,32
172.249.28.67,15,1918
115.65.105.243,1,44
46.184.114.97,1,32
64.37.34.48,1,32
217.235.44.36,1,32
79.163.215.36,2,80
24.181.31.83,2,80
64.228.227.36,1,32
54.202.228.211,1,32
213.7.37.136,1,32
79.30.14.230,1,32
49.83.146.241,1,32
222.186.116.97,1,32
139.241.128.170,1,60
98.19.244.216,1,32
99.172.145.193,1,60
27.243.36.35,1,60
76.158.242.197,1,32
141.149.249.0,3,120
100.213.1.225,1,32
114.59.189.89,1,28
60.22.20.45,1,32
188.49.213.252,1,40
221.242.210.180,1,32
43.211.26.58,1,40
115.65.103.145,1,44
183.180.2.145,1,132
220.56.103.254,1,324
67.238.141.233,1,32
103.112.181.209,1,40
83.110.242.22,1,32
78.36.196.255,1,32
115.128.68.44,1,32
214.34.155.93,1,60
91.74.88.34,1,32
149.55.102.30,1,40
76.89.229.247,1,32
5.239.6.27,1,40
13.194.178.91,1,32
71.161.189.167,1,32
52.249.79.120,1,76
221.7.81.27,1,76
134.214.76.147,1,40
88.67.27.193,1,44
93.89.107.177,1,32
195.60.125.155,1,32
181.72.98.72,1,32
45.112.170.53,1,60
94.231.23.87,1,44
68.72.128.207,3,400
177.182.224.164,1,32
175.243.225.195,1,32
147.97.174.143,1,32
81.242.219.146,1,32
192.75.216.169,7,336
93.168.125.220,1,32
217.251.204.22,1,32
70.209.127.72,35,2100
218.244.153.224,1,32
177.125.80.98,1,32
62.84.244.247,1,32
113.161.67.194,1,52
112.220.51.201,1,32
217.174.20.93,1,32
195.168.45.149,1,32
193.237.245.14,4,240
167.148.79.19,2,80
194.37.181.216,10,600
14.32.158.20,1,32
123.27.14.22,1,52
88.11.63.84,1,40
66.114.1.166,1,32
126.208.19.34,1,32
5.126.101.167,1,32
37.55.45.42,1,40
218.146.148.185,1,32
200.67.180.117,1,32
23.64.129.35,2,208
176.101.48.226,1,40
184.70.125.102,1,32
222.171.189.203,1,52
197.165.126.241,4,216
201.112.142.206,1,52
27.119.11.160,1,32
58.194.25.2,1,60
124.214.77.134,1,40
91.151.203.72,1,56
50.21.97.158,5,300
58.51.14.91,1,60
122.61.236.169,1,44
124.166.24.210,1,32
24.251.159.181,1,32
162.12.51.215,2,80
166.133.189.115,1,32
121.93.192.199,1,32
66.251.7.65,1,32
36.171.222.210,1,58
193.75.28.195,1,56
54.227.4.138,1,76
198.41.153.96,1,231
115.196.27.136,1,60
178.103.163.94,1,48
115.119.75.177,1,32
72.163.91.95,1,32
179.112.124.135,1,32
116.149.198.63,1,48
182.187.55.90,1,40
108.190.161.180,1,76
99.35.207.38,1,32
72.150.129.19,1,32
179.190.130.141,1,44
74.193.187.159,1,60
116.29.219.239,1,32
58.44.148.64,1,32
36.213.219.116,1,52
222.134.230.0,1,32
165.252.25.62,1,32
74.239.26.138,1,32
49.160.14.39,1,52
172.116.152.96,1,32
83.9.130.242,1,32
109.121.11.188,1,32
139.173.159.118,2,80
104.106.97.175,1,32
213.227.9.109,2,80
108.88.76.214,1,32
125.244.184.38,1,76
123.169.66.45,1,40
193.227.254.81,1,32
69.92.214.101,2,376
36.26.152.247,1,48
36.31.160.12,1,40
113.127.72.141,1,58
80.114.218.174,1,32
69.254.26.25,1,32
210.54.231.42,1,32
58.54.124.185,1,32
192.179.239.107,1,32
61.91.29.60,1,32
55.166.207.175,7,336
85.88.254.191,1,32
14.95.164.126,1,52
119.73.114.120,1,32
203.177.185.82,1,32
89.80.189.227,1,32
110.44.33.112,1,40
59.43.101.75,1,52
182.243.128.13,4,1369
46.114.244.242,1,32
217.216.113.168,1,32
81.243.34.135,1,32
185.51.221.144,1,32
41.112.145.243,1,32
172.201.29.104,1,32
76.63.243.236,1,32
255.236.56.56,3,180
195.37.178.251,2,120
180.117.174.178,1,56
24.2.159.44,1,32
177.158.203.159,1,32
117.4.242.41,1,32
24.132.63.176,1,32
187.232.141.150,1,32
71.230.250.20,2,80
195.223.132.37,69,4140
71.230.250.49,1,40
31.179.37.146,1,32
209.251.17.74,2,120
189.73.3.83,1,32
69.134.1.153,1,56
131.142.136.58,3,180
117.255.66.231,2,96
71.230.250.140,2,80
2.217.204.156,1,32
70.51.41.152,1,44
184.155.27.151,1,32
1.84.89.236,1,40
185.236.4.98,1,32
89.209.52.177,1,32
149.158.205.139,1,60
2.78.15.75,1,32
111.217.215.166,1,48
90.113.144.134,1,40
12.42.153.133,1,60
202.60.226.197,1,60
154.22.251.17,1,32
216.210.224.12,1,40
211.139.66.209,1,60
211.1.60.122,1,32
194.136.61.141,5,300
1.37.25.253,1,32
83.137.113.190,1,32
114.237.247.52,1,32
116.165.238.202,1,32
49.109.98.29,1,32
213.200.61.215,1,40
182.111.9.102,1,32
104.32.131.27,1,32
142.248.116.146,1,40
72.36.99.54,1,32
194.8.29.227,2,120
38.155.59.85,1,32
78.15.49.213,1,32
110.71.48.231,1,58
192.93.28.184,2,76
148.55.139.79,1,32
31.83.51.77,1,32
203.57.121.195,16,864
211.54.144.83,1,32
24.38.125.250,1,32
103.63.224.70,1,32
73.250.3.40,1,32
203.104.176.213,1,32
216.102.125.254,1,32
177.176.254.8,1,44
62.129.45.117,1,32
63.198.190.179,1,32
60.119.135.69,1,32
64.22.164.130,3,233
118.251.117.83,1,48
99.213.241.11,1,32
77.217.89.42,1,32
185.252.221.169,2,80
134.214.247.119,2,80
59.120.181.210,2,80
197.146.13.27,1,32
113.20.26.59,1,48
45.57.106.130,2,120
193.172.151.93,2,120
167.150.90.225,13,780
209.130.84.54,1,44
177.223.34.187,1,40
3.228.237.0,2,146
88.80.75.104,1,32
183.97.55.29,1,40
172.249.162.141,4,1314
103.158.221.195,1,32
27.233.81.250,1,32
139.173.155.216,1,40
182.116.2.231,1,32
34.251.105.118,1,84
54.59.82.42,3,156
177.204.51.202,1,32
125.160.31.40,1,32
178.182.75.78,1,32
218.195.107.184,1,32
185.131.93.97,1,32
209.124.212.211,1,60
185.161.90.107,1,40
222.70.176.239,1,52
188.175.252.121,2,80
216.136.45.2,4,216
82.22.209.206,1,32
174.201.91.214,1,32
183.132.187.98,1,32
62.73.204.213,1,32
177.212.202.1,1,60
249.52.216.147,1,60
167.25.243.104,6,360
52.15.23.207,1,76
82.61.51.18,1,40
122.240.58.106,1,32
67.174.188.45,1,32
23.60.135.229,1,40
31.96.35.200,1,32
172.215.76.134,1,32
195.71.60.138,1,60
14.243.112.140,1,60
49.79.78.28,1,32
122.118.125.182,2,96
173.110.64.213,1,32
192.33.47.55,6,347
27.64.252.139,1,76
203.31.220.213,3,180
173.182.30.68,1,40
96.47.123.228,1,32
203.161.129.89,1,32
119.220.148.158,1,32
181.90.246.43,1,32
199.183.143.190,1,60
46.88.97.171,1,32
88.196.66.173,1,32
200.89.36.213,1,60
190.218.225.247,1,32
139.173.241.31,2,178
27.235.244.84,2,100
201.221.89.150,1,32
110.42.160.247,1,60
220.112.112.210,1,32
108.201.175.98,1,32
121.51.129.10,1,32
122.39.238.158,1,32
96.55.171.141,1,32
114.168.18.239,1,32
185.187.36.62,1,60
68.97.65.79,1,148
120.98.11.125,1,32
62.31.175.214,1,32
115.168.16.40,1,32
186.54.49.37,1,32
210.100.100.108,1,48
111.121.185.190,1,76
185.164.156.89,1,60
24.244.109.5,1,32
195.200.175.43,1,32
203.136.253.155,1,44
114.0.81.241,1,40
39.36.71.154,1,44
198.23.122.205,4,240
55.158.141.248,9,540
36.196.83.127,1,32
193.218.20.16,1,44
116.176.62.187,1,52
73.37.47.85,1,32
82.8.180.31,1,32
189.35.49.22,1,32
61.108.109.210,1,60
100.216.140.123,1,32
202.93.172.162,9,540
23.121.0.200,1,76
106.48.157.218,1,76
14.44.203.225,1,32
104.14.135.11,15,13420
73.235.32.117,1,32
13.161.171.154,1,32
182.186.76.212,1,32
104.248.178.161,2,80
45.63.82.170,1,32
1.81.211.77,1,32
34.227.242.71,1,32
69.233.131.162,1,32
50.13.13.194,1,32
189.14.132.94,1,32
95.48.230.15,1,32
60.71.246.226,1,40
74.54.25.241,1,32
193.192.40.156,14,840
81.90.52.76,1,32
103.99.86.223,1,40
220.152.75.171,1,32
45.48.157.70,2,111
202.175.63.120,4,240
94.49.205.225,1,32
1.76.16.72,1,60
182.193.2.14,1,32
124.135.120.91,1,76
128.26.238.109,1,44
31.113.147.71,33,43736
104.13.219.129,1,32
118.75.156.113,1,52
50.185.55.157,1,44
139.173.128.224,2,114
213.240.112.147,1,32
58.112.172.69,1,32
58.185.165.251,1,28
88.75.42.206,1,32
218.165.176.125,2,310
62.145.45.151,1,32
181.14.243.222,1,32
211.238.106.117,1,60
219.165.7.240,1,32
123.214.195.155,1,32
97.51.146.228,1,32
125.14.195.67,1,32
41.151.96.0,4,240
160.65.133.175,1,32
5.87.127.54,1,32
91.198.189.196,1,32
114.163.104.59,2,80
52.14.111.141,1,76
212.210.203.251,1,32
214.52.163.120,1,60
13.218.8.241,15,7998
202.129.62.160,11,1736
178.222.105.239,1,40
84.228.31.112,1,32
207.126.13.80,1,32
45.49.214.62,1,120
177.222.175.246,1,32
98.113.110.79,1,32
27.54.176.117,1,52
74.45.22.163,1,32
104.235.251.8,1,32
156.33.184.32,1,40
113.158.137.217,1,40
145.146.2.97,1,40
188.65.215.191,1,44
213.169.11.6,1,32
88.7.24.123,1,32
50.7.69.173,1,60
4.96.91.177,1,32
211.129.121.210,1,48
201.152.16.182,1,40
23.206.32.207,1,32
194.18.177.17,1,32
215.162.98.255,28,1680
87.192.57.129,1,32
175.59.235.228,1,32
73.136.141.232,1,32
18.225.175.137,1,32
79.100.219.1,1,32
90.26.66.245,1,32
89.229.60.44,1,32
39.25.179.31,39,2340
106.84.98.129,1,52
196.194.55.122,1,32
65.120.130.87,1,32
114.239.235.135,1,32
118.84.221.221,1,32
159.247.116.29,1,32
42.49.133.248,1,60
72.196.110.181,1,32
71.230.250.138,1,40
221.199.173.157,1,40
89.214.30.82,1,40
190.26.4.153,1,60
203.166.184.152,7,1227
183.196.48.161,1,32
71.230.250.177,1,40
52.102.46.218,1,32
172.97.130.97,1,32
41.250.185.179,1,32
188.163.72.75,2,128
18.178.222.22,1,76
221.126.16.36,1,32
76.134.168.135,1,40
58.41.17.165,1,32
82.15.67.218,1,32
52.14.63.111,1,76
81.174.75.114,1,32
84.204.92.67,1,32
31.163.56.82,1,40
27.42.179.1,1,32
70.147.141.101,1,32
195.24.101.204,1,40
99.225.204.242,1,32
27.240.253.102,1,32
206.190.211.39,2,80
98.233.248.130,2,120
104.166.13.72,1,32
186.14.122.206,1,32
59.23.92.178,1,32
77.146.9.241,1,40
182.211.246.238,1,52
70.107.174.210,1,32
83.93.20.36,1,32
71.235.77.2,1,32
210.100.100.109,1,48
124.232.235.171,1,46
191.215.89.183,1,32
96.54.193.46,1,32
31.123.173.21,1,48
42.90.30.138,1,60
220.1.66.45,1,32
210.58.66.186,3,180
46.93.78.246,1,32
107.170.132.110,1,32
118.163.237.104,1,32
24.98.89.166,1,32
178.246.65.20,1,32
178.170.171.120,1,32
54.162.97.111,1,32
66.157.180.170,1,32
111.254.99.204,1,52
194.208.212.30,1,56
193.152.152.0,16,960
177.233.12.243,2,80
43.195.117.14,1,60
61.174.239.60,1,32
83.71.205.222,1,32
160.162.7.51,1,32
62.233.196.228,1,32
84.126.137.217,1,32
39.50.237.127,1,32
2.167.174.176,1,32
173.74.162.43,1,32
192.108.225.208,8,704
216.68.133.206,5,463
80.54.242.26,1,32
52.14.187.229,1,76
85.62.235.25,2,80
77.40.88.25,1,52
91.166.90.206,1,32
179.150.165.231,1,32
153.13.232.11,3,180
187.8.20.63,1,32
119.68.179.230,1,32
221.142.229.208,1,32
77.185.148.200,1,32
152.28.15.191,1,60
125.247.11.110,1,132
123.139.64.18,1,56
89.150.143.91,1,56
188.103.148.120,1,32
160.171.98.140,1,32
36.195.97.64,1,32
218.139.251.159,1,32
185.100.140.25,1,32
211.0.89.189,2,198
182.198.1.176,1,52
37.16.47.16,1,32
221.128.193.138,1,40
101.124.25.251,1,76
111.173.126.43,1,32
42.56.110.204,1,32
89.248.130.243,1,60
95.207.213.99,1,32
139.239.225.210,1,32
61.127.106.184,1,76
104.52.31.189,1,32
118.253.120.31,1,32
112.153.168.45,1,52
210.13.109.47,1,32
52.83.161.205,1,32
185.239.168.115,1,40
142.25.40.201,1,40
183.105.226.182,1,32
74.167.221.18,1,32
112.31.47.151,1,76
41.97.59.237,1,32
113.210.82.116,1,32
188.7.43.142,1,32
123.154.165.55,1,52
183.161.58.167,1,76
23.119.7.3,1,32
89.83.127.202,1,52
174.190.20.72,1,32
218.16.82.38,2,120
64.175.84.21,2,80
162.163.228.228,1,44
222.211.236.174,1,52
69.236.73.184,1,32
189.247.140.216,1,60
217.151.251.151,8,480
52.249.127.44,1,76
52.18.194.240,1,32
195.252.49.170,1,44
193.81.84.67,1,32
93.140.229.17,1,52
200.176.210.224,1,32
121.154.196.78,1,60
192.179.217.58,5,300
177.65.90.124,1,40
174.196.235.119,1,32
38.186.226.159,4,410
190.253.187.35,1,32
118.194.0.1,1,32
182.169.220.33,1,48
72.243.199.195,1,86
78.165.187.35,1,32
89.21.14.19,1,60
199.216.206.66,10,600
124.239.185.148,2,120
72.241.61.75,1,32
211.161.230.17,1,32
182.205.15.15,12,5023
223.50.108.103,1,32
186.215.149.235,1,32
215.84.149.184,1,60
96.73.189.129,1,32
216.156.27.14,14,828
123.247.11.9,1,32
68.234.109.18,1,32
146.71.236.244,1,60
190.18.91.34,1,32
108.177.31.110,1,32
177.138.96.239,1,32
85.218.25.118,1,32
134.180.4.101,9,1074
167.79.218.30,2,120
5.36.235.244,1,52
203.209.196.25,11,660
27.206.175.43,1,32
216.93.250.239,1,32
202.201.73.222,11,6025
183.159.27.26,1,32
31.181.69.163,1,32
85.142.109.90,1,32
181.57.4.46,1,32
78.32.172.165,1,32
196.120.208.206,13,780
58.164.202.78,1,60
178.195.244.14,1,32
85.246.125.16,1,32
173.46.209.131,1,32
52.224.51.144,16,12448
98.240.34.40,1,32
5.43.241.208,1,32
177.67.19.126,1,60
193.176.189.55,1,32
41.108.147.39,1,32
4.81.114.87,1,32
93.51.164.5,1,32
115.208.122.30,1,52
12.222.190.99,1,32
112.243.207.109,1,76
222.235.212.205,1,32
36.0.229.96,1,32
211.129.121.213,2,96
128.78.158.17,1,32
94.253.141.117,1,32
67.142.55.8,1,56
54.185.15.102,1,32
187.50.131.96,1,32
217.67.104.165,1,60
202.16.143.179,1,40
98.237.156.82,2,120
151.243.61.21,1,32
79.58.241.249,1,32
182.243.178.247,1,52
194.211.92.230,6,360
191.109.70.135,1,40
131.94.137.94,1,40
213.89.180.197,1,32
112.174.154.248,1,32
37.17.223.245,1,40
126.201.105.97,2,100
49.204.206.107,1,32
79.211.53.164,1,32
205.58.78.14,1,264
23.92.235.34,2,111
192.37.5.198,1,32
188.62.141.56,1,32
66.215.83.102,1,32
12.176.26.41,1,32
58.40.239.89,1,32
71.170.11.117,1,32
84.67.216.33,1,32
83.241.125.219,1,32
112.140.157.163,1,32
204.199.253.109,1,60
118.85.183.38,1,40
222.191.206.187,1,32
176.222.125.129,1,32
187.53.169.110,1,32
115.241.89.112,1,32
182.221.92.232,1,32
23.94.230.90,1,40
117.26.80.212,1,32
52.106.226.206,1,32
73.13.68.213,1,32
141.42.29.31,1,40
32.208.9.231,1,32
146.72.190.133,1,32
188.135.91.81,1,44
58.178.207.55,1,32
195.46.222.63,2,96
189.207.37.52,1,32
79.233.103.127,1,32
172.88.99.52,1,32
92.254.178.82,1,40
113.170.157.147,1,32
200.22.233.196,1,32
105.46.130.68,1,32
195.164.152.100,17,1020
61.41.67.227,1,52
197.168.14.40,16,960
201.107.228.111,1,32
119.135.225.132,1,76
141.180.212.178,1,32
111.202.147.35,1,40
106.52.229.98,1,48
210.134.171.115,1,32
94.1.1.225,1,32
69.95.50.38,1,32
67.96.237.10,1,32
71.230.250.241,1,40
75.126.222.199,1,32
177.163.252.225,1,60
104.242.157.80,1,32
58.221.7.107,1,52
62.2.50.193,1,60
59.111.229.107,1,32
62.237.51.50,719,1077336
174.213.243.22,1,32
217.224.122.168,14,840
68.24.12.5,1,32
4.99.250.26,1,55
75.86.44.148,1,32
24.47.187.189,1,32
79.35.194.206,1,32
105.130.25.102,1,39
85.107.188.36,1,32
60.150.172.179,1,32
114.166.219.189,1,32
12.0.116.90,1,32
80.4.46.245,2,88
106.87.4.214,1,60
78.5.251.117,1,32
175.227.49.200,1,32
218.241.27.155,1,32
118.196.201.31,1,48
207.111.226.193,1,32
23.97.172.223,1,32
61.26.0.127,1,96
182.4.147.198,1,32
193.8.103.242,9,540
71.230.250.240,2,80
103.106.92.173,1,32
93.250.159.160,1,32
5.64.104.138,2,80
202.153.2.147,1,96
213.85.162.201,1,32
208.127.215.67,3,128
124.234.94.92,1,52
87.17.126.187,1,32
13.161.234.211,1,83
204.80.222.74,2,108
62.84.84.177,1,40
82.176.84.201,1,32
178.222.61.174,1,40
153.16.205.110,1,60
86.247.225.104,1,32
95.196.16.190,1,48
199.57.81.62,1,724
5.105.123.104,1,32
88.245.202.101,2,80
54.49.235.108,1,850
37.17.180.188,1,40
109.149.83.54,1,32
116.153.48.244,1,60
1.44.17.68,1,32
212.248.140.101,1,32
213.177.187.26,1,32
120.198.109.42,1,32
198.41.152.239,1,231
188.64.89.33,1,32
171.193.235.244,1,32
114.45.39.93,4,232
79.171.55.172,1,32
93.36.180.191,1,32
80.141.194.87,1,32
200.161.121.110,3,180
87.51.47.97,1,32
217.58.49.86,1,32
14.127.239.178,1,32
61.112.233.121,1,32
93.80.162.244,1,44
42.16.171.149,1,32
31.217.40.37,1,40
1.197.129.99,1,32
186.143.18.185,2,88
192.213.179.222,2,1333
121.223.101.0,1,32
79.187.75.147,1,32
111.162.49.123,1,32
86.142.14.25,1,32
113.121.199.6,1,32
23.44.31.120,1,32
133.232.239.180,1,32
52.248.144.89,1,364
14.67.180.121,1,60
71.204.203.74,1,32
184.118.221.59,1,32
194.137.253.135,4,240
74.189.116.3,1,32
193.38.130.51,15,900
187.126.99.83,1,52
126.191.61.121,1,60
202.199.177.125,1,32
68.215.84.199,1,32
46.161.77.105,1,32
78.250.252.38,1,32
223.123.219.235,1,32
171.203.93.232,1,32
115.91.145.0,1,40
89.195.90.232,1,32
195.5.101.5,1,60
103.80.51.103,1,40
108.189.187.38,1,60
52.66.212.146,1,32
37.241.89.209,1,32
78.164.28.91,1,32
184.121.241.43,1,32
209.197.30.202,1,60
123.233.239.73,1,32
37.24.124.111,1,32
113.250.212.62,1,32
194.217.253.83,1,60
114.157.99.74,1,32
107.161.28.142,3,120
45.126.28.94,4,160
5.124.139.20,1,40
61.83.16.6,1,40
79.113.174.134,1,44
185.13.104.254,1,40
52.248.68.178,1,76
59.7.159.75,1,32
172.103.170.64,2,80
62.148.209.148,1,40
42.19.104.220,1,40
80.239.140.80,1,32
194.146.4.252,1,32
77.31.14.187,1,32
209.197.20.225,1,32
90.19.244.82,1,32
38.241.8.13,2,120
72.27.175.114,1,32
193.27.187.44,1,48
107.216.156.215,1,32
181.14.195.225,1,32
74.193.190.87,1,98
172.249.30.184,16,1316
106.40.142.45,1,32
61.203.159.149,1,40
204.221.126.57,2,120
216.198.83.105,1,56
46.131.96.81,1,32
254.82.19.159,16,960
14.10.243.244,1,32
88.134.1.55,1,32
201.13.153.69,1,32
211.129.121.218,3,144
5.64.104.153,4,160
223.97.54.41,1,48
175.204.79.245,1,40
192.44.203.123,1,32
47.210.94.104,1,32
175.136.67.101,1,32
109.48.170.50,2,80
188.176.131.12,1,32
37.231.118.97,1,40
197.205.22.181,1,32
189.94.110.239,1,32
71.35.30.146,1,32
187.199.244.241,1,40
5.40.154.151,1,44
68.214.209.172,1,32
87.181.64.47,1,32
102.187.45.2,1,32
180.126.154.115,1,52
88.239.235.24,1,32
38.50.167.47,1,60
113.86.236.137,1,40
31.154.7.188,2,80
112.137.189.61,1,32
167.242.131.0,3,180
93.124.13.9,2,64
172.87.100.65,1,32
129.207.30.237,3,180
73.16.101.39,1,32
47.83.53.95,1,32
34.252.230.245,1,32
115.22.47.243,1,32
217.31.88.5,1,60
200.254.162.254,10,600
122.214.194.220,1,32
13.206.75.7,1,76
205.25.235.254,1,32
119.5.52.209,1,32
40.59.62.191,21,9084
175.136.149.232,1,76
177.150.133.111,1,40
157.42.152.220,1,60
36.163.134.176,1,32
46.217.187.118,1,48
27.179.4.238,1,32
115.61.22.116,1,48
27.216.94.198,1,64
185.84.0.160,1,44
138.185.166.121,1,48
159.115.49.144,1,32
209.130.39.21,1,44
78.194.131.76,1,32
96.5.125.244,1,32
210.22.63.67,1,32
114.204.109.100,1,32
108.73.145.147,1,319
200.217.13.239,1,60
115.51.86.128,1,52
76.237.142.15,1,32
179.190.230.198,1,60
185.135.128.10,1,1071
71.234.12.229,1,32
71.230.250.179,1,40
188.174.155.60,1,32
194.250.31.25,1,60
118.172.165.16,1,313
94.49.21.103,2,80
192.97.11.17,14,840
148.144.148.77,1,32
60.58.219.132,1,32
82.224.141.60,1,32
76.135.171.254,1,32
200.71.252.33,1,60
2.19.96.135,1,32
184.34.153.199,1,32
171.171.40.91,1,48
171.212.231.159,1,58
218.89.222.102,1,32
75.95.173.2,1,60
167.97.153.133,1,60
126.240.158.51,1,32
178.222.224.193,1,40
76.222.52.252,1,60
193.109.143.107,1,60
122.9.229.124,1,76
94.205.126.76,1,40
60.81.55.69,2,120
131.34.159.180,1,32
171.237.92.165,1,48
183.100.238.51,1,32
108.23.211.42,1,32
76.137.154.201,1,32
222.110.227.42,1,32
61.75.148.204,1,60
180.145.134.201,1,48
84.108.193.108,1,32
64.22.165.115,8,3566
12.215.35.87,1,32
173.57.84.202,1,32
221.34.199.157,1,32
81.178.224.80,1,32
61.124.158.161,1,32
34.238.130.223,2,429
175.62.17.159,1,32
91.58.129.241,1,56
172.112.227.149,1,32
193.76.145.81,1,32
91.107.193.193,1,32
96.202.145.17,1,32
62.117.78.255,1,40
104.58.17.196,1,32
80.31.51.154,1,32
147.104.107.203,5,200
87.197.165.218,1,32
192.41.252.47,3,180
125.200.246.223,1,32
27.56.226.190,1,32
173.118.36.140,1,32
114.243.128.95,2,88
94.243.215.149,1,32
115.237.225.113,1,32
122.174.158.201,1,32
112.165.109.13,1,32
154.201.203.33,1,32
103.105.142.139,1,32
91.58.130.113,1,56
89.128.14.36,1,56
218.198.219.228,1,32
182.199.242.40,1,32
68.210.8.171,1,32
41.20.125.213,1,32
136.242.244.205,1,32
68.214.47.243,1,32
91.58.130.157,1,56
196.54.141.205,1,32
74.231.174.68,1,32
91.58.130.152,1,56
91.58.129.234,1,56
73.130.67.223,1,32
193.98.88.63,1,32
87.75.180.121,1,32
91.58.129.141,1,56
183.154.226.202,1,32
1.31.33.50,1,32
92.66.32.74,1,32
211.98.236.49,1,84
91.58.128.160,1,56
94.244.4.107,1,32
46.121.206.252,1,44
91.58.128.43,1,56
175.211.206.138,1,32
89.237.251.223,1,32
45.125.150.1,2,943
104.212.15.79,1,107
184.97.64.31,1,32
168.37.172.97,1,44
105.140.58.230,1,32
67.73.80.187,1,32
23.108.103.232,1,32
94.177.32.9,1,32
91.58.128.118,1,56
117.96.138.32,1,48
91.58.129.17,1,56
195.66.129.37,1,32
186.9.212.179,1,32
72.162.30.29,1,32
62.67.206.43,1,32
210.178.222.159,1,32
220.190.227.178,1,32
191.185.130.78,1,32
186.191.2.143,1,32
84.149.2.157,1,32
200.8.47.249,1,32
61.97.4.141,1,32
219.104.236.217,1,60
91.58.131.245,1,56
221.118.15.215,2,96
151.78.255.75,1,40
91.58.128.242,1,56
119.234.209.138,1,40
218.134.210.172,1,52
106.4.109.165,1,32
106.100.153.61,1,52
91.58.131.117,1,56
94.239.45.112,1,32
185.25.164.90,1,60
95.18.244.18,1,32
92.186.122.29,1,56
91.58.129.106,1,56
91.58.128.29,1,56
38.112.192.195,1,96
64.178.29.94,1,60
128.144.207.62,1,32
84.0.35.129,1,32
13.206.216.147,1,76
91.58.128.108,1,56
17.199.26.176,1,83
214.51.208.37,2,120
214.226.215.48,4,240
68.225.139.155,1,32
121.242.171.146,2,100
91.58.128.218,1,56
211.129.121.217,2,96
156.41.222.21,1,40
196.146.102.202,2,120
91.58.130.251,1,56
60.81.53.161,1,60
90.162.255.117,1,56
91.58.131.174,1,56
31.207.123.101,1,40
91.58.130.173,1,56
91.58.128.254,1,56
120.148.60.55,1,32
91.58.128.197,1,56
27.234.74.249,1,40
161.237.75.197,1,32
91.58.131.90,1,56
60.135.47.85,1,32
91.58.128.231,1,56
91.58.128.130,1,56
109.21.19.189,1,32
178.39.162.53,1,44
113.196.254.36,1,52
96.64.220.42,1,32
91.58.129.214,1,56
91.58.130.81,1,56
123.121.54.104,1,132
209.49.103.239,8,432
174.149.180.185,1,32
222.167.185.233,1,32
90.162.255.143,1,56
171.156.211.215,1,32
104.149.77.231,1,32
104.61.197.254,1,32
100.251.189.139,2,429
91.58.131.72,1,56
78.109.142.217,1,32
91.58.129.122,1,56
79.42.125.255,1,40
106.57.35.68,1,76
91.58.128.3,1,56
180.92.202.136,1,52
192.142.223.177,4,240
91.58.130.24,1,56
90.9.37.128,1,32
91.58.128.83,1,56
90.89.76.113,1,56
91.58.131.249,1,56
89.128.14.65,1,56
173.123.222.235,1,32
46.183.103.134,1,32
192.91.242.133,1,40
114.200.19.22,1,60
64.65.244.70,1,40
139.68.229.167,5,200
90.162.255.65,1,56
140.144.214.121,2,80
92.92.169.92,1,52
228.116.123.122,2,108
92.186.120.207,1,56
91.58.128.31,1,56
91.58.128.45,1,56
86.133.115.81,1,32
88.16.12.90,1,32
106.96.90.9,2,80
90.162.246.139,1,56
17.166.128.148,5,3114
197.213.202.188,2,120
54.250.150.222,1,76
222.212.43.157,1,48
4.126.75.169,1,32
90.162.246.137,1,56
61.3.240.35,1,56
87.161.202.50,1,32
98.8.237.51,1,32
115.43.146.6,1,40
201.32.239.103,1,40
107.157.250.21,2,80
187.47.225.123,1,32
196.245.135.214,1,32
59.36.188.11,1,48
220.139.228.97,1,322
90.162.254.139,1,56
75.185.175.212,1,32
188.239.103.187,1,44
174.225.193.33,1,40
90.162.254.224,1,56
92.186.121.80,1,56
2.70.24.152,1,52
90.162.246.75,1,56
189.19.230.143,1,32
219.244.5.12,1,40
5.162.145.117,1,32
123.152.183.159,1,48
92.186.122.157,1,56
209.247.55.205,14,816
92.186.120.114,1,56
194.98.2.41,5,276
182.30.88.118,2,120
187.96.8.54,1,44
5.27.62.244,1,32
103.41.58.192,1,40
200.163.155.97,1,32
94.186.43.181,2,96
90.162.255.96,1,56
192.242.63.11,2,80
41.149.116.53,1,32
210.180.140.26,1,60
92.186.120.134,1,56
206.216.86.146,3,254
77.83.204.17,1,32
198.154.177.240,4,240
92.186.122.165,1,56
213.38.161.3,1,40
92.186.122.214,1,56
94.52.221.178,1,40
129.255.253.41,1,32
187.245.148.212,1,40
62.213.90.35,1,315
216.159.189.146,8,480
217.23.142.36,1,32
123.246.247.189,1,132
91.42.231.18,1,40
192.148.95.166,1,60
92.186.120.204,1,56
186.160.235.173,1,32
90.162.254.124,1,56
123.15.218.75,1,32
215.34.207.226,1,60
192.203.237.228,5,300
65.208.109.49,1,32
74.193.187.98,1,52
92.186.122.103,1,56
110.138.201.119,1,93
121.91.19.53,1,32
92.186.122.112,1,56
113.225.195.211,1,32
27.49.20.57,1,32
41.18.178.25,4,240
65.155.231.255,1,32
50.131.80.52,1,32
12.199.212.7,1,32
145.149.235.11,1,32
174.114.195.197,1,32
211.88.60.18,1,32
90.162.255.13,1,56
50.22.228.196,1,32
167.95.95.191,1,32
109.43.17.112,1,40
173.244.244.234,1,28
40.41.34.99,1,32
71.230.250.28,1,40
213.181.45.47,1,32
107.176.153.235,1,32
192.153.108.142,1,60
88.11.194.105,1,32
72.170.250.161,1,28
201.224.198.157,3,120
80.137.1.246,1,32
172.249.30.10,6,2401
92.186.123.207,1,56
47.190.210.7,1,32
79.114.155.43,1,40
210.254.135.190,1,80
109.217.244.59,1,32
91.118.170.78,1,32
116.158.33.115,1,32
193.189.244.36,1,32
71.230.250.67,1,40
85.140.65.14,1,40
180.94.61.243,1,52
133.172.216.196,1,32
222.218.164.187,1,76
173.221.209.235,1282,1858834
115.49.16.229,21,1260
129.235.183.101,2,80
202.143.229.129,7,420
37.140.148.51,1,32
195.29.159.29,1,32
201.149.242.208,1,32
75.172.188.164,1,32
35.68.158.149,2,138
90.162.254.181,1,56
195.156.142.189,29,1740
50.225.109.17,1,32
210.77.78.130,1,32
14.104.210.212,1,32
183.64.243.158,1,40
195.161.210.195,1,32
37.73.235.201,1,32
177.150.68.254,1,40
58.195.193.132,1,52
194.120.151.31,1,60
200.245.135.21,18,1080
188.89.74.195,1,32
60.17.198.14,1,48
167.126.34.106,1,56
123.152.75.65,1,32
78.22.28.204,1,32
202.145.120.76,1,48
77.108.2.240,1,32
188.177.141.79,1,32
60.84.143.36,1,52
37.245.235.170,1,40
74.100.242.10,1,32
159.141.14.195,2,135
52.126.189.165,1,32
183.181.72.22,1,60
66.110.82.121,1,32
83.157.102.19,1,32
61.156.90.22,1,60
17.192.251.164,1,105
173.66.147.1,1,32
55.138.125.111,2,120
46.245.36.142,1,44
95.139.163.101,1,32
12.43.214.122,1,40
35.87.219.120,1,32
90.89.109.220,1,32
58.51.207.0,1,132
94.31.94.105,1,44
181.210.61.197,1,32
85.90.199.82,1,32
122.160.42.19,1,32
58.213.231.177,1,52
116.223.73.108,1,32
31.133.200.164,1,52
37.17.223.10,1,40
185.7.254.159,1,32
107.219.29.48,1,32
197.177.228.154,8,480
178.198.182.230,1,40
211.165.238.174,1,60
13.228.165.212,8,6243
217.7.194.106,1,40
186.53.1.32,1,40
45.90.253.206,4,216
47.84.254.122,1,578
194.162.149.97,3,180
38.132.21.5,1,60
74.108.75.250,1,32
58.207.104.49,1,132
122.166.18.220,1,32
91.70.179.136,1,32
167.139.227.179,1,60
97.63.171.53,1,44
217.138.56.1,1,60
183.236.108.217,1,60
96.58.228.237,1,32
210.240.199.43,1,60
60.124.179.146,1,32
59.2.58.160,1,32
68.74.189.228,4,160
81.80.20.218,1,44
73.87.178.38,1,32
215.81.245.72,4,216
41.215.236.152,1,60
93.183.58.40,1,32
89.117.243.44,1,32
37.245.147.222,1,40
69.238.129.88,1,32
71.230.250.188,1,40
178.166.42.175,1,32
47.59.166.154,1,52
68.117.110.111,1,32
216.141.48.94,2,120
14.60.110.21,1,32
181.0.68.122,1,32
98.63.196.178,1,32
52.121.61.100,1,32
194.102.227.241,1,32
108.71.43.218,1,32
177.148.224.101,1,56
45.127.99.189,1,76
104.15.130.12,41,55020
83.78.63.104,1,32
31.223.125.165,1,32
45.170.34.104,1,44
210.3.46.124,1,32
101.124.208.72,1,60
58.201.177.148,6,360
80.205.71.113,1,32
60.91.174.233,1,40
181.115.3.253,1,32
187.100.65.159,1,32
180.139.49.157,1,40
173.243.231.126,1,32
125.33.33.55,1,44
177.193.216.94,1,44
98.63.236.171,1,32
183.146.237.157,1,32
182.212.237.166,1,32
220.165.154.188,1,40
89.228.90.13,1,32
109.115.4.99,1,32
208.99.109.28,1,32
215.116.48.166,6,360
52.81.253.76,2,96
115.44.178.45,1,32
196.123.127.212,3,180
24.81.64.156,1,32
186.221.187.245,1,52
174.176.16.245,1,40
154.115.124.132,1,32
54.246.69.147,1,229
212.9.242.109,1,32
151.188.143.142,1,44
206.179.82.231,1,40
50.130.237.102,1,32
88.139.4.163,1,32
82.72.172.177,1,32
94.214.110.109,1,44
52.102.19.247,2,104
14.41.201.80,1,32
151.252.38.1,1,32
216.143.252.171,5,264
97.239.124.230,1,60
45.197.3.188,1,40
172.18.174.138,1,32
129.235.237.64,1,32
106.220.54.212,1,76
206.194.211.214,1,40
94.11.76.77,1,32
131.18.135.112,1,60
5.224.157.220,1,32
64.215.249.144,1,40
71.42.146.12,1,32
179.130.202.9,1,32
196.181.189.96,5,300
82.183.195.37,1,32
182.161.3.63,1,52
117.209.202.73,1,32
195.222.17.245,2,108
72.197.110.191,1,32
179.80.135.206,1,44
41.28.214.197,1,48
211.57.125.145,1,60
76.128.18.35,1,32
194.150.243.62,1,32
173.208.61.35,1,32
27.216.47.72,1,32
94.21.29.235,1,32
1.61.224.97,1,52
211.22.38.73,1,56
178.223.253.156,1,40
115.36.201.205,1,32
144.219.233.47,4,393
217.117.90.133,8,480
217.116.132.193,1,44
185.164.93.245,1,40
220.149.102.191,1,40
125.45.26.46,1,40
85.226.74.72,1,44
170.209.7.33,1,44
88.11.63.80,2,80
200.20.88.171,1,32
200.68.193.70,1,60
18.182.254.50,1,76
23.233.126.67,1,32
98.202.41.201,1,60
217.210.73.239,1,40
54.248.113.100,1,84
183.228.12.196,1,48
88.68.220.9,1,32
120.133.80.213,1,60
1.5.32.189,1,32
61.109.123.108,3,752
58.118.48.254,1,32
23.252.158.160,1,32
93.233.251.119,1,32
112.26.84.7,1,52
213.70.135.248,1,40
85.22.65.202,1,32
120.166.119.165,1,32
36.6.98.17,2,80
45.56.94.238,1,40
31.120.88.10,1,32
221.128.246.68,1,40
93.78.20.243,1,32
186.78.240.67,1,32
117.44.78.44,1,32
217.219.76.135,1,40
218.216.74.231,1,32
49.207.106.223,1,52
87.192.20.230,1,56
208.78.193.18,1,32
190.220.45.45,1,32
71.230.250.213,1,40
120.203.55.160,1,60
2.63.132.2,1,32
71.157.162.90,1,32
103.127.190.166,1,32
206.163.75.170,1,32
217.162.213.130,1,40
178.103.144.31,1,32
221.88.37.142,1,32
47.39.27.157,1,32
79.161.62.92,1,32
64.212.194.135,1,32
78.147.13.170,1,32
172.103.189.171,1,40
119.59.61.20,1,76
192.46.158.247,12,720
5.196.141.29,1,32
111.202.125.29,1,40
203.227.112.179,5,300
103.9.147.253,1,40
196.53.192.245,1,40
180.135.188.205,1,32
195.108.250.199,3,180
216.218.64.101,1,32
186.29.89.101,1,40
178.41.167.62,1,40
71.230.250.61,2,80
195.182.43.180,15,900
38.249.35.127,9,540
195.161.225.101,2,120
167.248.46.44,1,60
204.41.221.231,3,180
85.209.148.254,1,32
222.233.53.136,1,40
177.211.65.31,1,32
96.38.188.71,1,32
40.128.214.87,1,32
122.60.94.124,1,44
189.255.2.93,1,32
177.31.119.20,1,32
46.245.23.133,1,40
172.118.101.245,1,32
47.15.141.38,1,32
37.67.42.41,1,52
199.193.93.173,3,180
116.155.207.101,1,32
171.162.227.25,1,60
169.47.216.6,1,32
43.223.172.65,1,60
101.230.220.61,1,32
104.24.252.91,1,32
149.144.243.175,1,96
151.180.220.205,1,44
63.219.98.224,1,32
193.126.147.193,1,60
88.19.92.159,1,44
200.243.138.125,1,32
129.231.45.157,2,120
165.229.131.38,3,120
202.48.254.200,1,32
91.14.229.97,1,32
18.230.178.175,1,32
189.124.65.176,1,32
74.136.174.69,1,32
47.229.67.68,1,32
123.200.95.159,1,44
95.247.197.110,1,52
58.87.109.172,1,76
103.204.93.75,4,986
86.157.26.143,1,32
152.249.113.172,1,32
118.251.212.21,1,60
18.212.39.21,1,32
184.153.162.56,1,32
183.167.20.128,1,52
35.121.21.247,1,32
123.107.207.189,1,60
188.180.247.82,1,32
121.188.35.12,1,32
209.176.254.226,1,60
211.129.121.252,1,48
39.4.50.30,1,32
79.127.192.13,1,40
222.243.60.56,1,32
105.146.68.101,1,32
87.251.116.132,1,32
71.230.250.192,1,40
179.232.67.243,1,32
139.173.169.221,1,40
60.81.47.5,1,40
37.16.20.138,1,32
73.148.156.230,1,32
70.184.216.29,1,32
52.245.102.38,1,32
47.140.194.223,1,32
61.101.249.66,1,40
121.146.192.217,1,32
182.155.172.112,1,32
115.247.197.30,1,32
75.104.228.97,1,32
96.77.73.50,1,32
50.178.161.75,1,32
81.170.109.223,1,32
125.127.33.241,1,32
69.196.184.16,1,32
186.243.187.49,1,32
164.128.8.126,1,40
192.219.107.24,4,4295
190.54.80.107,1,32
185.241.226.55,1,40
94.140.164.116,1,44
117.200.213.194,1,48
116.47.132.157,1,40
82.232.83.113,1,32
187.85.2.137,1,48
185.170.2.121,1,32
174.192.173.188,1,32
182.243.177.136,10,7690
65.159.157.99,1,32
85.151.126.34,1,32
198.15.145.129,2,88
59.16.206.80,1,32
231.189.252.182,19,1140
78.103.175.165,1,40
174.243.212.33,1,32
189.100.65.47,1,32
191.242.115.200,1,32
156.56.88.204,1,40
17.70.244.111,5,471
205.78.76.124,4,240
63.149.195.78,1,32
37.189.155.252,1,60
119.115.207.249,1,40
94.11.113.240,1,32
178.1.11.95,1,32
82.35.244.153,1,32
89.45.20.222,1,32
196.241.202.211,1,32
187.241.178.85,1,32
218.124.61.191,1,32
197.229.216.159,1,32
199.20.116.148,1,32
119.86.147.75,1,32
126.218.134.29,6,338
221.130.147.111,1,32
83.206.168.49,2,80
180.36.54.17,1,32
108.78.229.58,1,32
210.100.100.126,1,48
203.136.223.230,1,84
217.118.123.37,1,32
126.196.187.201,1,40
211.15.31.144,1,32
208.90.59.125,1,32
119.20.189.203,1,32
50.201.56.142,1,32
195.38.237.153,2,120
73.214.36.237,1,32
68.68.152.133,1,32
1.84.146.141,1,44
42.129.120.198,1,32
179.151.196.211,1,32
112.31.9.50,1,76
52.243.216.208,1,32
73.77.157.28,1,32
204.167.121.204,1,60
167.13.106.207,3,180
83.158.9.33,1,40
90.71.46.209,1,32
221.12.109.110,1,32
112.239.141.87,1,60
83.249.112.156,2,100
221.39.184.146,1,32
72.85.156.233,1,32
106.196.46.154,1,32
114.164.159.95,1,132
216.152.112.220,3,180
71.230.250.195,1,40
70.23.236.167,1,32
210.241.121.64,1,32
211.227.4.220,2,180
176.39.135.210,3,563
90.176.205.176,1,32
151.44.227.77,1,44
8.243.26.104,1,32
85.222.163.150,1,32
94.127.189.165,1,32
175.204.62.150,1,32
115.19.166.149,1,52
192.148.95.164,1,60
210.24.243.38,1,32
218.166.103.242,1,32
173.124.238.245,1,32
212.142.202.250,1,40
71.230.250.107,1,40
95.235.75.95,1,32
195.81.20.254,1,32
213.81.244.5,1,32
24.107.81.155,1,32
188.10.155.9,2,100
117.234.106.244,1,52
109.52.143.157,1,32
182.243.226.130,5,3342
116.197.147.72,1,40
42.95.138.253,1,52
37.110.64.127,1,52
39.11.28.123,1,32
52.74.7.17,1,32
27.44.136.150,1,40
221.240.209.133,1,32
104.99.43.18,1,32
72.243.38.148,1,115
27.176.18.133,1,48
186.30.27.150,1,32
18.178.165.137,10,6827
221.40.150.26,1,52
154.129.100.0,1,32
54.175.101.170,2,120
62.227.78.37,1,32
111.173.147.26,1,60
187.253.247.168,1,32
46.116.65.67,1,32
83.130.139.188,1,32
186.250.241.84,1,32
185.182.245.99,1,52
95.35.178.223,1,32
106.19.197.48,1,32
93.216.49.16,1,32
87.206.62.79,1,32
132.216.139.239,1,32
178.223.233.62,1,40
117.117.90.185,85,126695
212.137.217.32,1,32
217.96.230.163,1,32
211.63.100.51,1,32
118.14.54.251,1,32
93.190.35.189,1,32
182.243.177.137,1,52
39.3.76.94,1,52
2.38.98.64,1,32
172.82.82.64,1,32
2.23.61.230,1,32
76.68.92.88,1,40
125.175.86.75,1,40
188.140.151.26,1,32
24.230.254.19,2,158
116.163.193.165,1,32
77.117.229.139,1,32
128.221.55.165,1,52
184.15.172.204,1,32
125.199.208.126,1,60
24.230.254.22,3,231
188.50.109.203,1,32
49.80.174.139,1,32
201.213.4.170,1,32
13.207.244.65,1,76
77.174.77.175,1,32
46.86.223.185,1,44
83.157.190.34,1,32
205.29.80.129,1,32
115.32.235.42,1,40
43.222.37.23,1,40
191.119.217.214,1,40
61.122.45.90,1,40
172.124.147.113,1,32
111.167.143.140,1,32
76.231.213.234,1,40
60.221.237.101,1,32
106.45.219.114,1,32
39.10.146.165,1,32
117.209.136.155,1,52
101.159.50.6,1,32
111.198.66.3,1,52
193.237.188.1,1,32
159.252.229.176,2,418
79.239.26.183,1,32
84.72.175.3,1,32
210.148.238.140,1,32
79.229.20.245,1,32
104.105.66.91,1,32
65.71.182.212,1,32
220.254.129.180,1,32
223.21.117.86,1,32
115.130.110.178,1,32
183.134.205.205,1,32
62.238.221.28,1,60
68.161.206.88,1,32
97.1.60.81,1,32
196.152.155.231,2,120
222.81.24.209,1,60
89.16.169.233,1,44
46.224.247.204,1,32
179.162.76.102,1,32
188.160.15.4,1,60
52.249.205.130,1,32
153.37.24.147,18,1080
79.19.51.38,1,32
175.51.248.12,3,120
52.90.122.8,1,32
59.9.147.130,1,32
179.100.188.166,1,32
198.42.231.83,14,672
79.45.48.53,1,32
154.143.162.106,1,52
122.167.18.49,1,32
212.113.129.180,1,32
92.240.4.252,1,32
218.196.221.3,1,32
73.27.16.135,1,32
183.227.207.57,1,48
113.30.162.238,5,1035
82.115.253.248,1,32
210.100.100.118,2,96
27.236.12.54,1,40
111.219.253.219,1,76
198.51.243.170,1,56
200.169.162.231,1,32
66.249.182.70,10,1438
104.195.43.145,1,32
87.139.57.58,1,32
205.58.75.152,1,293
188.125.77.222,1,32
52.255.161.117,1,76
100.232.219.105,1,32
5.159.103.239,1,32
193.212.123.121,1,60
105.133.179.98,1,32
196.250.160.223,1,32
96.78.110.235,4,160
191.146.221.185,1,32
69.97.128.36,1,32
202.143.125.160,1,40
176.36.211.210,1,32
113.53.117.58,1,32
217.228.198.166,1,32
213.194.141.202,1,32
116.26.188.242,1,60
37.17.217.126,2,80
60.16.92.191,1,32
80.36.145.31,1,32
76.149.49.158,1,32
47.83.66.11,1,48
89.43.237.12,1,32
157.42.9.138,1,199
62.29.125.193,1,32
78.69.180.252,1,32
83.7.8.150,1,32
103.7.221.227,1,32
108.199.203.163,1,32
154.117.244.112,1,32
110.40.5.115,1,60
190.193.52.42,1,32
186.177.251.171,1,32
123.113.34.183,1,52
159.252.92.51,1,32
72.224.44.221,1,32
69.92.161.161,1,32
213.249.164.43,1,32
187.216.216.27,1,32
195.167.159.115,12,720
76.246.194.106,1,32
186.200.175.3,1,32
168.35.115.61,1,32
109.161.188.172,1,32
101.175.125.53,1,76
17.199.30.115,1,83
72.183.33.14,1,32
64.116.73.180,1,32
107.189.220.7,1,76
119.137.248.66,1,76
218.232.127.2,1,56
122.254.55.50,1,40
83.107.56.117,1,44
37.17.166.18,1,40
172.249.28.105,14,3729
59.181.77.216,1,32
97.22.52.207,1,32
175.119.239.87,1,60
1.80.109.185,2,100
192.234.119.8,5,300
88.234.82.125,1,32
52.86.3.74,1,32
185.165.145.104,1,32
35.93.173.175,1,32
101.209.74.145,1,52
187.201.251.237,1,32
182.101.156.90,1,60
194.86.189.64,6,360
125.108.198.34,1,32
213.136.98.160,1,32
95.73.180.76,1,40
118.119.29.62,1,32
91.26.195.149,1,56
189.209.62.155,1,40
211.107.63.95,1,32
118.176.128.52,1,32
47.16.95.215,1,32
24.157.217.223,1,32
52.119.212.242,1,32
108.13.162.223,1,60
95.149.168.220,1,52
64.65.244.198,1,40
83.206.119.117,1,40
98.88.167.176,1,32
118.66.148.187,1,32
188.88.101.119,1,32
217.69.222.207,1,32
186.169.35.21,1,32
172.103.173.194,1,40
88.106.226.233,1,32
180.33.17.17,1,32
149.162.11.83,1,40
98.38.1.226,1,32
88.158.154.207,1,32
121.102.64.93,1,76
162.61.45.125,1,32
94.177.20.157,1,32
183.188.23.183,9,8304
103.91.174.234,1,60
211.53.145.90,1,32
73.41.244.76,1,32
72.230.233.88,1,32
71.20.220.151,1,32
198.250.58.182,1,32
188.207.79.19,1,32
201.213.50.165,1,32
90.7.109.228,1,32
24.147.148.83,1,32
35.78.172.62,1,32
164.165.59.157,1,32
154.231.126.152,1,52
182.116.55.88,1,40
31.74.59.51,1,32
162.58.176.56,1,32
41.95.41.93,1,32
27.249.140.191,1,32
183.192.62.92,1,48
50.213.50.147,1,32
71.221.209.235,1,32
24.63.100.151,1,32
111.219.164.88,1,76
162.104.112.170,1,32
93.240.145.72,1,32
96.82.78.140,1,32
200.65.126.61,1,60
194.54.131.77,1,60
76.254.76.248,1,32
69.189.245.43,1,32
47.83.11.235,1,32
14.191.130.178,1,44
107.6.46.193,1,32
113.43.179.204,2,100
186.31.101.118,1,32
220.45.173.72,1,32
82.73.99.197,1,60
84.125.24.88,1,32
86.208.48.92,1,40
190.187.196.175,1,32
86.109.0.92,1,32
36.20.92.81,1,52
201.39.119.125,1,32
139.173.186.130,2,80
151.180.211.245,1,32
78.220.152.195,1,60
183.66.132.100,1,76
94.35.254.10,1,32
81.184.255.207,1,131
37.217.75.100,1,32
188.132.198.149,1,52
112.190.93.158,1,60
23.246.111.100,1,32
117.65.71.236,1,32
121.51.90.209,1,60
124.11.173.76,1,48
179.233.206.6,1,32
13.160.52.253,8,2263
209.76.242.196,1,56
60.208.219.130,1,32
203.136.255.243,1,44
192.130.241.42,2,120
95.148.129.138,1,32
197.195.112.221,1,60
108.8.10.110,1,32
118.220.202.149,1,32
18.241.138.38,1,40
132.145.142.88,1,40
76.195.196.125,1,32
97.176.154.142,1,60
189.237.230.180,1,32
150.30.243.162,1,92
90.39.238.195,1,40
162.32.103.212,1,32
189.197.169.55,1,44
94.159.125.133,1,32
84.94.121.98,1,32
103.193.239.177,1,60
24.185.23.6,2,80
37.227.234.121,6,180
94.188.220.165,1,32
107.206.194.213,1,32
114.198.211.116,1,32
183.117.194.171,1,32
62.219.107.56,1,32
197.28.8.167,1,60
101.63.37.56,1,60
216.138.39.50,1,48
212.155.211.65,1,60
41.146.188.245,1,32
166.254.214.142,1,32
111.65.77.209,1,32
184.78.77.62,1,32
221.4.108.180,1,40
221.11.82.155,1,32
222.96.172.53,1,32
217.229.140.201,1,32
13.160.52.162,1,52
216.211.36.138,2,181
144.91.83.85,1,32
97.201.60.212,3,180
117.86.84.94,1,32
138.24.236.144,1,32
139.195.107.89,1,32
156.53.206.101,1,40
98.14.64.198,1,44
46.97.61.51,1,60
37.139.130.213,1,60
77.153.67.90,1,32
36.246.110.203,1,32
213.121.212.5,1,32
220.15.204.206,1,32
209.92.69.119,1,32
54.227.112.108,1,76
23.228.124.94,1,32
217.248.93.214,1,32
122.83.27.207,1,60
78.2.15.72,1,32
71.230.250.136,1,40
5.196.252.3,2,80
199.222.222.251,1,32
179.57.144.24,1,40
119.26.109.14,1,32
104.123.175.0,1,32
183.240.231.192,1,48
177.222.81.65,1,40
112.10.182.41,1,48
156.58.33.185,1,40
166.128.133.255,1,32
179.64.124.238,1,56
128.221.57.139,1,40
140.244.178.146,1,76
75.153.101.149,1,32
68.200.52.102,1,32
212.137.253.27,1,60
118.53.110.74,1,52
107.23.207.44,1,32
199.161.61.107,1,32
118.229.201.24,1,40
87.123.124.205,1,32
37.110.67.206,1,40
71.230.250.16,1,40
170.195.171.48,1,32
138.58.21.118,1,44
122.49.76.201,1,32
149.152.153.77,1,40
36.20.152.1,1,52
85.120.98.250,1,32
121.170.225.55,1,28
177.138.150.24,1,40
41.243.246.21,2,120
190.112.217.250,1,32
106.104.110.53,1,32
50.165.174.124,1,32
91.138.185.67,1,44
182.40.237.24,1,32
176.237.7.56,1,40
84.252.137.38,1,32
193.160.110.180,2,120
106.100.193.237,1,32
70.171.172.47,1,32
49.94.27.56,1,32
107.185.19.206,1,32
36.218.183.163,1,32
89.186.139.20,1,60
50.24.237.109,1,32
32.48.25.14,2,120
2.17.89.90,1,44
109.194.238.153,1,32
152.76.94.169,1,32
78.223.130.173,1,32
190.228.218.133,1,32
36.18.65.177,1,32
41.150.118.53,1,32
112.238.237.168,1,32
109.175.126.79,1,32
221.7.28.204,1,32
37.17.215.40,1,40
114.171.218.11,1,40
192.220.45.81,1,798
175.116.197.198,1,32
187.4.33.155,1,32
205.58.79.222,1,303
150.145.199.170,1,52
98.129.61.254,1,32
187.38.237.192,1,32
79.113.198.83,1,32
95.144.236.20,1,32
95.24.147.121,1,122
104.77.162.182,110,155218
35.125.65.12,1,32
23.243.70.179,31,46298
24.252.227.172,1,32
107.146.25.113,1,32
73.39.221.151,1,32
189.82.143.45,1,40
59.162.30.153,1,48
116.168.163.225,1,32
123.195.203.209,1,32
157.42.33.198,1,32
94.48.23.53,1,48
104.15.164.143,1,52
77.222.94.35,1,52
5.108.30.156,2,100
122.36.17.208,1,32
159.188.213.204,14,10864
84.38.210.205,1,32
42.58.81.188,1,32
112.4.8.183,1,40
71.230.250.124,1,40
181.133.93.85,1,32
128.15.104.48,1,60
94.31.238.111,1,32
121.195.118.218,1,32
103.246.117.200,1,40
193.85.81.154,2,120
78.69.248.187,1,52
67.7.9.173,1,32
71.230.250.12,1,40
125.33.208.138,1,44
209.163.192.10,26,1416
99.78.108.37,1,32
61.135.246.186,1,32
88.205.46.167,1,32
174.178.210.21,1,32
66.173.40.156,1,28
121.222.117.162,1,44
52.8.75.83,1,32
185.213.49.122,1,40
51.99.17.42,1,32
78.45.211.101,1,32
14.128.15.210,1,32
117.247.148.132,1,52
23.11.205.3,1,32
84.199.67.57,1,32
5.110.175.27,1,44
196.36.232.182,1,52
189.246.123.52,1,32
114.96.63.130,1,76
84.206.93.6,1,32
17.192.250.204,1,105
111.225.81.241,1,32
204.222.155.136,3,180
173.212.44.223,1,40
188.29.65.241,1,32
120.154.51.171,1,32
119.72.216.190,1,32
134.160.4.133,1,40
87.182.126.46,1,32
188.218.94.173,1,32
75.143.129.251,1,32
95.234.174.227,1,32
91.196.82.48,1,32
125.33.96.26,1,44
83.206.126.226,1,40
189.173.108.166,1,32
192.91.81.139,2,120
198.62.195.69,1,32
68.189.198.164,1,32
69.243.238.74,1,32
188.179.113.32,1,32
37.17.24.239,1,40
71.230.250.128,1,40
24.170.19.239,1,32
156.54.254.223,1,32
177.195.39.18,1,40
94.67.145.67,1,32
80.76.193.169,1,32
193.216.167.17,6,360
80.146.19.17,1,32
82.144.17.28,1,32
218.99.215.41,5,200
191.118.201.113,1,32
125.35.4.30,1,44
41.97.190.222,1,60
89.235.251.251,1,32
113.202.104.242,1,92
217.241.52.111,1,32
62.109.25.126,1,45
54.249.78.81,1,76
84.38.17.150,1,56
5.64.104.131,3,120
62.139.203.255,1,32
121.0.71.57,1,32
124.153.133.64,1,32
23.73.189.32,1,32
54.33.162.169,1,76
119.67.63.46,1,60
156.47.242.147,1,40
65.66.56.230,1,32
122.41.91.11,1,32
77.44.82.203,1,32
31.163.115.181,1,40
171.61.18.170,1,40
202.73.7.139,1,60
192.242.172.220,1,40
221.158.114.143,1,32
75.88.172.194,1,32
191.27.98.137,1,32
190.143.60.218,1,40
68.74.23.184,3,120
191.161.146.29,1,32
207.11.129.100,3,156
118.160.237.160,1,32
86.130.10.144,1,32
110.249.85.41,1,32
215.43.249.185,1,60
183.188.241.128,1,52
191.118.181.211,1,32
13.218.12.17,18,8116
58.22.17.3,1,32
112.251.70.241,1,40
81.27.131.51,1,32
66.102.59.237,1,32
54.51.4.113,1,32
192.157.81.251,1,32
181.121.67.231,1,32
189.131.88.206,1,56
221.124.18.44,1,32
115.126.108.127,1,32
98.211.116.56,1,60
192.226.38.133,3,180
14.168.82.114,1,32
47.18.128.188,1,40
201.243.95.25,1,32
91.135.162.8,1,32
81.226.95.218,1,40
177.133.85.228,1,60
49.110.153.180,1,32
79.109.83.185,1,32
69.43.142.195,1,32
103.203.189.196,1,40
113.215.153.49,1,32
51.161.152.93,1,32
115.7.240.138,1,32
222.102.150.226,3,120
77.38.164.108,1,32
217.164.103.129,1,32
213.71.173.38,1,56
190.238.83.14,1,32
24.42.74.119,1,32
113.61.204.122,1,32
98.129.27.188,1,32
1.229.242.15,1,52
219.219.110.5,1,32
13.31.164.18,3,197
195.55.12.63,2,120
39.49.237.114,1,32
98.242.33.144,1,32
180.78.253.16,1,40
98.98.123.78,1,32
95.118.83.100,1,52
1.138.97.223,1,40
54.174.44.212,1,60
109.60.227.91,1,40
218.149.45.61,1,32
78.65.124.203,1,32
211.111.168.68,1,40
173.90.234.193,1,28
121.96.78.28,1,48
105.133.140.29,1,32
187.67.78.36,1,52
94.87.82.114,1,32
88.204.204.147,1,32
122.117.251.250,1,32
1.21.187.79,1,32
195.175.32.25,7,420
130.200.231.242,1,60
86.151.238.6,1,32
74.193.119.55,1236,1782165
89.168.160.6,1,32
219.234.238.19,2,80
87.186.68.170,1,32
113.29.245.54,1,52
14.244.234.240,1,52
17.192.251.94,1,105
67.162.107.111,1,32
14.22.68.213,1,40
124.68.9.9,1,32
67.225.34.205,1,32
220.58.134.45,1,32
162.11.237.46,1,40
119.103.183.215,1,60
177.98.59.62,1,44
81.219.253.177,1,32
210.102.211.67,1,32
146.24.239.68,1,32
172.249.30.185,18,1990
197.253.126.140,1,52
84.50.193.183,1,32
1.255.83.221,1,58
110.60.173.116,1,32
39.46.165.246,1,283
203.223.118.160,1,60
121.88.47.118,1,60
188.8.36.114,1,32
1.147.178.218,2,104
131.56.39.69,1,44
49.208.198.66,1,58
83.193.78.169,2,80
36.29.155.48,1,40
58.21.249.41,1,40
66.15.176.98,1,32
82.13.29.188,1,32
184.18.95.40,1,32
207.173.100.153,1,32
193.217.82.11,1,81
221.11.133.242,1,60
52.231.163.74,1,32
112.200.240.97,1,60
14.20.155.245,1,32
61.202.2.141,1,40
201.202.59.115,3,208
23.119.137.152,1,32
71.230.250.53,1,40
126.135.137.56,1,32
111.163.110.170,1,52
53.20.248.199,1,60
79.143.26.240,1,32
175.238.130.94,1,32
149.55.29.101,1,40
175.215.99.167,1,32
191.144.198.11,1,32
118.29.83.164,1,76
106.52.83.131,1,76
24.246.109.62,1,32
193.171.46.189,1,60
192.177.214.246,3,180
54.215.145.51,1,71
220.151.92.208,1,32
208.118.199.199,1,32
85.50.103.230,1,32
95.223.35.97,1,32
201.12.167.49,1,44
34.221.139.11,1,32
98.138.173.194,1,32
196.222.244.18,1,32
121.99.217.2,5,258
223.125.164.53,1,32
217.12.167.193,1,32
119.198.77.70,1,32
18.253.1.97,1,32
58.190.9.100,1,32
217.158.187.33,1,32
92.207.219.137,1,32
67.172.177.191,1,32
219.75.74.111,2,120
177.170.202.22,1,32
37.214.222.143,1,48
116.242.72.214,1,32
68.206.113.89,1,32
37.17.161.231,1,40
64.117.53.108,1,32
91.170.183.192,1,32
175.167.183.122,1,32
36.16.161.76,1,40
83.251.105.203,1,32
51.60.244.145,1,40
68.65.35.138,1,32
216.247.99.108,1,32
78.34.1.29,1,32
193.142.144.253,6,360
50.182.185.24,1,32
50.57.161.13,1,32
82.241.252.47,1,32
91.216.111.98,1,32
83.252.204.130,1,32
76.196.122.149,1,32
97.19.115.38,1,32
114.6.204.108,1,32
88.221.121.27,1,32
13.31.85.215,1,32
104.71.247.254,3,175
204.243.198.168,1,32
181.213.220.51,1,40
196.252.123.62,1,32
66.42.109.73,1,32
54.92.174.89,1,32
51.42.79.138,1,40
45.250.254.30,1,32
73.154.17.76,1,32
177.165.18.208,1,32
122.134.80.139,1,60
217.56.130.197,1,32
204.157.110.197,1,32
98.128.95.46,1,32
188.167.24.53,1,48
71.230.250.145,1,40
68.233.81.49,1,32
87.47.88.223,1,32
210.111.133.94,2,80
216.119.168.195,1,60
201.164.148.2,1,32
14.124.238.228,1,32
52.115.146.0,1,32
101.208.231.32,1,32
176.207.211.188,1,32
220.111.155.128,1,32
67.184.194.130,1,32
93.188.190.2,1,32
70.80.86.11,1,32
60.29.62.5,1,52
5.64.104.139,1,40
45.4.148.130,1,60
71.230.250.143,1,40
64.193.189.0,1,32
202.170.105.28,2,100
179.158.75.168,1,32
99.178.109.52,1,32
61.111.141.153,1,32
112.179.142.83,1,32
88.149.239.186,1,32
54.227.120.50,1,32
195.64.167.194,1,52
104.70.145.27,1,32
172.249.31.73,5,2935
197.150.96.49,1,32
210.161.214.71,8,480
87.59.44.42,1,32
113.21.10.61,1,52
46.99.43.216,1,32
40.6.65.9,2,120
157.134.163.87,1,32
80.21.103.129,1,84
114.53.6.63,1,32
66.70.38.84,1,32
221.6.100.119,1,32
59.42.235.90,1,48
125.237.141.153,1,40
77.125.19.178,1,32
202.191.36.73,2,120
107.149.33.183,1,32
190.45.225.189,1,32
79.217.34.225,1,32
98.154.157.166,1,32
222.138.100.109,1,40
68.176.84.230,1,32
104.117.134.144,1,32
177.244.13.62,1,32
85.244.225.84,1,32
195.34.69.10,7,420
188.194.50.241,1,32
77.143.96.250,1,32
179.69.51.111,1,32
131.17.3.188,20,1068
117.55.128.114,1,32
200.92.26.181,1,60
138.208.138.117,1,40
77.131.98.44,1,40
123.169.146.180,1,32
88.88.129.121,1,32
91.255.210.67,2,100
73.173.116.101,1,32
12.105.80.228,1,32
75.186.110.88,1,32
191.84.164.57,1,32
190.150.112.200,1,40
221.175.44.133,1,32
153.5.246.231,6,360
216.68.133.189,19,4377
196.164.63.62,1,52
114.194.193.127,1,52
112.246.118.47,1,32
186.40.21.252,1,32
118.182.247.34,1,32
71.161.161.125,1,32
87.228.90.249,1,32
1.11.76.155,1,32
58.58.28.245,1,58
188.233.205.213,1,32
139.216.242.162,1,32
210.254.66.39,3,180
58.23.132.237,1,32
13.161.234.136,1,52
27.253.144.201,1,58
95.160.102.15,1,32
2.240.16.231,1,32
79.226.81.138,1,32
180.191.47.133,1,32
92.83.211.122,1,32
67.248.129.122,1,32
62.109.174.183,1,32
17.203.227.33,1,105
113.46.214.234,1,52
78.131.236.96,1,32
211.88.4.129,1,32
47.129.211.252,1,32
123.234.210.197,1,32
206.74.64.37,1,32
191.120.171.166,1,56
24.5.62.93,1,32
92.41.216.1,1,32
121.241.75.150,1,32
12.240.155.192,1,32
73.68.174.16,1,32
174.227.109.32,1,32
94.52.211.196,1,32
81.115.236.19,1,32
144.198.10.192,1,40
177.70.51.43,1,60
93.3.168.221,2,96
52.250.197.96,1,76
180.158.70.18,1,52
93.112.246.153,1,32
192.177.209.130,1,32
182.221.214.236,1,40
74.193.190.125,2,137
117.247.29.49,1,32
197.128.139.43,1,32
188.238.18.52,1,32
172.249.25.132,1,40
49.211.162.20,1,32
101.112.49.104,1,32
103.39.191.146,1,40
14.183.221.192,1,52
66.249.182.33,7,1137
93.206.196.98,1,32
195.219.120.137,1,40
178.230.0.240,1,32
101.43.78.184,1,32
97.44.3.159,1,32
94.181.184.153,1,40
58.42.110.85,1,32
89.206.51.251,1,32
190.27.170.6,1,32
76.80.96.150,1,56
2.198.39.48,1,32
187.90.82.120,1,32
68.20.13.87,1,32
196.222.127.0,1,32
54.214.63.155,4,378
193.2.179.47,17,816
45.220.84.25,1,40
17.58.19.138,1,111
209.15.158.148,4,240
188.239.109.210,1,32
41.10.221.19,1,32
58.35.163.202,1,32
1.47.18.185,1,32
59.20.0.25,1,60
108.67.108.37,1,32
218.170.18.229,1,52
167.63.187.105,3,180
182.119.216.58,1,40
113.149.83.192,1,32
113.114.208.7,1,32
61.130.49.93,1,32
62.146.194.107,1,60
85.135.37.194,1,32
188.144.162.11,1,40
204.220.163.248,1,60
62.45.7.110,1,60
84.91.126.118,1,56
151.44.254.246,1,44
202.123.228.213,1,44
75.134.173.96,1,32
140.229.121.228,1,76
2.54.142.228,1,32
54.167.227.1,1,76
185.56.49.25,1,32
64.69.56.152,1,32
109.230.212.213,1,32
145.239.208.109,1,32
78.130.109.168,1,32
189.61.181.39,1,32
173.122.100.213,1,32
108.34.12.191,1,32
64.216.139.140,1,60
75.172.121.149,1,32
97.61.27.235,1,32
34.240.237.83,1,32
115.254.209.206,1,32
95.242.239.184,2,120
62.108.16.79,1,32
23.92.120.80,1,32
89.115.118.89,1,32
195.157.162.18,1,32
173.253.18.96,1,32
186.23.237.114,1,32
115.226.145.169,1,32
218.99.215.74,1,40
14.237.179.4,6,719
46.86.107.246,1,44
119.99.127.38,1,48
27.38.81.193,1,52
203.136.241.34,1,44
111.127.173.194,1,32
220.169.172.182,1,60
66.67.69.205,1,32
14.115.28.49,1,32
208.111.228.190,1,32
123.28.237.61,1,40
103.245.204.209,1,32
115.206.3.159,1,32
74.193.112.202,1,52
119.143.136.240,1,32
187.188.46.11,1,32
24.77.53.129,1,32
199.212.107.85,1,32
88.11.63.76,1,40
177.202.108.59,1,44
117.232.142.9,1,32
38.153.57.123,1,96
119.43.51.57,1,60
85.112.237.236,1,32
186.219.178.219,1,32
210.100.100.74,1,48
203.3.80.197,1,60
13.205.154.51,1,60
54.58.239.29,1,32
111.121.155.166,1,76
71.230.250.119,1,40
197.109.255.64,2,120
71.230.251.253,1,40
82.25.189.232,1,32
91.204.119.94,1,60
71.91.156.153,1,32
167.120.135.145,1,60
103.29.183.51,1,40
37.17.209.91,1,40
87.141.37.224,1,32
191.246.232.176,1,32
193.158.196.186,1,32
221.95.236.121,1,60
61.98.61.18,11,660
46.38.68.25,1,32
115.20.145.217,1,32
125.119.141.129,1,32
76.155.222.104,1,32
37.17.222.186,1,40
200.168.211.98,1,32
85.97.113.135,1,32
36.7.155.71,1,32
77.215.99.5,1,52
124.234.166.153,1,44
91.100.9.185,1,32
170.195.194.71,1,44
213.143.196.219,1,32
125.238.135.32,1,48
93.109.16.193,1,32
189.94.87.96,2,88
94.236.109.252,1,32
197.132.124.215,1,60
14.43.163.165,1,40
48.70.196.2,3,180
112.249.188.186,1,58
103.85.15.52,1,60
222.131.27.184,1,32
47.86.65.54,1,60
36.21.136.9,1,32
76.207.100.232,1,32
208.97.210.107,1,32
78.235.59.126,1,40
174.168.113.197,1,32
17.180.93.49,3,278
89.82.88.153,1,32
184.6.206.217,1,32
210.17.222.4,4,216
70.90.156.113,1,32
41.168.213.205,1,40
130.214.152.50,29,1740
98.8.122.185,1,32
186.139.220.84,1,32
189.110.108.240,1,32
85.131.103.99,1,32
182.71.113.207,1,32
45.127.222.63,1,32
84.182.46.201,1,52
122.228.82.79,1,32
82.38.203.254,1,32
85.22.125.95,1,44
103.85.14.188,1,32
59.124.102.238,1,40
94.89.157.181,1,40
162.34.98.182,1,32
175.161.103.229,1,40
60.58.120.27,1,32
119.98.20.201,1,32
77.227.114.171,1,32
1.5.11.121,1,32
73.4.67.218,1,32
79.211.146.218,1,32
191.240.44.196,1,60
179.159.110.148,1,32
106.223.40.85,1,60
187.16.35.116,1,32
75.122.32.245,1,32
52.246.14.193,6,666
174.121.219.59,1,32
223.138.238.84,1,76
109.43.76.19,1,60
119.204.158.209,1,48
195.5.126.177,1,60
212.129.195.185,1,56
187.168.212.108,1,32
81.109.91.120,1,32
109.229.175.32,1,60
179.52.152.130,1,32
149.103.145.35,1,32
12.104.47.123,1,32
213.207.63.155,1,32
188.80.144.117,1,32
104.150.65.253,1,32
23.220.189.159,1,32
112.166.145.150,1,32
98.237.215.25,5,276
91.20.220.5,1,44
52.54.184.152,2,126
67.203.17.248,1,32
192.203.177.128,5,300
121.100.108.151,1,60
154.118.180.76,1,32
79.239.59.194,1,32
210.100.100.77,1,48
94.60.61.240,1,32
52.254.40.101,1,76
70.61.39.156,1,32
12.28.90.170,1,60
5.160.157.202,1,32
61.127.106.220,1,76
103.156.51.143,1,28
68.74.225.106,3,120
71.230.250.230,3,120
23.237.4.199,1,119
88.11.63.81,2,80
202.232.129.26,1,32
222.171.242.33,1,32
211.56.231.137,1,32
112.143.203.85,1,52
80.196.207.2,1,40
212.178.210.248,1,32
67.182.139.0,1,32
173.193.51.95,1,32
52.255.32.253,1,76
96.201.209.187,1,32
79.249.74.149,1,32
115.43.156.96,1,32
213.96.113.125,1,32
71.230.250.19,1,40
176.106.95.46,1,40
23.15.136.203,1,60
73.103.174.125,1,32
188.135.212.99,1,32
90.112.170.221,1,40
77.181.102.219,1,32
203.240.56.184,9,540
77.80.45.166,1,32
216.56.27.189,1,32
73.114.118.107,1,32
82.169.197.117,1,32
152.57.46.107,1,32
37.221.233.221,1,32
113.223.23.101,1,76
85.62.86.233,1,60
24.29.184.62,1,32
87.25.81.1,1,60
76.74.195.185,1,32
184.75.63.144,1,32
78.161.194.133,1,32
62.237.132.65,1,32
139.173.133.45,1,40
79.204.197.149,1,32
112.175.155.18,1,32
182.214.81.200,1,32
187.121.144.175,1,32
123.107.207.144,1,60
104.243.227.51,1,32
175.245.35.120,1,32
71.81.46.79,1,32
2.212.6.145,1,40
65.209.88.69,1,32
2.222.156.226,1,32
212.78.49.157,1,32
126.142.247.154,1,32
211.11.26.220,1,60
41.142.134.134,11,660
192.252.117.198,8,480
184.70.143.47,1,32
218.251.113.201,1,60
110.223.241.182,1,40
153.255.7.255,5,1400
186.249.79.217,1,40
103.93.249.222,1,60
115.247.244.165,1,32
174.194.81.237,1,32
37.17.206.143,1,40
162.98.195.132,1,32
103.196.27.146,1,32
117.27.230.216,1,44
194.188.72.141,1,48
68.74.17.143,2,80
181.116.235.210,1,40
136.242.39.0,1,32
203.192.65.245,1,60
114.244.13.192,1,32
202.213.66.30,1,60
202.153.6.249,1,40
41.39.200.37,1,40
113.222.228.115,1,32
209.144.108.221,1,32
189.81.27.179,1,32
125.68.135.242,1,32
14.15.132.189,1,32
208.123.79.45,2,548
65.180.62.255,1,52
173.182.175.163,1,32
89.87.29.117,1,48
81.66.180.81,1,32
181.0.254.111,1,32
35.82.159.142,1,32
110.70.159.143,2,156
17.193.148.243,1,32
24.139.187.157,1,32
52.12.177.18,1,32
195.237.171.248,1,44
119.137.95.172,1,48
73.59.209.30,1,32
46.27.187.174,1,32
206.190.30.175,1,40
1.228.137.44,1,32
79.119.191.98,1,32
2.138.173.119,1,32
113.203.56.53,1,32
60.57.224.182,2,80
118.115.230.156,1,32
186.176.179.37,1,44
187.158.195.185,1,40
41.187.172.105,1,32
121.155.44.30,1,32
61.94.227.122,1,32
93.237.213.231,1,32
203.137.137.204,1,60
157.193.30.218,1,52
152.59.3.42,1,40
172.75.223.235,1,32
45.54.156.206,1,32
123.6.206.124,1,32
178.23.53.138,1,32
114.52.100.124,1,52
62.253.209.234,1,64
186.179.174.119,1,32
221.31.113.16,1,32
203.149.254.122,1,32
68.70.61.150,1,32
73.171.191.237,1,32
222.64.1.242,1,32
89.211.69.25,1,40
113.212.199.211,1,76
13.206.78.177,1,76
114.34.27.237,1,32
191.17.238.125,1,32
5.140.231.207,1,40
101.213.54.59,1,32
222.236.177.80,1,32
124.160.92.38,1,32
201.62.212.163,1,32
217.138.36.112,1,60
27.64.252.154,1,52
91.113.65.172,2,96
74.189.180.192,1,32
115.34.110.120,1,32
176.1.215.105,1,52
87.182.40.16,1,40
88.57.221.39,1,56
1.62.146.81,1,48
73.231.17.0,1,32
70.181.107.228,1,32
210.100.100.91,2,96
23.98.81.0,1,32
54.242.30.17,1,32
14.63.81.129,1,32
58.229.66.140,1,52
204.41.19.147,3,180
166.132.146.202,1,32
76.130.238.33,1,32
82.181.17.144,1,40
119.251.189.67,1,32
177.73.88.169,1,32
197.150.196.82,1,32
217.114.163.170,16,852
178.167.88.234,1,48
106.64.34.177,1,74
123.123.13.100,1,32
115.54.131.52,1,32
47.148.28.154,1,32
208.78.155.58,1,60
193.155.13.100,1,44
175.232.6.180,1,32
58.61.246.180,1,32
173.97.241.141,1,32
103.9.142.20,1,56
87.60.233.252,1,32
115.126.200.75,2,120
50.50.212.108,1,32
123.119.52.238,1,48
217.107.18.233,1,32
218.250.237.51,1,32
114.41.109.166,1,48
72.122.139.56,1,32
218.230.28.250,1,32
179.17.12.88,1,32
83.66.180.73,1,32
87.73.157.59,1,32
24.35.70.165,1,60
41.59.46.230,1,32
125.44.27.15,1,32
180.118.176.1,1,32
153.13.176.20,1,48
79.243.152.175,1,32
67.231.204.49,1,32
106.65.8.83,1,76
205.22.28.9,1,32
5.64.104.150,1,40
218.129.70.95,1,32
77.85.177.162,1,44
181.14.75.167,1,32
95.0.231.119,1,32
217.24.160.4,1,56
178.222.107.115,1,40
2.30.115.79,1,32
111.95.214.73,1,52
88.79.140.188,1,32
186.210.108.67,1,32
82.189.3.178,1,32
78.71.61.204,1,52
124.197.7.49,1,32
222.86.40.9,1,32
203.20.180.13,1,44
211.169.210.198,1,32
37.127.23.72,1,52
49.179.143.56,1,32
119.98.17.177,1,52
91.215.161.119,1,32
117.126.204.186,1,52
118.84.33.251,1,32
108.130.48.89,1,32
64.51.57.119,1,32
94.195.119.89,1,40
125.123.224.82,1,32
122.57.131.210,1,44
47.121.240.179,1,40
79.129.147.79,1,32
110.101.244.247,1,40
24.198.161.203,1,32
110.69.232.202,1,52
73.197.111.32,1,32
189.97.175.137,1,40
96.219.121.89,1,32
61.253.46.188,1,32
85.22.8.130,1,44
213.185.180.251,1,32
183.119.32.53,1,76
124.40.19.159,1,60
91.181.68.47,1,32
46.13.33.32,1,32
67.167.157.121,1,32
104.11.3.87,1,32
123.195.123.174,1,40
78.77.177.86,1,40
115.193.140.237,2,80
32.83.244.65,1,32
183.145.18.232,1,32
113.4.214.25,1,48
144.72.15.240,1,60
111.69.245.225,1,60
70.20.18.15,1,32
178.54.36.36,1,32
190.46.201.17,1,32
189.181.110.81,1,32
116.148.160.233,1,52
194.54.129.160,1,60
159.1.62.195,1,32
179.224.239.159,1,32
110.222.2.143,1,32
66.176.180.100,1,32
195.6.150.104,6,360
223.123.38.136,1,32
77.240.216.227,1,32
68.19.200.14,1,32
125.229.93.122,1,52
73.241.118.170,1,32
50.27.146.141,1,32
95.171.203.252,1,32
27.45.141.158,1,48
193.69.223.53,1,32
176.47.208.127,1,32
193.18.64.182,2,120
192.21.160.179,1,48
89.13.36.161,1,40
131.56.216.105,1,60
162.12.17.10,1,32
118.86.68.79,1,40
41.37.193.142,1,40
61.95.75.251,2,120
112.4.68.153,1,32
201.12.168.37,1,48
177.10.254.242,1,32
212.86.98.209,1,60
79.139.26.101,1,32
116.147.177.147,1,52
182.51.244.4,1,60
89.20.110.253,1,32
98.232.47.145,1,32
171.215.159.65,1,44
125.174.30.209,1,48
217.12.148.82,1,32
155.121.226.201,1,32
46.162.182.78,1,52
54.181.44.99,1,84
68.118.238.225,1,32
193.216.222.228,1,32
61.125.161.115,1,32
181.201.116.234,1,32
23.3.31.169,1,32
126.0.14.135,1,32
88.233.145.28,1,32
77.3.145.31,1,32
1.85.56.45,1,40
81.21.143.39,1,32
63.199.214.54,1,40
27.34.26.210,1,60
86.208.82.206,1,32
190.213.108.182,1,32
221.137.237.234,1,60
202.114.132.71,1,52
218.129.23.182,1,40
95.137.64.135,1,40
195.120.250.194,1,32
179.217.16.73,1,32
74.254.183.147,1,32
52.110.229.212,1,32
113.160.238.90,1,32
37.98.212.96,1,32
74.59.109.77,1,32
185.60.101.26,1,52
47.23.180.124,1,32
108.191.17.186,1,44
125.166.100.192,1,32
31.163.159.162,1,40
92.62.81.95,1,32
216.120.100.138,1,32
91.102.239.231,1,32
173.191.173.180,1,32
203.7.3.60,1,32
107.15.58.81,1,32
94.13.80.80,1,40
79.126.146.205,1,32
192.229.155.225,1,726
191.27.247.120,1,60
46.24.26.156,1,32
126.232.2.237,1,32
143.7.81.133,1,52
104.6.46.102,1,32
197.99.76.47,3,156
185.50.202.105,1,52
212.108.56.25,1,56
60.142.145.255,1,32
174.204.27.222,1,32
124.236.158.124,1,52
50.157.185.106,1,40
164.89.31.44,4,176
177.125.216.1,1,60
60.226.224.79,1,32
212.128.212.222,1,32
203.62.77.89,1,32
206.191.209.235,1,32
123.122.111.131,1,48
82.216.114.239,1,32
112.28.239.101,1,48
219.201.77.247,1,32
218.89.218.245,1,671
198.92.13.15,1,60
195.97.242.240,8,480
192.79.180.21,1,32
103.9.109.50,1,32
173.78.28.73,1,32
172.102.206.108,1,40
76.136.228.110,1,32
190.191.15.201,1,32
126.25.6.48,1,32
72.37.138.213,1,32
114.18.36.94,1,32
176.248.247.121,1,32
73.24.18.138,1,32
189.51.209.163,1,32
122.164.18.204,1,32
82.189.137.48,1,44
55.184.227.199,8,480
199.95.99.202,1,32
66.46.247.31,1,40
65.29.28.171,1,32
49.149.147.95,1,32
125.197.135.130,1,32
5.228.174.15,1,32
221.20.165.45,1,76
199.218.91.127,17,1020
129.196.12.130,3,504
159.160.162.24,1,32
112.9.241.87,1,32
178.172.50.185,1,32
42.229.52.77,1,40
76.71.84.103,1,32
67.18.18.180,1,32
93.222.10.75,1,32
213.235.12.67,1,60
91.30.225.209,1,48
119.203.197.68,1,52
181.126.74.183,1,32
153.6.126.29,8,480
70.189.244.253,1,32
195.249.4.33,1,90
109.144.19.203,1,32
17.193.185.207,4,3521
195.37.82.29,1,32
219.99.249.155,1,32
167.242.65.169,2,120
67.194.227.23,1,32
108.85.246.133,1,32
172.101.247.52,1,32
27.127.57.3,1,32
217.71.61.194,1,32
70.180.133.34,1,32
113.8.93.88,1,40
190.2.60.8,1,32
78.231.157.118,1,32
88.92.64.190,1,32
77.56.77.50,1,32
69.203.50.251,1,32
103.115.254.33,1,48
45.67.237.57,1,32
31.205.98.217,1,32
221.40.216.88,1,40
177.193.165.72,1,40
139.173.147.5,1,40
79.37.156.95,1,32
192.226.144.81,1,726
24.58.59.105,1,32
177.205.74.45,1,56
89.190.22.102,1,56
52.249.180.119,1,83
83.14.114.90,1,32
84.212.79.46,1,32
167.39.20.224,2,120
175.163.160.185,1,76
121.123.243.229,1,40
180.79.142.22,1,48
71.230.250.250,1,40
36.243.250.210,1,76
183.136.247.130,1,32
70.98.148.90,1,32
119.225.243.94,1,40
218.130.66.154,1,40
49.210.144.198,1,52
36.173.6.84,1,48
179.56.52.154,1,60
164.48.28.90,2,88
204.141.74.33,2,319
61.226.115.240,1,32
79.4.186.231,1,32
205.9.12.40,1,32
94.198.124.111,1,40
179.46.39.67,1,32
218.128.12.180,1,136
82.234.110.80,1,32
103.92.192.230,1,56
50.15.129.121,1,32
60.68.198.6,1,32
196.67.199.157,1,52
112.182.102.143,1,32
185.99.120.191,1,397
88.13.130.37,1,32
5.22.219.102,1,32
111.223.71.71,1,1439
196.35.143.114,1,60
77.172.222.118,1,32
77.146.32.68,1,32
5.42.226.29,1,44
174.223.1.152,1,32
4.126.248.145,1,60
123.188.247.157,1,32
23.209.176.177,1,32
23.244.237.104,1,32
222.220.241.243,1,32
189.22.99.174,1,32
186.127.149.158,1,40
54.215.145.148,2,116
106.53.207.117,1,52
115.215.99.125,1,32
71.230.152.134,2,88
79.100.125.104,1,40
214.220.218.243,7,420
188.78.250.201,1,32
196.209.1.22,1,32
115.215.243.66,1,60
217.61.195.52,3,144
220.161.47.38,1,52
115.65.253.209,1,44
104.79.100.3,1,32
140.92.209.194,1,56
192.197.115.158,1,1093
210.205.91.80,1,40
123.108.102.204,1,40
221.18.8.217,1,32
60.159.61.142,1,32
35.78.66.71,1,32
119.139.126.17,1,32
180.149.237.134,1,32
90.5.238.111,1,32
161.154.42.73,1,32
200.210.43.48,4,240
195.219.55.89,2,120
75.178.147.94,1,32
118.4.139.252,1,32
77.249.212.9,1,32
67.233.224.230,4,440
94.195.118.42,1,40
5.250.222.121,1,32
80.226.82.231,1,32
201.238.210.0,1,40
66.99.27.56,1,32
125.254.77.238,1,32
59.10.88.250,1,74
201.132.147.183,1,32
13.161.234.153,2,1246
75.163.3.215,1,32
122.235.228.213,1,32
203.144.178.27,1,60
1.54.181.211,1,52
117.52.90.159,1,52
50.185.241.113,1,32
59.52.189.195,1,40
91.249.241.213,1,32
103.194.36.251,1,40
171.208.228.162,1,48
124.40.219.133,1,32
24.236.116.144,1,32
51.160.35.191,1,60
135.50.204.212,1,32
124.160.163.181,1,76
145.144.110.99,1,32
1.52.81.201,1,32
95.208.92.103,1,40
83.129.210.245,1,32
110.128.178.175,1,32
219.60.22.30,1,32
5.255.32.24,1,32
202.89.220.184,1,32
185.218.19.6,1,32
113.65.154.110,1,44
2.65.60.163,1,40
37.17.171.20,1,40
84.59.78.16,1,32
222.175.124.196,1,52
177.74.143.171,1,32
113.23.0.232,1,52
139.155.13.120,1,56
218.226.249.18,1,32
195.137.53.119,2,120
177.70.34.213,2,88
118.238.119.209,1,32
67.241.141.0,1,32
115.201.81.167,1,48
5.239.132.73,1,52
82.23.115.183,1,32
174.137.52.58,1,32
118.84.207.87,1,52
87.68.108.115,1,32
201.183.11.49,1,60
69.142.173.183,1,40
23.112.190.24,1,60
92.220.241.154,1,32
173.174.251.57,1,32
200.5.49.185,1,85
73.138.64.124,1,32
91.73.108.8,1,32
93.81.220.74,1,32
222.175.198.200,1,76
87.240.223.158,1,32
117.43.99.200,1,32
42.226.248.240,1,32
52.24.65.159,2,112
195.172.228.158,1,32
122.135.82.174,1,32
72.204.25.65,1,32
59.11.174.50,1,32
84.107.222.154,1,32
213.167.165.57,1,32
91.217.141.189,1,32
122.147.27.150,1,132
195.14.67.135,7,420
104.192.114.50,1,44
83.136.108.46,1,40
186.200.69.178,1,32
173.33.179.118,1,32
198.95.143.30,1,40
95.214.212.36,1,52
34.207.33.253,2,104
114.193.142.83,1,44
152.91.177.122,1,32
123.205.59.148,1,32
79.47.193.169,1,32
181.160.20.199,1,40
193.209.211.97,2,120
211.0.137.242,1,60
116.151.200.29,1,52
50.239.92.140,1,32
106.88.254.127,1,48
178.222.32.138,1,40
52.91.251.173,3,671
37.147.47.177,1,32
61.71.98.193,1,60
24.148.47.69,1,32
187.218.235.189,1,40
152.53.245.71,1,44
174.36.6.135,1,48
2.6.163.63,1,32
46.97.100.152,1,60
211.129.121.209,1,48
200.38.32.157,8,480
80.192.227.196,1,32
35.76.210.172,1,32
79.197.66.102,1,32
37.247.236.1,1,32
52.10.92.32,1,32
211.18.82.186,1,32
80.201.81.109,1,32
125.32.255.196,1,44
124.57.172.3,1,48
37.17.206.236,1,40
104.51.27.176,1,32
58.38.158.239,1,32
125.33.119.6,1,44
194.243.28.3,7,420
221.137.164.47,1,32
39.40.123.74,3,120
119.85.18.47,1,32
67.135.121.221,1,32
88.227.99.34,1,32
185.226.197.171,1,32
77.248.177.160,1,32
13.160.52.252,1,52
220.188.207.228,1,52
116.208.125.250,1,32
200.174.19.91,3,180
67.49.208.98,1,32
13.31.115.60,1,76
201.74.36.29,1,32
196.163.226.40,1,32
165.226.156.157,1,32
94.14.18.91,1,324
109.60.173.159,1,32
91.169.133.167,1,32
173.179.84.32,1,60
67.8.8.184,1,32
193.27.3.103,4,240
97.40.71.251,1,32
124.73.243.67,1,32
179.223.145.55,1,32
201.100.117.16,1,32
54.160.169.165,5,300
195.31.16.226,1,60
204.179.63.226,3,180
171.202.99.17,1,32
171.197.18.165,1,32
175.173.76.83,1,32
178.239.83.120,1,32
79.48.39.110,1,32
139.173.159.2,1,40
71.48.182.184,1,32
168.68.185.106,1,40
112.50.52.105,1,92
203.180.102.129,1,52
177.31.237.4,1,32
187.194.156.120,1,32
54.161.40.134,1,32
23.42.155.168,1,32
59.3.113.112,1,32
200.176.110.44,1,60
5.99.183.51,1,32
181.172.109.213,1,32
191.239.33.117,1,32
207.160.24.75,1,32
194.179.12.118,1,60
73.3.247.1,1,32
110.150.123.32,1,32
125.206.252.59,1,32
153.85.219.173,1,32
55.219.40.205,2,120
112.52.157.26,1,52
209.96.17.211,1,32
173.164.71.51,1,32
211.236.126.178,1,40
185.227.139.125,1,40
218.142.123.50,1,32
104.15.167.92,1,52
91.47.203.15,1,32
59.52.11.125,1,32
17.203.227.49,10,4100
43.223.192.172,1,48
187.25.207.160,1,32
201.161.124.8,1,32
59.69.194.36,1,32
119.79.118.79,1,32
41.26.111.85,1,32
180.103.68.0,1,32
82.219.73.75,1,32
60.229.41.31,1,32
222.107.196.59,1,32
201.95.91.66,1,32
103.213.174.218,2,673
117.231.58.248,1,32
5.235.238.50,1,40
31.124.27.79,1,32
188.162.145.53,1,32
69.250.191.11,1,32
190.205.162.62,1,32
151.74.119.126,1,56
156.48.182.252,1,40
78.63.114.38,1,32
195.92.26.149,1,56
105.146.27.92,1,60
65.1.193.227,1,32
216.68.133.226,8,1127
175.209.109.80,1,32
105.149.102.179,1,32
179.163.101.157,1,32
72.210.113.196,1,32
119.25.45.15,1,32
84.96.171.243,1,56
111.175.228.137,1,32
51.61.91.208,1,40
84.201.25.103,1,32
36.20.19.74,1,40
221.99.61.14,1,32
81.225.180.191,1,32
111.67.141.126,1,32
110.52.78.209,1,40
80.27.131.58,2,88
17.192.156.1,16,8903
103.204.93.13,5,2998
51.200.71.9,1,32
186.165.145.248,1,32
207.72.128.49,1,125
41.249.132.157,1,32
81.189.163.66,1,32
202.87.192.149,1,32
72.16.155.226,1,32
167.58.140.15,1,44
213.18.223.31,1,32
173.57.203.98,1,32
52.92.175.132,1,32
123.113.134.148,1,32
82.227.50.52,1,32
67.225.81.100,1,32
37.91.177.219,1,32
13.182.119.132,1,40
5.140.67.44,1,48
50.184.115.212,1,32
177.52.34.109,1,32
2.144.60.176,1,52
213.124.17.196,1,32
176.181.221.6,1,32
1.221.204.53,1,40
2.77.28.225,1,52
62.0.86.161,1,44
32.14.238.234,1,32
220.4.88.221,1,32
193.96.197.14,6,360
71.230.250.65,1,40
47.80.132.48,1,60
39.12.204.14,1,60
122.209.64.76,1,32
54.249.147.107,1,76
74.186.168.143,1,32
27.35.118.255,1,32
45.40.160.85,1,92
195.173.33.101,1,32
217.26.242.215,1,32
71.230.250.164,1,40
71.157.190.93,1,32
58.160.177.174,1,40
108.197.182.81,1,32
151.255.219.144,1,32
191.192.45.120,1,32
208.108.73.66,1,201
105.146.195.145,1,32
112.170.153.46,1,32
191.207.44.125,1,32
8.247.244.137,1,84
116.150.146.220,1,132
202.112.53.108,1,40
52.251.121.54,1,76
94.228.28.253,1,32
193.155.210.37,1,32
131.159.143.238,1,32
115.74.126.197,1,32
47.90.223.85,1,60
200.254.156.83,1,60
62.68.190.198,1,32
63.218.92.6,1,32
185.109.210.182,1,32
103.117.13.204,1,40
194.29.118.41,1,32
77.177.57.207,1,32
31.113.147.79,16,17487
65.64.226.8,1,32
23.55.247.175,1,32
78.30.45.58,1,32
217.7.17.32,1,32
46.64.174.111,1,32
49.195.247.243,1,48
140.186.118.168,1,32
46.56.166.189,1,32
218.94.241.240,1,52
173.240.67.19,1,56
216.68.133.187,1,52
121.213.234.48,1,44
97.29.219.255,1,32
50.55.78.198,1,32
109.213.119.164,1,32
171.198.228.26,1,76
31.163.182.138,1,40
174.182.24.142,1,32
93.172.223.218,1,32
223.159.217.148,1,32
113.241.35.193,1,32
184.122.205.59,2,176
93.244.122.201,1,32
71.230.250.225,1,40
214.221.184.124,2,120
23.91.187.205,1,32
134.160.248.125,1,1439
159.185.240.125,1,56
174.141.164.80,1,32
79.67.145.237,1,32
59.28.118.173,1,32
104.161.135.249,1,32
203.32.73.28,1,32
67.117.177.160,1,32
141.128.143.55,1,32
205.58.77.110,1,237
90.14.28.200,1,32
80.81.93.248,1,32
213.80.69.94,1,32
17.199.46.181,10,7999
84.14.109.0,1,32
92.12.209.64,1,32
147.97.63.130,1,32
114.203.158.63,1,48
104.83.178.112,1,32
125.44.52.217,1,32
124.34.150.138,1,48
115.128.203.249,1,32
60.58.80.40,1,44
45.123.100.254,1,32
91.201.237.195,1,32
50.244.78.243,1,32
138.58.179.55,1,60
124.228.49.250,1,60
189.189.252.177,1,32
189.28.18.176,1,32
103.55.87.160,1,32
221.136.51.30,1,32
190.165.100.41,1,32
92.36.71.79,1,32
54.192.57.199,1,40
110.77.77.231,1,60
96.75.50.142,1,32
24.52.91.123,1,32
179.68.118.239,1,32
110.236.118.150,1,76
47.232.246.140,1,32
174.154.117.81,1,32
116.167.46.72,1,32
58.22.152.42,1,40
213.216.238.99,1,32
171.176.29.27,1,32
68.83.134.101,1,32
71.230.250.8,1,40
139.173.130.80,2,80
195.225.155.247,1,32
64.142.114.152,1,32
111.227.114.184,1,32
71.234.131.5,1,32
202.148.213.231,3,180
110.102.224.69,1,48
139.253.75.209,1,32
195.221.146.240,1,60
67.177.82.177,1,32
54.249.172.228,1,76
84.47.166.166,1,60
83.135.139.119,1,32
24.169.18.103,1,32
82.46.8.57,1,32
95.165.190.58,1,32
200.19.228.141,1,32
180.95.139.196,1,40
216.144.112.187,8,480
177.208.206.252,1,32
41.37.27.238,1,40
177.28.87.138,7,420
81.228.12.132,1,32
71.190.252.11,1,44
75.121.142.245,1,32
181.166.227.237,1,32
93.115.8.63,1,60
172.119.156.8,1,32
66.183.44.237,1,32
172.103.153.252,2,80
94.29.17.111,1,32
84.89.29.47,1,32
201.103.237.127,1,32
118.59.91.130,1,32
46.15.150.241,1,32
71.230.250.208,1,40
81.142.2.214,1,44
217.198.28.224,1,32
220.0.137.181,1,40
97.29.241.194,1,32
195.172.117.225,1,40
82.167.210.46,1,32
73.17.156.131,1,32
180.10.40.146,1,32
116.19.145.155,1,52
200.139.72.212,7,420
106.17.146.68,1,124
116.174.4.161,1,32
112.31.188.57,1,60
218.94.205.240,1,32
52.254.196.199,8,1281
125.228.3.86,1,40
90.30.249.231,1,32
123.170.215.129,1,60
66.245.78.172,1,32
187.129.163.53,1,32
187.98.147.58,2,80
115.91.173.102,1,52
111.219.207.50,1,60
110.246.199.90,1,32
37.17.222.88,1,40
115.40.245.32,1,58
185.67.183.117,1,32
95.152.71.216,1,32
84.87.116.0,1,32
18.178.176.12,1,76
99.35.116.75,1,32
54.249.216.224,1,76
122.60.61.21,1,44
212.142.210.155,1,40
208.108.72.123,1,176
188.31.170.101,1,40
5.141.123.207,1,40
204.81.200.10,1,60
170.204.156.220,1,32
124.55.212.25,1,32
109.0.82.200,1,32
210.182.198.165,1,32
37.157.116.207,1,40
196.180.49.22,2,88
218.221.163.33,1,32
120.153.205.19,1,32
184.26.174.236,1,32
125.251.11.136,1,52
175.117.220.213,1,48
207.70.214.125,1,60
37.70.100.11,1,32
204.64.162.169,1,40
52.111.126.125,1,32
113.105.44.217,1,40
112.251.70.11,1,32
190.63.141.52,1,60
114.56.193.69,1,32
52.15.129.212,2,350
173.163.14.239,1,32
72.3.182.29,1,32
36.175.252.161,1,52
12.49.0.5,2,88
122.237.63.110,1,60
219.252.82.36,1,52
71.230.250.7,1,40
83.31.156.179,1,32
98.112.176.15,1,32
116.244.232.167,1,48
164.48.28.88,1,44
167.197.86.69,4,216
179.43.82.74,1,32
74.164.222.162,1,32
78.18.27.92,1,32
68.74.23.188,3,120
212.204.75.59,3,180
114.207.150.171,1,40
76.49.13.225,1,32
4.85.150.114,1,32
106.94.68.250,1,32
198.221.199.236,1,60
98.190.137.228,2,120
175.118.99.15,1,48
221.136.18.122,1,60
197.43.227.183,1,40
64.160.77.52,2,92
76.253.77.255,1,32
14.73.142.2,1,48
180.72.80.70,1,40
106.71.121.107,1,60
46.38.106.139,2,80
191.171.227.188,1,32
46.1.86.33,1,32
203.136.255.156,1,44
139.173.156.225,1,40
188.48.132.204,1,32
119.27.242.121,1,60
184.39.163.74,1,32
88.75.160.250,1,32
57.39.231.205,2,120
119.225.235.4,1,40
95.131.67.55,1,48
182.14.216.251,1,32
82.51.228.20,1,32
12.200.164.120,1,32
41.103.98.207,1,32
82.147.18.233,1,32
115.55.221.235,1,76
190.63.141.234,1,32
79.163.77.184,1,32
113.68.4.243,1,32
185.169.27.145,1,32
81.199.18.247,1,32
23.84.109.88,1,32
34.184.191.113,3,180
113.68.255.72,1,40
176.218.5.96,1,32
61.127.148.26,1,76
94.128.23.225,1,44
36.29.126.68,1,32
45.236.221.207,1,32
218.246.159.74,1,74
88.150.238.31,1,32
184.126.135.47,1,32
219.0.170.123,1,40
116.179.236.191,1,52
182.33.155.35,1,32
217.15.71.118,1,32
201.9.228.155,1,32
80.143.235.160,1,40
95.141.100.30,1,32
115.143.152.241,1,52
109.49.97.231,1,40
179.24.32.246,1,32
60.58.186.180,2,80
160.26.45.127,1,32
1.2.123.102,1,32
23.239.121.144,1,32
193.143.114.173,1,32
179.124.236.76,1,60
211.129.121.207,1,48
118.96.254.67,1,32
221.94.60.133,1,32
82.10.164.174,1,32
118.135.89.163,1,40
204.242.177.215,1,32
18.232.78.91,1,83
91.255.185.38,1,32
139.173.176.239,1,40
220.49.62.170,1,40
180.131.76.168,1,60
85.110.105.132,1,75
198.192.213.131,2,120
5.189.29.89,1,125
94.18.164.203,1,32
160.173.182.225,1,32
221.143.240.249,1,76
202.65.245.113,2,1661
122.182.131.78,1,32
125.240.105.195,1,52
95.18.82.229,1,60
205.58.73.190,1,274
108.87.16.136,1,32
54.203.102.25,1,32
186.214.189.109,1,32
175.140.196.13,1,32
180.149.157.119,1,40
221.199.65.169,1,60
13.204.236.113,1,76
120.133.96.0,1,32
104.198.81.102,1,32
54.227.37.205,2,146
211.87.132.252,1,32
121.150.164.179,1,32
95.131.174.199,1,32
192.14.230.227,2,120
80.210.70.75,1,32
211.157.231.244,1,48
97.6.39.156,2,120
220.198.188.125,1,32
138.128.125.80,1,32
81.231.25.254,1,32
76.154.6.242,1,32
189.140.115.133,1,32
217.107.50.7,1,40
68.152.114.99,1,32
192.50.181.199,1,52
111.253.115.64,1,48
204.207.36.198,1,60
126.173.76.112,1,32
119.15.88.85,1,32
187.246.49.190,1,32
102.80.6.203,1,32
86.148.237.80,1,32
212.231.72.206,1,60
112.42.149.115,1,32
70.67.176.229,1,32
95.141.64.103,1,32
203.239.211.81,2,120
91.127.230.34,1,32
90.130.179.166,1,60
221.47.174.177,1,32
89.213.111.58,1,32
2.25.95.82,1,32
175.203.196.1,1,32
115.46.208.104,1,32
125.233.60.203,1,32
78.254.191.184,1,44
72.235.195.107,1,32
4.127.178.218,1,32
212.48.208.59,3,180
164.165.38.202,1,44
175.227.130.53,1,32
207.136.134.40,1,32
61.120.20.17,1,32
177.230.71.78,1,40
65.158.28.47,1,32
61.30.161.129,1,32
115.242.99.211,1,32
187.37.237.40,1,32
115.99.188.3,1,32
52.245.134.11,2,114
88.4.27.162,1,32
191.214.109.69,1,40
71.170.243.111,1,32
191.187.212.120,1,44
17.203.229.224,1,76
201.168.193.229,1,32
5.33.126.190,1,99
208.225.132.163,1,60
202.42.162.225,3,180
221.104.7.103,1,32
79.75.28.241,1,32
174.224.82.56,1,32
64.192.132.138,1,32
202.172.42.31,4,216
213.89.116.211,1,32
222.174.31.214,1,40
69.39.250.191,1,108
210.100.100.101,1,48
72.186.204.46,1,32
188.17.19.232,1,32
177.204.127.129,1,32
94.223.111.120,1,32
61.167.84.53,1,32
195.50.203.6,1,32
78.168.207.165,1,40
34.198.98.131,6,5637
176.36.46.216,1,76
71.214.237.145,1,32
151.18.50.207,1,32
18.225.11.22,1,32
95.48.43.101,1,32
77.220.210.75,1,32
45.109.19.184,7,420
51.82.28.65,1,32
65.10.130.120,1,32
216.68.133.113,1,52
50.135.151.81,2,120
82.159.28.65,1,32
100.213.205.224,1,32
52.254.167.206,1,76
200.38.105.211,3,180
107.160.136.207,1,32
61.30.54.115,1,40
168.253.227.123,1,60
211.151.148.229,1,60
193.223.183.214,1,60
210.152.188.75,1,160
49.105.26.186,1,32
36.234.46.97,1,76
174.235.196.188,1,32
61.79.69.181,1,32
78.68.85.20,1,32
166.88.24.134,1,76
202.45.146.137,1,60
121.253.220.159,1,32
62.144.236.135,1,32
94.249.134.167,1,32
219.218.81.75,1,32
124.209.250.162,1,52
190.18.153.92,1,32
191.147.188.15,1,32
204.128.195.153,1,32
80.143.70.7,1,40
181.64.143.26,1,32
17.199.30.104,8,729
89.127.246.239,1,32
95.45.82.1,1,32
218.247.163.223,1,32
101.55.193.168,1,40
200.249.253.109,1,32
104.87.82.72,6,8042
120.254.31.28,2,120
103.93.120.185,1,32
196.84.93.197,1,60
180.189.177.218,1,32
112.141.214.110,1,32
132.244.189.201,1,48
102.133.161.60,1,32
81.174.235.32,1,32
171.175.143.156,1,48
46.94.208.47,2,120
119.111.49.157,1,60
102.81.121.236,1,32
189.249.24.208,1,32
157.114.113.76,1,32
207.190.50.64,1,32
188.11.128.209,1,40
87.90.157.188,1,32
203.248.130.79,5,300
199.221.238.110,7,420
182.52.50.154,1,32
73.71.177.209,1,32
71.254.103.85,1,32
200.81.62.49,24,1440
122.7.204.244,1,32
18.185.20.101,1,32
92.101.248.69,1,32
18.182.104.210,1,76
78.168.85.147,1,32
42.53.111.106,1,60
95.49.13.174,1,40
144.198.104.239,1,32
144.172.188.33,1,32
31.178.149.253,1,32
173.221.73.16,2,120
176.86.231.119,1,32
69.228.206.188,1,32
195.177.143.148,4,240
96.2.55.168,1,32
221.17.33.221,1,60
71.230.250.35,1,40
1.8.173.124,1,32
109.126.44.28,1,32
5.44.6.25,1,32
202.221.82.5,19,1140
113.59.158.32,1,60
34.215.76.243,1,52
125.72.248.246,1,32
69.106.136.243,1,32
88.84.173.7,1,32
80.97.198.45,1,60
90.219.212.247,1,44
108.72.99.220,1,32
203.254.21.49,1,60
200.93.54.205,1,60
89.186.187.167,1,52
82.142.7.92,1,32
65.174.23.170,1,60
5.141.14.99,1,40
165.121.36.247,1,32
177.254.221.97,1,60
183.159.154.210,1,32
37.98.235.44,1,32
58.48.130.161,1,32
42.228.47.201,1,40
172.249.30.5,1,48
13.204.42.139,1,76
93.249.62.250,1,32
86.137.8.238,1,32
68.205.178.37,1,32
96.81.145.33,1,32
81.93.47.139,1,32
175.226.243.198,1,32
186.199.79.34,1,32
115.196.14.154,1,40
55.141.160.247,1,60
45.99.224.240,1,60
176.59.162.203,1,40
216.44.133.94,1,32
195.60.157.136,1,32
213.175.51.43,1,32
77.196.248.30,1,32
116.131.252.241,1,132
195.144.43.209,1,60
153.12.63.219,1,60
104.220.233.96,1,32
62.163.172.215,1,32
134.214.83.31,1,40
188.49.50.14,1,32
188.39.227.76,1,32
218.138.80.250,1,32
124.132.39.142,1,32
65.214.121.57,1,32
52.254.81.170,1,76
177.178.136.147,1,32
114.192.44.132,1,32
65.251.183.161,1,32
93.249.27.143,1,32
175.50.69.1,1,32
156.59.110.90,2,112
115.62.242.47,1,32
73.81.166.253,1,32
50.248.12.108,1,32
162.41.115.62,1,32
96.92.220.1,1,32
73.144.33.252,1,32
122.183.49.89,1,32
189.45.98.238,1,60
61.81.113.55,1,32
58.43.206.96,1,32
50.197.206.193,1,32
133.67.76.5,3,315
140.117.246.163,1,32
125.105.68.193,1,32
213.96.82.116,1,60
217.104.94.105,1,40
71.230.250.212,1,40
47.19.219.15,1,32
181.138.122.237,1,32
69.233.123.28,1,32
202.144.10.238,1,32
210.100.100.113,2,96
124.26.96.140,1,52
202.148.96.153,1,60
194.207.79.1,1,32
212.171.226.59,1,60
35.95.13.82,1,32
76.95.224.108,1,32
194.193.223.123,1,60
78.7.253.122,1,44
98.34.36.170,1,32
173.249.49.75,1,125
99.130.196.165,1,32
36.248.195.60,1,32
222.164.131.70,1,32
186.39.211.39,1,32
114.160.137.157,1,40
93.31.13.2,1,32
185.1.39.110,1,40
109.149.161.172,1,32
216.133.239.124,1,56
79.240.99.106,1,32
59.146.172.48,1,32
75.70.78.188,1,32
178.100.52.131,1,52
82.50.172.202,1,32
197.49.169.223,1,40
201.13.99.201,1,32
188.8.236.142,1,40
177.154.142.99,1,32
175.215.214.177,1,32
191.213.162.254,1,32
178.56.50.112,1,32
211.147.13.30,1,40
212.163.136.73,1,60
115.62.195.214,1,60
101.125.252.193,1,40
218.225.185.92,1,48
41.219.255.102,1,32
107.217.63.195,1,32
201.73.160.119,1,40
79.39.22.60,1,44
167.24.126.165,1,60
72.18.221.54,1,32
14.32.50.41,1,32
81.135.18.66,1,32
71.230.250.224,1,40
17.166.131.255,2,80
121.71.50.198,1,32
75.127.6.221,1,32
46.60.18.211,1,32
141.33.170.91,1,40
37.231.122.233,1,32
61.128.46.154,1,32
119.203.29.104,1,40
113.112.50.201,1,32
200.184.192.250,1,60
96.213.74.216,1,32
78.77.198.153,1,40
94.71.115.100,2,80
194.234.160.174,4,240
131.56.9.70,1,32
192.148.177.69,1,60
197.79.175.39,3,180
190.90.25.229,1,32
185.77.252.56,1,32
5.74.83.143,1,32
116.188.5.49,1,32
202.197.196.212,1,112
124.41.92.137,1,56
197.146.189.252,1,32
186.210.143.94,1,32
123.189.0.223,1,40
95.225.2.49,1,32
124.135.123.187,1,76
24.38.130.74,1,32
122.8.25.77,1,52
125.214.117.200,1,48
101.121.228.68,1,32
121.132.161.8,1,32
4.32.4.246,1,32
61.227.20.27,1,52
24.192.134.197,1,32
98.18.82.41,1,32
88.245.211.174,1,60
193.155.235.56,1,32
23.94.229.83,32,9549
213.200.142.171,1,32
24.119.233.189,1,32
91.15.27.206,1,32
89.198.21.22,1,40
91.216.49.35,1,32
89.234.50.240,1,32
183.176.253.248,1,52
219.115.175.113,1,56
46.66.209.62,1,48
71.62.189.184,1,32
111.196.76.178,1,32
87.242.49.146,1,32
96.33.142.196,1,32
41.71.110.70,1,32
188.251.8.212,1,32
160.162.177.211,1,32
78.128.238.157,1,32
178.223.240.13,1,40
177.192.128.19,1,32
196.66.30.180,1,52
42.16.36.222,1,32
125.252.223.82,1,48
54.35.202.151,1,76
172.103.155.42,2,80
203.36.173.174,1,32
213.65.46.31,1,60
52.100.51.148,1,32
166.250.101.110,1,32
218.44.250.227,4,228
73.123.136.110,1,32
70.83.220.88,1,32
96.76.87.89,1,32
99.39.112.196,1,32
39.81.58.55,1,32
189.203.146.247,1,32
187.249.130.1,1,40
84.128.198.49,1,32
173.171.127.30,1,32
202.250.43.122,1,60
179.219.168.236,1,32
176.236.245.212,1,32
37.148.179.238,1,32
14.231.112.140,1,52
121.97.198.238,1,32
188.82.146.199,1,32
81.109.202.71,1,40
98.50.56.163,1,32
188.95.164.8,1,32
156.62.231.199,1,40
217.123.64.37,1,32
185.169.131.29,1,60
222.186.72.99,1,40
82.62.248.72,1,40
113.49.0.126,1,48
41.96.31.136,1,32
193.11.210.170,1,60
193.6.169.105,1,60
77.189.80.31,1,32
188.11.133.4,1,40
2.33.156.107,1,32
103.213.67.207,1,32
1.26.169.93,1,32
180.66.126.250,1,32
194.28.128.232,1,60
118.33.25.147,2,80
201.246.219.102,1,32
220.49.52.97,1,32
27.179.172.200,1,32
83.89.211.55,1,32
191.123.75.182,1,32
126.191.254.30,1,32
218.199.188.16,1,32
46.86.214.135,1,60
130.132.61.97,2,120
211.129.121.208,1,48
99.85.142.243,1,32
14.12.138.144,1,32
196.186.64.212,1,60
88.58.100.119,1,44
62.162.28.112,1,32
181.232.18.164,1,32
111.251.201.182,1,52
115.236.39.86,1,32
202.216.15.206,1,129
80.85.250.170,1,32
125.145.149.194,1,52
200.69.44.233,1,32
190.122.240.184,1,40
202.82.39.24,1,32
60.92.42.17,1,40
122.61.150.47,1,44
216.156.96.33,1,60
171.151.250.225,1,44
198.131.164.123,1,60
87.14.120.169,1,32
13.204.98.31,1,76
41.53.84.133,1,32
87.69.113.105,1,96
118.112.108.49,1,44
52.252.229.176,2,415
216.145.143.188,3,168
221.177.147.45,1,32
75.201.92.66,1,32
64.22.164.96,1,60
109.67.238.175,1,32
38.156.7.144,1,32
98.66.147.71,1,32
23.94.231.105,2,510
14.65.221.18,1,60
91.230.55.155,1,40
91.44.192.121,1,60
117.205.147.75,1,52
77.78.58.96,1,40
116.178.205.122,1,32
90.113.157.229,1,40
68.184.155.184,1,32
144.47.156.133,1,32
59.27.46.108,1,32
117.102.132.239,1,32
191.115.179.6,1,32
211.7.4.143,1,40
218.129.103.64,1,32
62.0.114.207,1,32
151.147.75.55,1,32
70.115.177.117,1,32
115.58.224.252,1,60
36.164.21.155,1,60
189.142.193.194,1,32
54.53.50.63,1,32
255.2.162.165,2,120
77.26.17.171,1,40
115.121.65.75,1,76
204.48.68.24,1,40
183.66.217.34,1,52
190.42.49.87,1,32
84.33.3.91,1,56
174.153.120.47,1,32
95.146.243.210,1,32
213.71.73.213,5,276
31.163.132.156,1,40
60.145.121.57,1,48
150.141.56.180,1,32
54.249.158.9,1,327
192.250.98.92,2,120
181.236.88.230,1,40
189.207.137.19,1,32
185.209.98.199,1,44
219.106.57.23,1,44
211.171.82.161,1,32
49.111.221.0,1,32
217.133.163.41,1,32
123.154.150.255,1,60
69.6.36.2,1,32
73.252.203.249,1,32
54.218.100.200,1,32
195.16.48.45,1,52
196.190.46.203,1,60
75.112.179.120,1,32
201.203.213.45,1,32
88.159.91.104,1,32
118.251.106.19,1,76
3.233.157.208,3,120
171.231.135.152,1,40
118.135.242.5,1,60
201.49.68.157,1,32
209.93.131.221,1,32
202.157.113.217,2,88
133.67.193.63,1,235
139.173.136.244,1,40
198.86.214.102,1,32
94.106.240.215,1,32
59.163.220.139,1,32
41.34.255.187,2,120
197.51.115.145,1,40
212.147.247.182,1,32
82.230.226.174,1,32
112.37.35.166,1,60
101.38.60.114,1,32
49.104.151.34,1,32
104.36.1.73,1,32
163.253.96.46,1,56
72.20.175.255,1,40
219.14.125.85,1,32
121.109.68.32,1,32
162.13.104.170,3,505
70.60.247.245,1,60
190.57.119.255,1,32
123.200.60.39,1,32
45.245.142.8,2,96
210.100.197.49,1,40
82.109.164.95,1,32
37.17.208.181,1,40
103.227.20.229,1,32
178.222.231.184,1,40
124.159.131.54,1,32
85.175.44.147,1,32
210.100.100.115,1,48
14.69.106.77,1,52
108.136.251.37,1,32
74.193.223.246,126,169024
89.117.139.168,1,40
14.40.101.59,1,60
53.54.179.218,1,60
162.168.178.205,1,32
95.18.149.186,2,80
170.214.206.73,1,60
42.232.141.193,1,32
87.58.166.159,1,525
219.48.86.183,1,32
178.169.252.252,1,32
118.63.39.222,1,32
121.152.205.178,1,32
42.90.35.138,1,76
203.83.214.188,1,32
113.201.120.57,1,40
92.111.132.119,1,32
220.160.163.116,1,52
199.33.110.189,3,180
69.126.96.185,1,32
69.8.142.108,1,32
211.145.44.233,4,228
61.26.94.67,1,32
115.121.145.147,1,40
108.92.9.69,1,60
181.57.140.119,1,32
39.40.121.75,1,40
171.167.112.203,1,52
27.51.204.123,1,32
197.59.141.2,1,40
122.174.99.7,1,32
47.151.88.97,1,32
173.99.49.142,1,32
62.31.64.73,1,32
209.40.198.201,1,60
110.238.214.81,1,48
54.35.196.72,1,32
141.149.145.5,1,60
13.16.157.20,1,32
202.165.131.154,1,32
83.115.35.175,1,32
71.5.220.225,1,32
71.230.250.155,1,40
47.42.140.114,1,32
68.110.189.185,1,32
94.177.136.104,1,32
222.128.177.141,1,32
101.62.229.56,1,48
123.5.205.139,1,32
39.2.204.24,1,76
64.22.160.130,1,52
166.88.178.20,3,164
200.52.59.55,1,32
111.174.9.81,1,52
139.242.46.114,1,48
213.43.72.123,1,32
23.62.254.16,1,32
216.163.100.93,1,32
220.1.210.69,1,32
201.238.183.239,1,32
217.5.145.202,1,40
211.20.255.7,1,32
202.216.75.188,9,3922
122.226.124.53,1,32
77.107.248.231,1,32
39.19.209.96,1,32
202.165.114.40,1,52
172.102.228.13,1,40
124.231.227.191,1,32
63.226.123.39,1,32
112.218.244.137,1,32
185.249.230.7,1,32
211.91.21.214,1,40
2.217.84.2,1,32
130.46.114.75,5,300
14.188.98.127,1,28
187.99.166.111,1,32
59.162.230.117,1,40
90.183.188.94,1,32
123.150.164.86,1,32
107.164.126.97,1,32
115.204.174.120,1,58
124.218.197.28,1,32
195.102.238.185,2,80
87.234.18.109,1,32
41.18.184.248,1,32
189.19.27.193,1,32
187.190.120.106,1,32
77.148.185.88,1,32
185.74.0.55,1,32
68.138.211.199,1,32
181.134.187.4,1,32
44.204.147.43,4,240
176.221.50.198,1,56
202.87.255.229,1,40
177.228.133.211,1,44
51.225.68.182,1,32
151.150.205.202,1,32
120.220.149.70,1,40
39.0.56.55,1,32
66.225.9.180,1,32
172.249.30.54,1,52
171.61.179.102,1,52
199.68.27.44,1,32
89.80.136.189,1,56
18.230.61.4,1,32
121.253.242.217,1,32
189.108.109.199,1,32
193.96.230.216,1,60
108.129.50.67,1,32
156.46.185.186,1,40
1.58.54.194,1,52
126.196.127.247,1,32
31.163.184.59,1,40
192.50.213.30,1,60
71.222.208.245,1,32
80.127.179.240,1,32
126.218.96.97,9,546
200.6.2.84,1,32
123.107.207.141,1,60
79.61.47.250,1,32
216.41.227.4,1,142
60.144.69.239,1,32
2.102.185.236,1,32
213.156.1.63,1,32
74.254.135.166,1,32
190.219.57.60,1,32
206.188.175.50,1,60
209.176.113.25,2,336
169.159.142.47,1,52
183.65.159.97,1,76
191.18.238.171,1,32
62.210.92.225,1,32
96.22.49.47,1,32
171.61.3.41,1,40
176.112.118.200,1,32
188.136.164.187,1,32
87.229.99.59,1,32
88.55.129.78,1,44
195.128.162.180,1,60
186.79.181.222,1,32
156.47.218.22,1,40
82.222.22.72,1,52
187.122.78.214,1,32
182.132.68.30,1,32
172.29.59.98,1,40
119.165.8.251,1,32
103.245.51.243,1,32
190.39.66.152,1,32
189.45.89.236,1,60
189.120.70.40,1,40
204.207.132.154,1,32
95.149.170.8,1,52
54.48.6.49,1,76
52.126.59.247,1,32
202.53.102.121,1,32
52.252.240.132,1,76
193.4.156.26,1,32
23.26.59.243,1,32
1.85.245.248,1,32
126.21.82.140,2,155
68.156.15.92,1,32
185.252.27.92,1,32
189.123.169.32,1,32
198.58.68.200,1,32
83.159.223.187,1,32
212.252.65.166,1,32
212.128.9.210,1,44
106.103.75.72,1,60
117.43.135.47,1,32
13.207.147.4,1,76
153.82.34.50,1,32
189.97.195.187,1,32
178.137.246.152,1,32
114.200.164.195,1,40
123.18.84.113,1,32
115.193.53.126,1,40
18.231.113.130,1,32
24.131.201.65,1,32
96.42.6.191,1,32
202.159.33.92,1,52
151.31.251.46,1,32
190.227.92.144,1,32
217.170.47.167,1,32
204.50.176.26,1,60
211.90.24.101,1,60
194.100.103.210,1,60
45.174.244.47,1,32
115.33.68.25,1,32
87.164.113.169,1,32
192.4.254.3,3,156
182.191.11.244,1,32
204.45.93.20,1,32
122.240.139.236,1,32
65.155.90.198,1,32
79.252.244.52,1,32
58.17.92.13,1,60
201.92.57.33,1,32
193.62.163.255,1,32
79.130.238.184,1,32
121.128.166.136,1,32
23.66.54.186,1,129
175.34.140.46,1,32
211.231.223.101,1,32
172.249.31.77,5,3239
14.89.217.219,1,32
52.249.142.111,1,76
23.214.153.58,1,52
213.172.242.143,3,180
60.137.66.103,1,40
61.51.58.17,1,132
79.24.9.33,1,32
139.233.253.139,1,76
217.98.156.58,1,32
113.117.248.111,1,76
220.188.165.2,1,132
179.120.109.31,1,32
60.157.34.190,1,32
172.76.197.107,2,104
103.97.111.83,1,32
85.225.40.106,1,44
182.176.7.22,1,40
97.7.89.9,2,120
126.193.252.80,1,32
221.7.81.168,1,76
52.122.33.38,1,32
82.34.12.21,1,32
188.155.72.11,1,32
207.105.162.146,1,32
58.186.3.218,1,32
80.104.119.99,1,32
101.28.9.42,2,155
81.23.146.188,1,32
77.81.225.193,1,32
126.5.31.50,1,40
203.217.158.159,1,60
97.8.222.154,1,32
88.11.63.75,1,40
77.188.81.207,1,32
109.171.121.66,1,32
186.54.211.78,1,60
187.79.175.127,1,32
177.64.122.168,1,40
101.230.76.139,1,32
110.113.224.101,1,32
190.72.197.68,1,40
187.158.91.168,1,40
60.111.182.55,1,64
125.35.5.136,1,44
191.117.113.82,1,32
173.111.190.252,1,32
193.111.144.181,1,44
189.227.17.114,1,32
208.67.91.217,1,32
71.31.39.101,1,32
182.75.192.26,1,44
156.60.147.100,1,40
198.55.9.168,1,32
200.247.171.6,3,180
193.143.146.138,1,60
147.97.101.187,1,32
222.173.46.83,1,32
87.100.164.219,1,32
188.10.176.248,1,40
210.51.146.72,1,32
173.122.134.46,1,32
210.131.143.4,1,84
191.29.209.250,1,32
213.137.216.99,1,44
73.10.255.157,1,32
118.163.81.208,1,32
13.204.192.65,3,574
24.185.1.63,1,32
52.15.15.65,1,32
23.66.148.144,1,32
123.155.172.227,1,60
180.96.12.249,1,60
194.83.93.158,1,32
184.74.249.118,1,32
79.219.135.168,1,32
186.159.195.3,1,32
84.192.141.233,1,56
24.24.124.117,1,32
70.73.140.241,1,32
209.20.185.82,1,32
184.182.141.168,1,32
167.255.29.23,1,60
59.29.103.132,1,48
111.166.13.75,1,32
74.182.12.137,1,32
64.215.0.192,1,60
166.133.33.243,1,32
187.178.125.116,1,32
181.45.215.123,2,88
119.66.253.157,1,32
195.31.156.219,1,32
216.157.143.24,2,120
123.56.158.28,1,40
216.8.204.60,1,32
89.136.238.188,1,32
66.255.196.56,1,32
219.113.77.15,1,132
119.16.59.134,1,32
172.65.205.127,1,32
93.184.95.128,1,32
111.205.0.34,1,60
94.99.81.97,1,32
188.139.143.76,1,32
123.62.35.61,2,100
39.50.80.105,1,32
70.187.188.186,1,32
84.23.56.84,1,32
183.207.52.175,1,48
115.21.117.139,1,60
179.48.167.88,1,32
68.71.131.90,1,32
61.214.228.198,1,32
69.46.121.50,1,32
196.208.75.235,1,60
122.133.81.67,1,32
100.232.24.208,1,40
108.89.243.178,1,40
61.124.33.113,1,32
5.143.125.85,1,32
93.11.177.163,1,52
81.97.48.62,1,44
182.0.54.177,1,32
73.220.247.154,1,32
115.65.255.142,1,44
110.223.252.114,1,32
188.186.104.230,1,40
121.103.49.107,1,32
37.17.215.207,1,40
60.201.246.142,1,32
199.167.7.213,1,32
79.10.100.99,1,32
179.46.194.51,1,32
172.109.121.207,1,32
151.243.253.153,1,32
203.136.241.9,1,44
190.180.112.94,1,32
46.104.195.103,1,52
218.82.243.238,1,32
98.87.122.161,1,32
59.12.156.42,1,40
222.112.142.65,1,32
124.221.205.69,1,32
150.145.150.215,1,40
84.152.116.198,1,32
76.228.107.146,1,32
71.230.250.158,1,40
54.167.165.215,1,120
201.42.222.22,1,32
220.57.220.13,1,32
96.68.74.7,1,32
166.149.36.22,1,32
191.117.203.21,1,60
78.64.211.214,1,32
114.28.17.178,1,40
212.82.1.153,1,40
192.184.69.85,3,144
196.48.118.35,1,32
61.40.240.153,1,40
38.169.214.42,1,32
78.255.188.74,1,32
190.12.79.114,1,52
96.55.5.188,1,32
170.197.71.70,1,32
222.168.14.248,1,32
90.112.132.185,1,32
180.79.234.13,1,52
112.30.40.88,1,76
80.244.167.88,1,32
121.213.116.137,1,52
114.244.118.233,1,44
201.140.60.59,1,32
109.229.175.44,1,60
79.100.157.32,1,40
170.75.173.97,1,32
113.176.100.141,1,52
92.17.177.38,1,32
159.52.166.94,2,80
216.33.68.130,1,32
93.20.120.197,1,32
182.165.20.50,1,40
174.243.68.179,1,32
35.33.115.120,2,135
163.162.151.165,1,44
17.170.64.60,1,60
49.86.169.193,1,32
84.216.188.217,1,32
203.3.54.82,1,40
190.162.164.180,1,32
183.172.241.132,1,52
173.197.210.11,1,56
82.31.195.206,1,32
114.169.140.223,1,32
24.198.50.101,1,32
52.65.177.99,1,32
38.181.45.247,1,32
46.86.25.164,1,44
71.81.43.100,1,40
60.63.9.208,1,60
118.178.0.181,1,32
220.60.176.117,1,32
89.133.163.83,1,32
79.80.55.137,1,44
81.244.192.160,1,32
212.218.125.106,1,60
189.27.107.3,1,40
104.193.124.134,1,32
182.1.169.116,1,32
74.58.120.25,1,32
125.249.50.74,1,52
94.153.137.43,1,32
254.163.60.49,5,264
210.100.100.121,1,48
222.142.43.127,1,76
2.78.218.17,1,40
193.25.100.121,1,60
88.19.229.116,1,40
119.1.77.244,1,32
123.122.179.91,1,32
216.172.116.248,1,40
193.1.195.161,2,120
37.110.86.106,1,40
13.31.48.135,1,32
27.182.53.20,1,32
92.45.83.251,1,44
5.56.191.153,1,32
181.135.60.232,1,32
109.149.148.24,1,32
84.214.114.32,1,32
172.249.29.70,1,52
126.195.142.14,1,32
72.161.72.56,1,32
217.178.79.23,1,64
185.113.162.46,1,40
205.58.74.70,1,239
24.204.16.75,1,32
93.232.95.122,1,32
97.215.233.145,1,60
37.192.202.96,1,64
34.232.129.4,1,32
223.43.196.113,1,40
90.125.7.37,1,32
188.31.24.202,1,52
36.168.145.158,1,76
82.246.1.106,1,44
122.176.249.215,1,32
79.189.177.4,1,32
12.5.114.225,1,32
109.96.32.197,1,32
186.131.140.127,1,58
84.39.219.160,1,32
124.74.253.5,1,32
42.61.87.0,1,32
175.174.69.254,1,32
122.59.107.100,1,44
37.189.185.109,1,52
78.32.61.0,1,32
80.12.45.47,1,32
39.46.10.91,1,32
94.198.39.38,1,40
193.83.152.37,2,120
49.239.98.21,1,91
199.47.137.126,1,32
94.241.9.238,1,32
67.78.126.83,1,32
80.53.242.236,1,32
119.133.207.58,1,48
122.191.55.207,1,48
40.229.203.30,1,60
189.153.67.11,1,32
114.239.119.86,1,132
186.200.236.200,1,40
152.77.152.65,1,32
209.121.164.186,3,180
204.52.77.0,1,60
60.14.206.47,1,32
197.240.12.137,1,32
114.167.85.172,1,52
104.167.21.19,1,60
178.46.98.33,1,32
91.130.246.53,1,32
46.116.187.33,1,32
84.174.235.51,1,32
176.250.1.199,1,32
113.46.207.218,1,60
97.237.86.221,2,120
80.137.190.25,1,32
174.156.141.205,1,32
49.118.190.139,1,32
75.83.73.104,1,32
14.92.24.24,1,60
217.232.81.234,1,32
194.102.29.44,1,60
109.54.36.196,1,32
190.102.198.54,1,32
49.177.179.17,1,32
64.187.32.48,1,60
173.195.205.104,1,32
92.244.199.129,1,32
89.196.209.24,1,32
37.126.27.86,1,56
201.164.120.250,1,32
62.3.110.13,1,32
71.230.250.115,1,40
3.150.18.67,1,32
104.225.24.213,1,40
113.161.188.28,1,52
60.219.232.20,1,32
52.76.70.11,1,32
187.27.206.48,1,32
62.12.163.6,1,32
80.11.39.96,1,32
121.105.23.177,1,44
115.247.37.110,1,32
18.182.244.59,1,76
41.14.221.184,3,144
41.123.106.10,1,60
104.210.253.219,1,32
71.230.250.190,1,40
195.249.140.144,1,32
152.89.82.209,1,32
220.131.4.244,1,40
97.1.204.101,1,32
5.64.104.137,1,40
190.180.70.127,1,40
216.191.198.92,1,32
85.210.119.92,1,32
218.136.67.91,1,76
72.180.100.90,1,32
170.140.128.93,1,32
78.60.209.51,1,32
35.85.209.41,1,52
210.125.28.108,1,60
152.29.106.51,1,32
144.139.153.65,1,32
192.127.140.25,1,32
125.208.18.228,1,32
50.7.122.14,1,32
194.102.29.84,1,32
82.21.50.139,1,32
157.59.217.50,1,32
73.87.45.224,1,32
68.164.216.220,1,32
106.97.215.213,1,32
115.27.147.22,1,58
157.223.241.45,1,64
46.162.35.82,1,40
104.24.75.63,1,32
203.39.77.147,3,180
106.96.198.226,1,40
66.189.188.252,1,32
69.192.71.120,1,32
2.78.16.100,1,40
102.187.163.120,1,32
211.102.244.129,1,32
183.105.52.251,2,100
52.25.70.131,1,52
156.33.135.23,1,40
186.238.241.9,1,32
84.105.29.213,1,32
105.132.26.114,1,32
114.160.146.208,1,52
138.253.136.177,1,40
2.18.59.73,1,32
115.6.242.245,1,32
192.238.225.19,3,180
221.105.202.159,1,60
196.76.76.82,1,32
52.249.172.224,1,211
118.193.146.228,1,40
65.241.127.79,1,32
212.233.52.130,1,48
73.176.2.5,1,32
46.127.178.159,1,32
58.197.143.134,1,32
182.243.128.6,3,1359
23.214.130.211,1,32
162.9.48.97,1,32
36.27.45.98,1,32
144.72.67.77,1,40
174.247.50.177,1,32
220.144.144.8,1,40
179.86.90.228,1,32
162.104.243.159,1,60
211.146.158.139,1,40
77.51.221.112,1,52
190.86.87.83,1,32
114.50.188.133,1,32
5.111.117.40,1,32
185.44.201.165,1,40
76.211.131.57,1,32
72.37.80.214,1,32
80.154.24.70,1,40
73.56.49.180,1,32
217.230.92.84,1,32
117.84.213.233,1,32
141.119.112.191,1,32
194.148.23.170,1,32
211.220.247.68,1,76
211.181.189.84,1,32
31.163.196.63,1,32
109.238.33.247,1,32
175.217.44.240,1,32
13.204.112.171,2,360
211.191.243.30,1,60
78.209.141.58,1,44
120.117.237.93,1,32
177.177.97.43,1,96
180.37.22.32,1,32
137.165.162.52,1,60
45.125.126.41,1,40
93.93.193.9,1,44
192.14.152.124,2,120
95.81.173.118,1,60
71.207.209.14,1,32
116.18.18.37,1,32
82.172.131.231,1,32
98.227.155.22,2,120
68.37.93.168,1,32
182.119.235.239,1,60
112.240.140.6,1,32
116.162.22.166,1,32
183.120.135.71,1,32
18.178.102.217,1,76
122.174.84.111,1,32
151.202.50.231,1,32
205.58.72.96,1,277
116.130.162.193,1,60
83.244.217.5,1,32
84.53.199.172,1,32
185.98.121.169,1,32
69.91.89.134,1,32
207.129.253.73,1,32
41.123.120.218,1,60
97.21.7.179,1,32
60.208.99.200,1,32
82.46.56.210,1,32
24.134.94.26,1,32
41.48.176.104,1,32
41.32.129.130,1,40
24.1.70.167,1,32
71.216.54.230,1,32
113.70.73.57,1,60
34.249.167.6,1,32
12.229.70.165,1,32
104.88.124.255,1,32
173.168.113.214,1,32
178.224.176.152,1,32
105.186.109.95,1,32
180.79.198.43,1,40
192.253.52.102,1,60
24.202.49.82,1,32
91.26.2.49,1,32
2.195.123.172,1,32
182.46.233.92,1,32
111.216.244.85,1,40
61.135.12.75,1,40
186.158.126.56,1,32
109.188.133.6,1,40
121.143.17.211,1,32
67.205.213.198,1,32
125.76.163.155,2,100
83.192.46.33,1,32
179.168.20.233,1,32
61.115.33.198,1,32
47.198.14.89,1,32
205.58.78.252,1,237
114.173.233.84,1,32
177.150.240.139,1,40
167.8.3.238,1,60
73.184.174.124,1,32
178.225.220.150,1,32
68.252.124.248,1,32
151.243.74.99,1,40
123.120.240.183,1,28
185.41.163.211,1,32
202.215.22.172,1,60
2.35.58.236,1,44
201.34.44.235,1,32
171.82.121.119,1,32
89.248.132.3,1,60
123.114.78.228,1,32
13.205.243.202,1,76
121.171.111.143,1,32
41.30.107.236,1,32
112.249.178.98,1,32
96.28.155.232,1,32
52.249.18.248,1,76
179.116.31.104,1,32
14.96.12.34,1,32
78.3.4.166,1,32
188.43.156.103,1,32
94.210.36.164,1,32
178.222.230.39,1,40
13.205.2.133,1,32
24.221.15.172,1,32
188.175.252.103,1,40
210.100.100.75,1,48
58.198.52.59,1,52
196.146.134.80,1,60
115.192.96.36,1,60
195.43.125.57,1,60
66.180.77.190,1,32
183.151.245.248,1,40
86.130.140.188,1,32
213.237.178.163,1,52
178.223.226.135,1,40
123.107.206.84,1,60
118.188.9.121,1,32
72.213.254.136,1,32
171.4.208.6,1,52
196.184.152.240,1,60
74.42.208.145,1,32
78.215.165.178,1,32
114.58.205.64,1,32
73.118.124.58,1,32
79.114.92.1,1,32
41.165.41.149,1,40
72.214.241.181,1,32
209.183.28.66,1,32
190.29.105.171,1,60
66.169.89.178,1,32
216.27.218.152,1,32
95.184.73.160,1,32
98.226.14.19,1,60
5.33.9.184,1,32
175.112.60.98,1,32
175.216.74.57,1,32
167.198.37.241,1,44
189.238.156.146,1,32
70.34.189.254,1,40
37.192.70.250,1,40
130.126.203.43,1,60
104.172.12.61,1,32
66.19.82.53,1,60
49.220.75.16,1,52
183.97.167.171,1,32
192.80.125.250,1,60
52.86.138.41,3,400
202.67.182.179,1,44
69.104.248.24,1,60
207.88.41.206,1,32
67.102.191.48,1,32
213.136.119.7,1,86
112.13.80.35,1,60
114.40.17.183,1,32
178.120.118.14,1,32
199.222.204.249,1,60
188.202.204.170,1,40
205.58.74.219,1,285
200.164.157.249,1,32
31.210.124.145,1,32
217.33.195.71,1,32
178.89.2.55,1,40
61.184.152.139,1,40
160.165.130.246,1,32
151.204.202.175,1,44
47.15.50.236,1,32
126.156.115.114,1,40
61.232.204.253,1,96
71.230.250.59,1,40
195.45.71.139,1,96
85.230.59.225,1,32
