,sip_ct,sip_pkt_size_ct
185.72.27.106,77,3080
133.200.138.251,14,3850
185.62.237.173,2313,241755
82.61.51.18,3,120
72.243.39.170,8343,11930490
192.49.194.34,4,160
31.113.147.113,242,154803
80.127.219.92,1,32
204.194.145.251,1196,449339
63.139.88.180,1,32
126.41.254.128,2,80
122.232.19.92,82,3667
104.135.89.249,1,40
193.254.5.86,16,640
71.230.250.207,1,40
93.151.53.49,1,32
126.41.155.164,11,2699
185.184.82.194,5,200
117.27.43.63,74,11612
83.197.181.201,1,32
23.71.216.82,1,32
74.193.127.203,205,296281
89.199.68.80,176,7040
194.96.126.164,154,6160
119.201.174.150,1,48
71.230.250.186,1,40
74.193.23.173,1,52
185.56.252.129,178,7120
163.162.151.165,1,44
81.109.202.26,297,11880
139.253.188.67,67,3216
109.0.133.71,1,32
139.68.232.31,5,200
62.210.60.82,1,32
87.59.82.222,218,8720
196.180.49.11,11,484
23.86.19.96,8,2245
216.68.133.189,15,2052
126.26.254.114,377,184428
192.212.72.21,31,1240
38.245.188.67,180,6480
195.208.244.146,507,20280
128.78.171.178,72,9800
210.131.143.4,2,168
182.99.231.183,1,32
193.216.222.159,37,1480
172.249.25.142,70,35166
118.202.153.88,1,48
185.72.27.94,23,920
185.72.27.66,234,9360
206.195.27.1,199,33878
173.36.250.170,1,32
74.193.223.226,342,496055
120.180.155.149,22,968
162.194.50.126,64,14445
62.77.181.9,2,100
31.113.147.71,107,138542
79.46.180.61,1,32
83.76.171.38,1,32
185.72.27.1,18,720
39.56.113.97,1,32
34.199.158.55,25,4918
213.203.13.184,2101,3151500
69.6.99.109,1,32
114.160.137.157,1,40
182.243.128.5,14,5247
31.163.134.4,1,40
178.47.88.35,1,44
172.249.29.66,37,5375
122.152.157.74,1,52
222.186.53.35,8,320
62.32.146.188,1,171
71.230.146.118,9,425
70.29.206.133,2,139
114.232.137.67,1,32
46.43.205.89,2,80
112.218.248.89,1,40
185.72.27.70,79,3160
185.163.70.77,1,52
186.3.194.45,1,32
219.211.131.83,138,7472
94.29.133.163,1,32
152.62.146.194,1,32
216.68.133.234,59,53519
50.174.3.210,1,32
212.197.220.174,1,32
186.59.127.229,1,40
5.189.61.210,104,134583
118.104.26.171,1,32
183.251.95.219,1,52
157.42.35.77,5,200
216.68.133.198,7,792
82.147.133.18,1,32
185.72.27.118,24,960
173.221.233.255,511,696312
27.168.185.89,1,32
188.172.193.138,146,208196
80.53.119.133,1,32
173.100.83.29,1,32
108.73.145.146,7,623
185.48.172.193,38,1520
68.74.23.188,8,320
172.249.162.206,78,38327
84.14.250.89,1,32
58.50.80.172,56,8361
46.231.172.29,44,1760
205.25.47.65,1,32
14.62.203.205,1,32
68.74.36.130,130,5200
171.196.187.107,1,32
196.180.49.1,13,572
189.28.202.2,1,32
216.68.133.153,6,728
71.230.183.142,11,469
213.215.117.46,1,32
198.15.182.21,4,176
120.180.155.148,30,1320
84.104.6.44,1,32
117.79.94.62,7,5512
203.180.124.97,1,40
89.199.68.17,181,7240
126.242.133.212,4149,5867844
196.180.49.73,7,280
220.75.116.230,1,32
61.110.5.181,1,52
103.100.189.195,1,52
123.113.249.14,1,48
118.169.79.129,1,32
205.58.72.204,1,223
89.196.200.108,1,32
208.110.219.91,4,160
103.207.188.215,1,56
65.100.31.99,63,6055
41.246.180.49,1,32
70.37.5.45,1,32
136.242.96.152,1,52
176.220.96.191,1,32
206.9.11.196,20,800
113.117.240.173,2,120
86.252.205.32,1,32
185.72.27.121,19,760
52.15.239.237,23,2623
193.216.222.153,34,1360
218.89.218.33,1,52
13.161.239.27,3,202
126.208.248.245,1,32
81.219.58.150,1,44
125.13.203.219,1,32
220.47.246.67,1,32
107.188.109.15,1,32
61.117.121.16,1,32
93.50.190.180,1,40
65.17.11.249,1,32
62.31.86.61,1,32
172.249.30.14,101,76451
185.72.26.104,28,1120
68.88.119.25,1,32
172.249.28.73,11,3882
191.192.213.57,1,32
202.207.175.5,10,650
68.24.248.170,1,32
78.46.67.119,1,32
61.109.123.108,4,1598
106.52.143.198,1,76
82.15.214.30,1,32
68.74.189.228,4,160
13.161.234.153,3,1298
194.162.199.181,1,32
201.103.58.151,1,32
153.98.92.145,5,200
188.24.198.129,3,120
72.249.202.148,1,32
54.227.48.183,1,270
60.141.48.6,3,120
172.249.29.70,4,295
23.9.40.67,1,32
54.94.201.121,64,2560
219.101.149.0,1,32
191.184.124.126,1,32
91.198.86.159,1,32
175.219.231.39,1,40
151.227.245.143,1,32
203.166.184.152,3,752
125.42.70.166,1,40
82.54.174.197,61,2440
209.236.125.219,2,1322
68.119.187.62,1,32
178.222.47.88,1,40
173.100.79.107,56,3360
172.249.30.145,49,40635
196.180.49.5,9,396
114.154.138.236,1,52
219.253.21.186,650,26000
70.47.219.77,1,32
190.38.207.44,1,32
46.116.223.31,1,32
13.22.76.33,8,821
77.173.148.220,1,32
177.233.249.230,1,52
209.218.254.200,1,32
79.135.207.166,1,32
104.7.123.76,1,32
126.237.86.67,3,326
60.143.91.244,1,32
192.33.42.167,20,27232
81.109.202.4,44,1760
185.72.27.113,17,680
54.233.139.108,1,32
205.58.73.68,1,287
121.148.98.134,1,32
42.239.206.155,1,40
89.185.107.28,1,32
172.249.162.192,44,27047
34.227.154.204,36,5976
185.25.160.227,1,32
116.165.73.243,1,32
92.119.211.175,1,40
212.163.68.145,4,160
110.63.247.223,1,32
1.147.183.181,1,100
201.91.118.217,1,32
43.217.140.34,24,1758
142.161.196.17,9,360
196.180.49.24,5,150
112.5.61.124,1,60
159.93.69.205,1,32
216.68.133.206,36,34765
159.52.36.12,4,160
162.1.253.41,15,8640
223.50.248.186,1,32
77.247.173.53,1,56
54.202.155.110,1,32
70.60.40.12,1,40
113.105.147.117,1,52
104.76.245.194,1,32
73.202.92.226,1,32
206.169.243.74,1,32
91.219.178.34,1,52
52.113.58.114,1,32
222.186.21.52,16,1936
185.72.27.101,35,1400
108.73.145.12,13,4165
52.243.28.100,1,32
81.109.202.46,154,6160
178.173.180.236,1,32
217.70.139.213,1,32
182.217.244.219,1,32
38.184.153.117,1,32
71.230.250.175,1,40
80.8.125.206,1,60
81.109.202.16,47,1880
192.97.243.164,1,40
123.180.186.56,1,32
173.108.98.64,1,32
187.200.129.91,1,32
185.48.172.155,25,1000
78.65.238.87,1,44
17.199.30.104,1,83
186.219.85.141,1,32
172.249.30.177,285,349590
83.1.89.184,1,32
210.3.205.73,1,60
173.252.240.121,2,80
126.217.131.215,2,80
125.173.141.122,2,80
196.155.156.25,13,520
125.237.176.180,1,52
81.109.202.48,140,5600
83.96.57.159,1,44
77.2.11.106,1,32
52.15.75.86,1,32
185.72.27.26,206,8240
68.66.218.3,1,32
106.75.193.123,1,60
185.72.26.18,23,920
36.246.153.14,1,60
196.180.49.40,12,528
2.139.123.249,1,32
77.17.68.44,1,32
36.164.21.20,38,1672
185.182.100.198,28,1120
5.42.238.77,1,44
74.227.44.250,1,32
201.182.111.122,1,40
68.205.90.64,1,32
185.0.65.10,13,520
95.199.28.10,1,52
117.251.61.96,1,32
104.60.172.1,1,32
179.115.149.217,1,32
220.150.222.214,1,32
159.52.166.94,4,160
180.189.101.244,1,32
52.18.245.220,6,1878
86.220.6.148,1,40
122.59.107.100,1,44
13.31.233.190,4,256
121.173.112.167,1,32
71.230.250.223,2,80
125.236.121.105,1,60
46.228.101.37,12,528
93.12.245.31,1,32
80.140.221.42,1,32
126.177.2.225,7,612
119.43.71.83,1,40
14.145.2.139,1,32
81.50.232.4,1,61
180.148.176.110,1,40
173.196.147.172,1,32
117.57.241.225,1,60
104.248.236.24,13,799
110.206.126.25,1,32
124.167.50.170,10,780
61.81.108.70,1,52
94.15.135.147,1,40
202.182.133.149,1,32
87.30.51.77,1,44
31.113.147.114,169,222336
124.35.59.99,1,32
172.249.25.177,23,4166
185.184.83.21,11,440
190.55.38.129,1,60
174.181.70.238,1,40
36.22.161.204,1,32
114.168.137.187,1,32
51.225.24.39,1,32
159.52.174.206,81,3240
52.114.101.182,2,454
69.124.220.89,1,44
172.249.28.99,1,581
88.150.122.90,1,32
172.249.30.10,2,104
46.231.172.31,35,1400
52.14.187.34,20,2946
180.175.11.154,1,175
218.130.230.73,2,80
200.66.15.254,1,56
178.245.140.137,14,560
65.62.92.108,1,32
81.232.1.124,1,32
113.112.53.157,1,76
134.214.180.169,5,200
101.152.233.110,11,1073
216.68.133.241,241,334625
17.166.128.148,18,10973
106.48.225.109,1,60
124.82.246.59,1,32
80.220.100.200,1,32
162.99.43.63,20,3353
196.180.49.65,9,396
172.249.162.142,13,1166
75.79.226.142,1,32
114.40.8.7,1,32
41.103.213.140,1,32
202.228.117.203,30,10454
132.145.151.51,7,280
113.21.159.89,1,189
124.77.82.137,1,32
66.46.247.62,1,40
175.216.170.171,1,40
193.249.154.17,1,40
92.67.254.101,15,600
39.5.51.99,1,52
142.161.233.47,5,212
185.89.4.113,1,32
46.42.155.233,5,282
172.249.162.137,4,204
76.92.118.178,1,32
192.108.225.208,5,280
114.165.70.33,1,40
122.219.219.252,1,32
52.251.200.232,1,76
71.230.250.224,1,40
185.182.103.146,1,727
61.128.149.128,1,32
173.46.105.252,1,32
192.240.69.121,4,1148
201.42.201.33,1,32
142.161.238.230,9,360
209.238.124.86,6,264
118.248.121.63,7,280
78.32.41.86,1,32
52.248.231.10,1,76
83.113.223.67,1,32
197.35.222.204,1,40
52.6.54.107,4,304
154.201.216.46,4,384
97.16.186.12,1,32
43.196.220.11,1,40
122.243.148.97,1,48
24.91.85.69,1,40
98.240.169.154,1,32
8.3.173.74,1,1420
41.132.7.208,1,32
47.127.183.192,1,44
24.244.249.222,1,32
103.25.103.39,1,32
65.211.214.219,1,32
81.109.202.49,159,6360
104.15.195.68,7,1213
172.249.162.132,1,581
92.204.160.71,1,32
37.138.199.58,1,32
185.12.25.165,13,520
96.78.110.235,7,280
171.148.233.136,1,76
206.247.147.120,2,120
62.208.59.57,1,32
64.71.36.79,1,32
177.47.113.99,1,60
107.196.42.4,1,32
172.249.162.131,22,8433
104.15.111.198,65,54086
185.72.27.89,26,1040
116.244.20.225,1,32
18.147.251.101,1,32
5.92.17.135,1,32
80.154.4.75,1,40
185.62.238.110,4,219
112.216.115.204,9,468
185.72.27.125,19,760
192.21.26.234,1,40
49.235.110.99,25,3839
121.178.150.154,1,40
81.109.202.10,33,1320
68.215.188.126,1,32
81.109.202.11,49,1960
98.1.120.228,1,32
203.59.52.27,1,32
125.144.8.214,1,56
216.22.53.26,1,32
66.23.97.38,1,167
106.94.123.173,3,120
201.109.226.116,1,40
151.176.227.48,2,88
14.183.207.143,1,52
218.158.218.189,1,48
186.200.226.153,1,32
173.206.159.90,1,32
67.52.147.166,1,32
118.163.71.226,1,32
18.152.76.116,3,156
165.229.136.81,17,680
52.231.76.67,49,56253
210.154.7.194,6,580
23.80.3.252,23,34036
94.232.48.246,1,32
191.193.75.101,1,32
221.139.242.33,1,52
138.196.133.10,1,32
212.40.119.170,2,80
98.87.247.189,1,32
177.144.179.202,1,60
119.138.40.153,1,60
62.253.243.104,4,336
62.253.30.12,1,32
193.36.87.130,1,32
159.153.177.46,2,80
117.82.214.138,2,80
182.182.213.195,1,32
187.159.221.138,1,32
192.49.201.102,1,40
64.167.235.63,1,32
107.135.61.73,1,60
121.210.230.198,1,32
71.222.201.148,1,32
37.91.21.237,1,32
157.100.11.221,1,32
188.237.199.99,1,40
59.10.75.202,1,32
80.60.253.114,1,32
12.66.213.116,1,32
159.153.180.3,8,320
65.150.187.101,1,32
124.162.183.44,1,32
14.12.26.164,1,32
47.16.219.186,1,32
188.105.9.46,31,1240
27.52.116.99,1,32
221.127.128.50,1,40
192.110.245.185,1,32
115.19.191.179,4,894
45.52.15.40,1,32
218.101.177.53,9,360
45.236.106.175,1,32
195.14.23.171,5,420
182.131.101.205,1,32
93.19.232.100,1,60
74.250.234.62,1,32
174.224.213.114,1,32
23.5.254.17,1,32
106.52.173.163,1,76
106.48.31.170,1,76
213.132.138.92,1,32
82.40.220.241,1,44
39.36.71.154,3,132
35.76.213.137,1,32
5.64.104.150,3,120
60.137.167.13,1,40
183.163.184.187,1,60
183.248.171.176,1,132
77.241.122.87,260,112837
151.26.252.119,1,40
103.204.92.255,3,965
81.244.215.57,1,32
185.0.65.16,42,1680
172.249.28.78,32,12954
82.247.213.186,1,52
188.36.124.26,1,32
45.197.3.188,2,80
103.22.151.2,1,40
107.219.152.7,2,100
219.123.139.245,1,32
61.74.112.194,1,52
46.42.60.220,1,40
182.243.227.99,111,93190
88.232.244.141,1,32
71.230.146.69,2,73
185.76.132.230,1,40
160.237.86.66,1,32
182.243.178.245,9,3531
73.165.182.132,1,32
20.86.217.72,9,920
45.125.150.1,5,719
52.94.120.11,1,207
17.199.26.135,1,52
145.145.244.84,1,32
82.192.129.193,1,32
148.59.98.169,1,32
106.52.70.141,1,52
186.21.58.20,1,32
76.253.165.55,1,32
122.121.70.151,1,32
99.253.27.96,1,32
172.127.180.108,1,32
94.15.235.39,4,272
142.161.168.60,4,160
13.17.55.186,1,40
212.187.191.84,1,32
2.242.122.18,1,32
71.41.4.81,1,32
74.193.190.125,6,899
31.163.15.224,1,40
47.210.182.243,1,32
97.51.118.237,1,32
34.197.245.238,61,22966
70.82.179.78,1,32
60.143.110.214,3,156
122.233.248.144,1,32
218.132.250.246,1,32
94.124.182.21,1,32
221.19.212.62,1,48
61.27.2.133,1,32
218.151.246.178,1,32
179.54.185.181,1,32
5.227.225.101,1,32
85.246.200.241,1,32
54.254.231.251,6,577
80.39.244.253,1,32
217.7.245.0,1,32
213.10.215.154,1,32
77.85.144.89,1,44
37.204.69.114,1,32
149.131.226.235,1,32
159.137.149.121,6,240
189.34.38.179,1,44
123.149.229.162,1,32
209.197.9.126,1,60
162.1.252.121,11,6336
108.2.37.87,1,32
203.251.186.217,1,32
189.197.225.69,1,32
177.51.29.186,1,32
188.36.79.212,1,40
206.188.175.88,16,6494
108.73.130.76,11,1123
187.54.7.206,1,32
173.181.240.218,1,32
188.193.9.104,1,32
151.150.185.131,2,80
176.40.48.187,1,32
185.72.26.63,7,280
70.115.42.221,1,32
122.9.229.124,1,76
193.62.216.160,1,32
122.39.55.234,1,32
119.79.22.178,1,48
54.187.178.146,10,3819
185.95.159.217,17,680
81.210.4.126,1,52
59.27.202.237,1,32
88.11.63.82,3,120
190.237.5.27,1,32
151.106.127.201,29,1276
47.121.84.255,4,336
3.150.6.11,1,32
68.74.208.252,6,240
220.157.56.72,1,32
66.247.69.62,9,396
183.195.188.78,1,84
58.237.203.239,4,160
93.20.235.79,1,44
139.68.76.20,1,40
74.193.127.202,1,40
177.242.227.213,1,32
108.73.145.13,117,134793
49.223.26.242,1,32
27.34.26.207,1,132
69.194.216.113,1,44
184.105.42.152,1,32
91.55.94.171,1,32
112.39.59.157,1,32
122.165.139.68,1,32
211.163.227.126,1,40
52.85.200.107,10,3819
124.53.255.66,1117,1641025
62.137.164.102,1,32
145.236.119.71,43,1720
62.172.245.30,1,32
121.166.183.79,1,32
70.182.16.180,1,32
118.89.27.101,1,40
126.217.111.161,4,262
92.67.254.131,20,800
216.202.230.134,11,440
98.254.50.155,1,44
196.180.49.28,6,264
124.40.18.160,1,76
81.140.100.5,1,32
190.129.42.189,1,32
185.72.26.20,13,520
54.248.143.154,1,76
185.126.164.187,11,481
79.97.55.225,1,32
81.138.252.157,1,60
119.240.149.68,1,32
38.186.226.191,9,13500
182.49.18.140,1,52
119.133.125.69,1,48
99.140.197.246,1,32
136.70.53.3,1,32
218.128.12.164,2,188
37.17.217.135,1,40
113.117.244.154,1,76
61.112.35.1,10,920
196.180.49.32,4,176
115.64.147.109,1,44
206.190.30.175,4,160
179.80.135.206,1,44
81.122.253.211,1,44
216.119.180.192,1,32
90.4.11.186,1,32
178.93.11.253,1,32
198.58.73.202,3,120
37.17.211.192,1,40
61.118.124.125,1,32
202.91.62.199,1,32
139.68.202.55,4,160
179.62.144.128,1,32
37.48.202.237,1,32
217.58.215.71,1,32
118.185.170.88,1,32
101.186.35.192,1,32
142.161.39.187,9,360
138.196.251.61,1,60
69.147.120.107,1,32
195.69.227.146,1,61
67.252.92.249,1,32
189.148.89.169,1,40
178.185.104.75,13,572
50.165.5.239,1,32
197.106.203.166,1,32
96.33.85.228,1,32
32.209.238.163,1,32
54.35.183.116,1,76
175.55.61.48,1,32
171.206.200.211,1,40
177.188.116.87,1,32
103.230.156.254,1,60
71.230.250.145,1,40
91.106.243.0,3,252
72.203.116.112,1,32
219.120.129.34,1,60
5.64.104.151,1,40
111.73.172.198,1,132
121.140.129.216,1,32
124.41.118.2,1,56
198.52.195.199,1,236
98.66.63.162,1,32
122.157.138.250,1,76
171.200.130.80,1,32
85.22.200.55,1,44
143.7.83.148,2,80
124.67.171.113,1,32
195.89.181.170,1,56
195.237.123.254,1,32
176.82.218.29,4,192
208.64.135.202,1,32
49.232.17.173,18,2588
165.229.131.38,5,200
27.233.24.17,1,40
82.235.4.123,1,32
52.255.179.78,1,76
89.29.92.188,1,32
108.65.186.111,1,32
116.253.157.83,1,32
84.216.228.249,1,32
206.57.241.177,31,6839
39.11.142.23,1,40
178.225.159.182,1,32
61.150.255.185,1,32
185.72.27.133,40,1600
146.252.10.168,1,32
37.25.72.118,1,32
106.97.188.188,1,60
45.174.179.240,1,60
178.42.147.227,1,40
123.62.35.61,1,60
73.153.123.198,1,32
186.72.100.252,1,32
209.45.134.229,1,32
193.98.92.57,1,32
216.68.133.181,2,104
76.217.79.54,1,52
102.187.199.128,1,32
49.221.62.133,1,40
5.64.104.156,1,40
217.34.111.137,4,336
130.53.194.102,6,405
190.80.5.127,1,32
67.189.30.206,1,32
193.9.123.124,1,32
67.192.254.30,1,32
23.244.74.233,1,32
104.248.41.234,1,40
1.195.161.224,1,76
98.42.197.128,1,32
63.130.53.53,1,32
88.77.103.24,1,32
60.27.12.162,1,48
58.30.112.184,1,32
117.125.92.206,1,40
45.126.10.171,13,520
47.124.170.62,1,32
3.238.160.60,5,4055
185.246.224.212,1,32
75.67.133.124,1,134
175.168.250.108,2,100
42.238.90.232,1,40
50.200.89.180,1,32
181.160.184.101,1,32
93.74.64.150,1,32
223.109.218.83,1,52
50.228.177.103,1,32
79.80.61.3,1,44
54.190.249.102,4,160
14.171.28.28,1,52
72.135.187.56,1,32
27.179.243.91,1,32
24.217.12.227,1,44
202.129.62.160,9,1724
119.78.16.59,1,76
72.27.7.162,1,32
8.216.200.231,45,53933
212.142.250.31,1,32
23.111.242.152,1,94
46.131.200.22,1,32
217.20.195.177,1,32
185.113.155.186,1,60
188.247.127.99,1,56
74.193.187.98,1,52
74.50.247.186,1,32
49.30.14.143,1,40
62.67.105.96,1,32
45.32.52.27,1,76
162.12.12.19,2,80
177.150.228.93,1,32
1.44.135.143,1,32
188.247.114.29,1,56
188.247.115.40,1,56
123.25.229.37,1,56
188.247.115.212,1,56
54.240.173.68,3,545
27.21.186.228,1,32
196.36.189.35,1,44
190.12.23.147,1,52
80.200.132.134,1,32
14.127.72.210,1,32
205.12.8.63,1,139
183.152.194.100,1,32
24.60.39.55,1,32
74.58.11.164,1,32
213.70.135.248,1,40
91.69.107.67,1,32
113.203.28.45,1,48
103.46.33.133,1,44
42.63.209.152,1,52
41.8.186.47,1,32
117.117.90.185,14,16496
188.247.127.84,1,56
86.133.207.152,1,32
92.8.58.140,30,1200
37.21.160.140,1,32
79.207.101.164,1,32
188.247.115.12,1,56
188.247.115.163,1,56
185.48.173.62,38,1520
120.180.155.151,28,1232
54.36.149.158,1,32
156.62.99.146,1,32
41.253.119.126,1,40
109.207.194.23,1,60
187.142.28.13,1,32
85.77.59.101,1,56
60.151.108.130,1,40
136.242.57.59,1,60
17.147.81.15,2,243
79.252.175.0,1,32
118.171.194.69,1,32
85.77.58.0,1,56
85.138.49.217,1,32
89.207.5.60,1,32
188.247.126.108,1,56
80.212.126.50,1,60
188.247.114.205,1,56
85.77.56.224,1,56
85.248.154.10,91,4220
188.247.126.4,1,56
81.109.202.69,23,920
93.20.198.251,1,32
188.247.115.42,1,56
188.247.114.115,1,56
49.200.66.234,1,52
179.215.181.94,1,40
85.77.57.159,1,56
192.50.181.199,3,288
52.17.36.212,1,32
188.247.124.47,1,56
192.48.219.64,1,32
188.247.126.168,1,56
167.193.33.39,1,32
188.247.125.178,1,56
58.249.190.59,32,23321
114.199.120.101,1,32
188.247.124.224,1,56
211.22.179.82,19,18037
126.141.142.51,1,32
179.128.51.251,1,32
183.249.14.225,1,52
185.183.253.175,2,80
91.57.54.36,1,32
131.231.212.9,1,60
85.77.58.194,1,56
187.36.251.254,1,32
62.43.47.212,1,32
140.240.192.222,1,32
124.159.61.161,4,160
110.68.51.126,1,60
50.237.136.133,1,32
188.247.114.10,1,56
23.234.169.211,1,32
85.77.57.182,1,56
188.247.114.124,1,56
84.224.155.200,1,56
71.198.96.127,1,32
95.124.117.183,1,32
188.247.125.173,1,56
54.238.245.126,2,232
188.175.98.63,2,80
188.115.30.4,1,32
202.85.83.21,4,160
188.247.125.36,1,56
188.247.127.109,1,56
188.247.126.55,1,56
112.169.158.254,1,60
85.77.58.2,1,56
108.181.132.54,1,32
188.82.117.206,1,32
188.247.125.104,1,56
187.148.47.60,1,44
219.125.14.108,1,32
172.249.29.71,24,12033
188.247.114.60,1,56
209.45.139.82,1,56
221.232.29.106,1,32
85.77.57.120,1,56
189.108.218.3,1,32
188.247.114.57,1,56
152.57.212.15,1,40
50.13.85.46,1,32
188.247.126.19,1,56
85.77.56.236,1,56
209.238.124.89,9,396
188.247.127.123,1,56
188.247.124.122,1,56
216.52.199.53,1,58
188.247.125.105,1,56
196.180.49.189,5,220
188.247.115.73,1,56
110.52.239.53,1,76
188.247.124.172,1,56
188.247.115.183,1,56
85.77.58.137,1,56
188.247.124.252,1,56
74.193.187.99,8,613
79.100.22.115,1,40
171.61.3.229,1,40
35.90.53.83,2,1187
188.247.125.233,1,56
64.65.244.246,3,120
185.72.26.36,9,360
116.143.133.199,1,64
94.64.244.157,1,32
85.77.56.150,1,56
104.225.126.174,7,280
78.226.244.25,1,32
47.120.247.160,4,336
185.72.27.53,17,680
41.159.223.251,1,32
71.230.134.127,6,345
81.198.11.103,1,32
213.214.123.243,1,32
60.132.196.13,1,32
208.80.43.98,1,32
69.74.17.249,1,32
196.180.49.21,5,220
205.70.83.66,1,52
85.77.59.191,1,56
91.212.26.85,1,32
74.193.23.172,2,102
95.118.196.23,1,32
175.162.106.0,1,40
94.63.40.60,1,32
188.247.114.127,1,56
221.136.109.22,1,48
220.165.154.246,1,52
78.68.228.233,2,104
197.49.0.75,1,40
182.104.138.179,1,32
193.216.222.161,14,560
177.65.67.251,1,32
188.247.126.66,1,56
89.199.72.64,5,221
45.125.123.150,1,40
218.135.168.18,1,40
138.4.81.97,5,200
112.187.79.123,1,32
184.37.191.140,1,32
14.105.212.210,1,32
122.170.78.249,1,32
104.8.105.157,1,32
61.131.18.26,11,440
50.60.30.228,1,32
109.231.118.108,1,32
181.202.238.27,1,60
92.34.234.152,1,32
95.166.38.191,1,32
71.240.176.170,1,32
124.43.16.91,1,132
64.34.127.202,1,32
172.254.218.147,1,32
185.72.27.97,24,960
197.196.7.207,1,32
96.51.120.181,1,32
54.240.185.30,2,571
52.80.63.78,1,278
62.237.19.100,10,5137
79.3.5.79,1,32
41.252.247.153,3,156
46.2.169.24,1,32
202.199.55.109,1,32
93.3.97.178,1,60
220.202.165.104,19,760
212.31.244.115,1,32
104.12.71.62,1,40
143.191.43.231,1,32
93.13.123.243,1,32
123.191.255.148,1,60
203.13.114.33,1,76
119.28.9.184,1,40
138.221.243.247,6,240
46.231.172.26,41,1640
188.175.214.69,5,200
156.28.12.162,2,80
54.233.175.24,1,52
80.172.152.91,1,32
181.143.42.209,1,32
121.171.121.130,1,32
182.154.126.161,2,80
74.235.106.92,2,88
175.200.30.34,1,40
151.250.107.221,1,32
109.238.54.25,1,32
190.40.164.172,1,32
119.106.204.99,1,52
121.62.111.50,1,32
78.31.244.207,1,32
169.51.222.142,1,32
17.172.62.64,9,7599
167.57.144.128,1,44
66.249.182.82,3,868
115.226.250.219,1,32
177.235.251.25,1,40
202.97.186.176,6,442
85.51.234.156,1,32
179.135.174.173,4,229
80.144.244.2,1,32
23.40.66.12,1,32
68.43.61.142,1,60
71.230.250.142,2,80
31.163.152.133,1,32
82.33.106.191,3,132
181.222.136.3,1,32
81.106.224.130,1,60
13.4.142.54,19,5457
64.65.244.209,2,80
78.173.13.54,1,32
104.121.170.237,1,32
108.73.130.237,9,696
96.22.197.19,1,32
104.199.212.106,1,32
63.95.128.160,1,32
115.22.247.223,1,32
114.204.42.72,1,32
177.129.38.192,1,32
154.201.229.254,1,96
193.165.193.151,1,32
52.84.121.120,6,636
87.234.250.191,1,32
12.129.170.57,1,32
187.236.184.98,1,32
139.255.73.8,1,32
211.245.85.239,1,32
198.15.145.129,5,220
123.121.22.228,1,32
58.51.91.120,1,76
84.15.244.38,1,32
58.40.73.131,1,32
14.244.67.215,1,60
188.229.199.171,1,60
177.214.24.65,1,32
60.210.224.26,1,48
216.8.180.88,1,32
95.40.109.164,1,32
187.27.101.162,1,32
27.215.213.241,1,32
64.65.244.166,4,160
113.60.231.196,1,143
160.176.132.82,1,32
73.238.135.215,1,32
95.62.201.132,1,32
5.64.104.146,3,120
121.66.63.70,5,1106
114.19.77.23,1,40
104.243.199.186,4,1091
64.65.244.201,1,40
45.237.180.18,1,32
186.216.86.218,1,32
187.95.15.161,2,80
75.185.118.197,1,32
60.71.246.226,1,40
165.116.248.159,4,160
197.48.200.58,1,40
222.221.235.118,1,32
213.115.94.21,1,60
69.250.118.128,1,32
205.58.79.187,1,266
23.97.7.85,1,32
183.97.50.49,1,40
174.206.114.230,1,32
87.13.137.124,2,100
50.167.120.251,1,32
76.224.117.254,1,60
187.122.197.196,1,32
89.186.105.241,1,32
207.162.150.248,1,32
190.22.70.213,1,32
38.186.226.181,54,75338
191.206.224.212,1,60
14.204.82.131,1,40
77.241.122.240,26,1040
109.229.52.132,1,28
61.24.106.171,1,52
103.115.203.72,1,32
189.83.253.66,1,32
92.177.170.99,1,32
171.50.255.138,1,58
68.74.170.64,5,200
71.230.146.117,5,220
165.116.241.89,2,880
179.93.63.120,1,32
98.234.133.28,1,32
112.165.136.69,1,32
64.22.165.115,3,357
46.86.57.1,1,58
216.59.130.104,1,32
104.184.116.139,1,32
201.212.58.162,1,40
138.221.254.166,5,200
200.69.146.119,1,64
103.88.196.253,1,60
95.130.116.229,1,32
158.79.190.55,1,32
187.216.69.90,1,96
190.81.244.174,1,32
67.43.93.108,1,32
5.27.233.133,1,32
90.113.156.246,1,40
90.44.96.29,1,32
190.188.21.99,1,32
189.29.116.150,1,32
175.253.57.31,1,32
66.247.94.110,5,220
183.164.222.144,1,52
52.10.147.103,1,32
62.238.2.214,1,32
217.112.82.31,1,40
180.151.225.93,8,352
83.12.21.6,1,32
188.254.82.53,1,40
98.43.219.147,1,32
84.94.165.5,1,32
170.140.231.44,1,32
114.1.236.200,3,200
45.17.4.162,1,60
95.164.70.142,1,32
124.236.4.19,1,32
110.220.204.202,1,40
109.147.89.238,1,32
113.181.246.74,1,28
78.163.22.185,1,32
87.0.11.76,1,32
80.101.135.118,1,56
196.180.49.4,8,352
180.83.174.234,1,60
37.110.64.127,1,52
31.113.147.98,40,23395
27.60.245.2,1,32
220.50.226.179,1,32
46.151.158.123,1,32
84.68.120.64,1,32
34.200.110.26,1,32
94.239.248.233,1,32
184.5.150.5,1,32
58.184.87.233,1,32
94.99.165.149,1,32
95.169.170.222,1,40
71.230.199.104,8,386
24.185.23.6,2,80
23.90.252.99,4,222
211.190.245.61,1,32
94.28.196.2,1,32
193.169.251.145,1,32
221.138.138.54,1,32
193.75.28.193,1,60
5.162.40.214,1,32
88.58.39.208,1,44
125.147.247.197,1,32
89.248.130.58,1,60
83.139.97.194,1,44
189.174.232.118,1,40
92.25.174.66,1,40
191.145.28.237,1,32
103.238.52.87,1,32
88.240.128.251,1,40
220.56.6.126,1,40
46.231.172.30,31,1240
115.64.199.79,1,44
91.141.110.82,1,32
185.72.26.109,7,280
182.50.109.84,1,32
112.26.143.55,1,32
88.224.5.220,1,32
109.229.175.32,1,60
36.167.40.137,1,52
114.170.195.67,1,40
74.197.75.44,1,32
58.139.207.221,10,400
95.247.30.184,1,32
190.70.40.239,1,40
79.105.210.38,1,40
128.221.90.140,4,160
196.180.49.71,8,736
173.173.2.136,1,32
60.63.9.197,1,52
196.180.49.41,8,352
124.74.26.34,1,32
186.12.42.14,1,32
67.20.176.37,1,32
59.0.51.4,1,32
219.207.124.166,1,46
71.230.250.160,1,40
41.97.241.61,1,40
70.64.154.95,1,32
14.231.87.152,1,52
85.10.128.30,1,52
46.82.103.82,1,32
54.181.29.195,3,440
219.112.67.70,1,32
147.227.62.249,1,93
171.214.253.176,1,76
88.151.123.93,1,32
31.98.110.174,1,40
46.42.110.143,2,80
151.7.157.152,1,32
12.20.5.38,1,32
178.194.209.156,3,585
103.94.226.202,1,32
31.113.147.67,6,504
43.199.186.129,1,60
86.149.11.40,1,32
31.113.147.64,45,11247
126.48.52.126,2,154
178.213.251.221,1,32
60.242.137.192,1,32
91.146.200.21,1,32
185.72.26.39,13,520
179.173.244.137,1,32
177.196.251.91,1,40
218.101.171.246,1,32
223.58.55.15,1,58
101.45.238.82,1,32
65.101.49.104,1,1337
180.161.8.227,1,40
186.209.222.45,1,32
120.104.91.214,1,32
113.62.91.52,1,32
222.140.136.122,1,32
187.230.184.170,1,32
176.25.10.212,2,80
17.199.30.87,12,10056
171.150.214.230,1,60
54.49.18.231,1,76
1.141.135.48,1,32
201.215.186.37,1,40
82.146.187.72,1,32
118.112.86.101,1,32
178.166.176.113,1,32
179.80.178.81,1,40
111.80.53.241,1,32
191.119.146.27,1,32
109.98.215.16,1,32
115.34.118.154,1,28
126.95.209.4,1,76
106.236.226.133,1,52
113.196.235.193,1,52
110.43.226.40,1,32
83.149.141.85,1,32
118.113.111.218,1,44
191.167.255.122,1,32
142.161.195.55,5,200
46.80.19.230,1,60
180.136.152.156,1,60
183.106.42.236,1,32
103.213.220.67,1,40
196.180.49.39,10,440
113.59.35.43,1,60
27.237.105.17,1,40
76.252.219.212,1,32
47.101.47.249,4,336
37.78.164.185,1,40
113.206.235.248,1,32
162.8.33.75,8,786
203.121.45.247,1,52
119.133.66.125,1,52
17.192.251.20,1,105
177.148.240.62,1,40
103.218.41.33,1,32
89.211.159.66,2,120
95.200.92.227,1,32
196.180.49.57,11,484
99.59.156.155,1,44
196.180.49.3,9,396
201.177.36.235,1,40
117.237.49.78,1,40
177.223.32.40,1,32
211.181.74.225,1,32
212.55.210.62,1,40
72.170.248.62,1,40
188.216.156.152,1,32
27.253.53.35,1,40
5.64.104.148,3,120
162.8.33.57,11,6779
71.230.250.201,1,40
84.17.106.18,1,32
151.150.185.187,1,52
91.5.4.52,1,32
35.24.40.124,1,40
189.20.127.146,1,32
200.245.173.229,1,40
73.107.185.115,1,32
218.245.65.229,1,32
177.213.129.149,1,44
172.249.31.73,27,5526
92.53.12.75,1,32
90.13.254.211,1,32
36.249.238.14,24,30392
212.156.140.6,1,60
61.129.27.90,1,32
175.62.182.236,1,32
168.78.101.104,1,32
41.173.43.30,1,40
217.251.25.109,1,32
68.151.179.222,1,32
171.198.135.8,1,32
176.195.111.83,1,32
68.221.202.126,1,32
61.89.228.95,2,80
84.214.197.92,1,32
68.204.219.12,1,32
52.65.101.45,1,32
106.99.1.116,1,60
201.77.231.191,1,32
103.58.127.245,1,60
122.60.94.124,1,44
103.120.50.131,1,32
196.180.49.14,7,2776
18.178.92.247,1,76
42.18.33.238,1,60
74.32.172.125,1,32
76.91.14.213,1,32
5.35.35.103,3,231
196.181.122.219,1,32
185.120.197.216,1,32
184.187.232.164,1,32
113.51.38.7,1,60
1.195.224.207,1,76
46.234.223.69,13,1069
165.229.131.95,3,120
125.194.235.33,1,32
209.35.241.1,1,32
115.253.139.6,1,32
18.182.99.194,15,1578
124.238.255.138,1,76
27.64.13.64,1,48
182.119.101.49,1,60
84.227.160.71,2,100
172.249.162.63,1,52
112.10.230.158,1,48
82.72.119.62,1,32
189.77.167.178,1,44
197.54.58.173,1,40
182.137.74.222,1,32
123.108.102.204,4,160
59.26.224.131,1,48
41.149.166.223,1,32
201.6.251.116,1,32
208.122.60.223,1,196
156.59.138.72,1,40
94.230.131.211,1,32
117.72.136.106,1,40
87.184.185.227,1,40
177.254.19.63,1,40
88.160.17.1,1,56
173.124.170.38,1,32
104.248.1.195,3,120
66.77.145.80,1,32
46.227.168.40,1,32
80.117.194.74,1,32
101.54.84.111,1,40
31.181.10.144,1,32
80.212.114.216,11,485
73.70.43.14,1,32
179.83.133.213,1,32
79.153.29.124,1,29
185.72.26.108,4,160
176.172.246.45,1,32
1.31.117.43,1,32
87.30.53.250,1,60
101.86.84.64,1,32
93.64.54.12,1,32
187.175.121.12,1,32
49.111.218.183,1,32
93.180.161.19,1,32
58.217.172.129,1,48
216.23.219.38,1,32
12.235.193.133,1,32
117.34.223.198,1,40
119.101.208.250,1,60
212.0.207.219,1,32
209.141.101.166,3,132
42.231.12.86,1,40
122.58.172.232,1,44
221.7.84.97,1,76
112.31.141.227,1,60
73.116.23.41,1,32
89.136.69.190,1,32
14.41.15.137,1,32
79.100.156.20,1,32
112.194.25.30,1,32
185.72.27.6,35,1400
185.55.160.196,1,44
141.42.64.19,1,32
151.150.124.62,68,90388
177.114.91.79,1,32
176.59.188.190,2,80
112.46.205.36,1,32
113.35.50.41,1,60
187.123.91.221,1,32
89.198.21.22,1,40
212.217.237.48,1,32
114.207.128.196,1,84
116.135.166.244,1,60
178.223.238.127,1,40
49.207.188.164,1,52
196.180.49.75,7,308
112.28.148.253,1,52
115.235.170.65,1,32
220.41.227.150,1,40
125.174.135.207,1,32
31.194.74.154,1,32
186.56.137.189,1,32
73.56.202.15,1,32
79.224.4.48,1,32
58.22.205.31,3,671
173.66.8.193,1,32
85.186.254.160,1,32
95.196.7.150,1,48
129.196.12.130,5,840
41.30.16.214,1,32
89.148.165.40,1,32
197.38.152.200,1,40
71.230.250.143,2,80
71.54.105.202,1,32
71.42.9.102,1,32
37.65.240.193,2,120
178.166.176.241,1,60
76.9.224.230,1,32
94.243.251.157,2,100
185.72.27.49,6,240
14.99.168.230,1,32
64.169.154.136,1,32
89.82.158.119,1,32
104.69.8.148,1,32
83.161.234.213,1,60
196.43.82.1,1,32
91.219.58.52,1,32
78.17.123.66,1,32
124.27.54.118,1,44
180.153.186.20,1,32
180.142.125.196,1,48
85.22.241.183,1,48
60.51.54.125,1,32
190.20.133.211,1,32
189.48.245.149,1,32
74.37.107.135,1,32
62.38.254.212,1,32
37.156.27.144,1,40
36.207.0.93,1,76
14.60.201.57,1,32
222.105.68.191,1,32
93.91.111.113,1,32
179.182.12.62,1,52
191.31.51.81,1,32
71.230.250.237,3,120
211.227.95.154,1,32
88.68.87.42,1,32
14.169.23.106,1,52
82.218.202.120,1,32
97.8.42.111,1,32
75.108.140.138,1,32
179.236.183.176,1,40
71.230.251.251,4,160
76.128.246.211,1,32
117.53.146.106,1,32
113.242.183.254,1,32
181.122.100.99,1,40
180.149.157.119,4,160
175.176.95.203,1,40
201.71.5.56,1,32
222.155.128.128,1,32
112.176.212.91,1,32
185.72.26.0,5,200
60.90.172.200,1,32
113.214.179.113,1,32
13.30.23.149,1,76
180.188.100.6,1,32
52.85.160.190,1,32
131.69.145.73,3,132
12.184.35.209,1,60
27.251.118.241,1,48
58.177.173.17,1,32
220.189.138.29,1,32
141.149.144.225,5,341
189.94.137.44,1,32
197.60.124.175,1,40
17.156.100.186,19,5754
17.199.46.124,1,83
189.68.3.241,1,40
125.145.3.153,1,32
113.189.201.2,1,32
199.242.183.105,1,32
114.173.210.27,1,32
52.250.42.39,2,111
116.197.139.14,9,360
105.155.2.131,1,32
175.51.248.12,5,200
213.239.90.233,1,32
192.93.28.184,1,48
96.202.217.173,1,40
46.65.11.56,1,32
99.173.20.196,1,32
18.242.248.225,1,32
112.249.26.200,1,32
103.108.158.231,1,40
159.153.172.26,5,200
190.166.240.219,1,32
139.173.152.35,1,40
14.165.14.219,1,32
202.167.104.134,1,32
68.74.17.226,3,120
152.53.134.116,1,60
222.64.151.106,1,32
218.228.165.118,2,104
200.26.8.81,1,32
95.173.42.113,1,32
185.72.26.105,17,680
108.205.171.77,1,40
172.119.52.97,14,1123
81.109.202.36,53,2120
37.44.138.252,1,32
5.23.118.94,1,60
195.148.180.59,1,32
123.183.219.254,1,60
62.174.135.5,5,200
111.175.91.218,1,52
95.134.76.11,1,32
190.113.249.173,1,40
178.217.222.220,1,32
185.218.2.116,1,40
1.233.14.133,1,250
37.106.160.11,1,40
45.126.58.18,1,40
89.115.70.68,1,56
203.23.186.148,1,32
64.127.95.50,1,32
114.235.160.222,1,60
182.101.24.21,1,48
193.224.149.109,1,32
164.48.28.92,1,44
82.21.197.48,1,32
91.160.237.124,1,32
113.227.98.31,1,52
119.204.148.162,1,32
172.249.28.69,3,156
88.141.254.238,1,125
113.113.219.92,1,32
80.212.114.72,13,559
141.33.170.91,1,40
86.74.39.196,1,44
1.90.13.116,1,52
172.249.30.46,3,156
138.95.156.168,1,60
172.249.30.185,4,208
93.9.48.23,1,32
217.243.138.218,1,32
14.95.222.106,1,52
181.165.250.3,1,32
59.189.222.162,1,32
176.43.162.73,1,48
92.226.141.113,1,32
85.114.187.6,1,32
45.59.189.15,1,56
75.123.42.32,1,32
79.19.215.69,1,32
196.180.49.188,5,220
118.55.120.191,2,104
186.107.53.103,1,32
109.184.78.152,1,32
91.174.228.111,1,32
35.28.171.95,1,98
222.172.155.184,1,32
23.104.12.3,1,32
190.87.209.34,1,32
145.146.135.20,1,32
221.35.194.37,1,32
88.245.217.193,1,32
162.104.243.247,1,60
112.169.226.254,1,32
84.35.114.134,1,60
120.159.83.254,1,32
110.149.158.83,1,48
88.237.242.183,1,60
83.233.31.155,1,32
218.109.221.39,1,32
83.28.11.221,1,32
200.103.50.210,1,40
65.156.74.91,1,32
89.28.77.138,2,80
216.68.133.177,55,68509
121.135.85.218,1,32
179.85.196.208,1,32
89.211.82.72,1,48
188.11.198.220,1,40
198.15.182.138,1,32
73.228.6.189,1,32
92.60.136.219,1,32
178.161.202.70,1,40
172.103.155.42,3,120
195.211.116.65,1,40
190.213.188.52,1,40
1.253.152.92,1,32
108.59.124.194,1,40
211.236.126.187,2,80
75.169.22.138,1,32
71.230.250.213,1,40
45.32.49.101,1,40
125.246.18.149,1,52
173.234.215.94,1,32
197.53.155.122,1,44
174.192.7.85,1,32
189.109.68.98,1,32
222.239.88.140,1,32
54.183.216.166,1,32
14.111.226.2,1,32
186.50.14.157,1,60
93.227.21.37,1,32
126.159.215.97,1,32
117.39.76.93,1,40
62.115.129.178,1,56
89.26.30.98,1,32
218.144.211.103,1,40
4.68.54.121,1,32
204.64.139.219,1,32
73.146.190.152,1,32
109.191.138.61,1,32
123.169.120.74,1,32
178.40.233.254,1,32
14.204.33.226,1,60
79.45.136.74,1,32
204.237.242.252,1,32
66.111.232.249,1,32
113.9.38.148,1,76
54.95.120.13,1,32
69.133.225.232,6,312
176.124.219.159,1,32
84.84.236.4,1,56
70.126.97.117,1,32
95.28.234.163,1,32
177.210.73.91,1,32
37.93.151.72,1,44
196.204.212.196,1,32
103.81.85.184,1,44
59.96.12.234,1,60
50.196.219.145,1,32
72.219.23.2,1,32
109.1.123.118,1,40
157.42.86.25,2,120
142.161.151.150,5,200
222.139.218.30,1,40
119.159.178.115,1,32
50.186.157.198,1,32
165.116.13.224,3,156
66.228.181.77,1,32
73.184.69.43,1,32
46.61.52.114,1,32
148.249.21.97,1,32
201.10.12.213,1,32
88.173.167.218,1,32
189.170.44.194,1,32
185.72.26.13,15,600
2.175.187.163,1,32
221.19.79.111,1,40
192.242.229.93,1,40
173.98.203.185,1,32
14.233.252.252,14,560
190.23.254.75,1,96
98.24.150.136,1,32
97.17.203.71,1,32
46.10.68.37,1,32
217.253.142.246,1,32
64.65.244.198,2,80
125.127.74.223,1,32
120.220.149.70,1,40
129.241.143.254,1,40
125.213.141.167,1,32
172.102.237.232,1,40
182.102.215.180,1,32
216.88.100.206,1,32
186.20.139.76,1,32
70.46.85.129,1,32
23.64.129.57,1,95
104.14.208.23,1,52
176.94.30.45,1,32
108.34.233.176,1,32
47.95.107.48,1,32
83.81.24.106,1,32
39.4.117.135,1,32
221.107.98.72,1,32
106.32.177.74,1,32
136.71.203.67,1,32
24.161.157.246,1,32
211.206.249.92,1,32
180.151.39.228,1,40
172.103.186.49,3,120
36.25.66.254,1,32
185.252.120.253,35,2100
152.52.152.15,1,32
82.157.125.70,1,32
116.133.250.55,1,60
220.172.180.237,1,32
217.162.213.164,3,210
185.104.111.133,5,280
156.42.58.90,1,40
134.214.46.204,4,160
91.9.150.252,6,7513
94.17.138.109,1,32
213.218.210.35,1,60
155.15.118.169,1,32
77.241.122.67,16,640
105.189.255.189,1,32
52.93.5.66,2,413
104.15.196.220,3,473
72.248.59.101,1,32
23.88.50.83,1,32
219.124.40.122,1,48
144.32.123.125,1,60
82.33.106.190,8,440
77.127.122.193,1,32
50.157.185.106,1,40
94.222.240.30,1,60
173.162.235.204,1,32
27.2.233.74,1,40
145.14.244.162,1,32
49.50.100.35,1,52
121.153.84.94,1,32
45.64.9.163,1,32
90.71.150.118,1,32
23.90.170.155,23,8854
87.160.237.16,1,40
177.179.219.209,1,56
43.198.137.128,1,32
71.230.251.253,2,80
37.148.147.11,1,48
27.20.139.167,1,32
119.194.63.144,2,80
164.154.217.93,1,32
82.225.8.9,1,32
125.98.107.179,1,32
203.57.182.100,1,32
80.57.65.189,1,44
172.103.170.64,1,40
89.214.30.234,1,40
112.179.23.232,1,32
37.194.67.24,1,40
187.75.98.77,1,32
41.253.196.241,1,40
213.175.137.59,1,32
50.137.254.28,1,32
181.233.132.203,1,32
39.18.11.14,1,32
171.63.143.110,1,52
218.231.40.155,1,32
77.1.55.17,5,420
178.161.202.12,1,40
177.162.164.253,1,84
116.252.155.221,1,32
78.129.68.12,1,32
198.53.37.41,8,383
123.4.187.95,1,32
47.29.53.145,1,52
203.186.52.99,1,32
83.122.8.219,1,44
31.166.224.130,1,32
27.244.165.230,1,32
112.48.43.209,1,32
80.112.75.9,1,32
177.157.144.228,1,32
12.128.196.206,1,32
5.64.104.143,2,80
134.214.106.33,4,160
148.250.71.10,1,32
188.161.9.65,1,32
113.224.61.123,1,48
77.214.0.88,1,32
207.194.26.68,1,32
191.166.176.231,1,32
46.136.178.85,1,32
179.157.120.254,1,32
58.204.29.2,1,32
61.127.110.231,1,76
38.153.36.240,1,32
64.115.191.84,1,96
178.222.107.210,1,40
119.143.232.236,1,40
222.102.150.226,3,120
85.226.104.12,1,44
36.165.214.36,1,32
103.87.123.54,1,32
88.91.224.71,1,32
14.140.26.247,1,32
210.250.155.120,1,32
201.53.96.2,1,32
191.187.212.120,1,44
24.107.249.59,1,32
116.176.104.161,1,32
82.42.21.157,1,32
3.236.31.25,5,2703
17.199.26.219,3,156
122.132.116.58,1,32
217.147.4.225,5,420
151.232.242.102,1,32
183.117.166.79,1,32
68.20.150.129,1,32
96.79.210.131,2,88
89.119.215.206,1,52
27.54.136.62,1,32
207.224.204.206,5,420
78.142.72.232,1,32
79.169.182.18,1,40
51.185.15.161,4,172
54.45.231.250,9,5178
24.18.146.228,1,32
212.187.171.150,1,48
52.84.219.198,24,7817
117.44.53.233,1,32
24.123.104.127,1,32
1.59.64.53,1,32
212.103.139.126,1,32
126.97.56.67,1,32
149.164.42.191,1,32
27.247.131.196,1,48
119.97.73.183,1,58
49.124.156.158,1,40
83.9.147.208,4,336
112.185.101.170,1,32
185.134.52.211,10,1210
74.141.229.141,1,32
217.40.42.45,1,32
189.99.203.62,1,32
62.83.138.37,6,180
45.248.82.149,1,32
207.1.203.217,1,32
41.131.1.136,1,32
63.251.84.180,1,96
170.206.114.238,1,32
181.46.189.197,2,172
103.250.120.23,1,40
91.27.107.133,1,60
208.87.236.247,1,32
93.110.116.171,1,32
62.168.51.203,1,32
221.12.10.134,1,32
73.27.200.30,1,32
52.17.34.204,1,40
101.39.161.198,1,32
101.121.228.114,1,40
218.99.215.41,1,40
74.193.12.72,619,835518
90.7.249.2,1,32
92.197.243.161,1,32
223.42.226.188,1,32
190.37.176.247,1,32
104.232.87.55,1,32
133.175.26.84,1,56
88.157.185.37,1,32
76.66.90.34,1,32
107.219.74.34,1,32
23.230.122.131,9,4506
71.53.148.81,1,32
37.212.234.13,1,32
209.194.199.217,1,40
200.93.235.5,1,56
190.232.143.181,1,32
107.209.111.197,1,32
162.43.20.34,1,32
88.232.131.196,1,32
34.207.136.147,2,738
177.205.74.45,1,56
139.129.8.147,1,44
58.199.185.113,1,48
181.128.2.149,1,40
115.40.141.160,1,32
172.118.37.55,1,32
211.3.118.153,1,32
58.60.62.22,1,48
112.237.51.11,1,40
79.2.180.185,1,32
89.95.1.250,1,40
80.36.9.52,1,32
5.196.80.151,1,60
31.163.59.52,1,40
171.199.249.44,1,76
78.47.63.214,1,32
87.235.244.29,1,32
3.198.97.13,1,32
37.245.4.190,1,32
64.22.165.109,15,780
77.214.39.207,1,32
119.194.154.71,1,32
75.154.226.85,1,32
125.174.229.111,1,40
64.214.85.185,1,32
190.12.181.125,1,32
71.230.250.220,1,40
94.195.118.214,1,40
59.54.19.216,1,60
78.147.106.8,1,32
193.99.178.8,1,32
216.105.212.34,1,32
211.17.166.18,1,32
182.132.141.93,1,96
138.221.35.73,7,280
69.92.214.101,2,114
79.56.144.111,1,32
188.229.123.110,1,32
181.91.95.205,1,32
79.125.37.199,1,32
134.214.180.168,2,80
79.169.94.146,1,40
73.244.232.217,1,32
151.44.238.168,1,44
83.231.67.97,1,96
5.64.104.155,3,120
68.74.23.184,5,200
217.116.174.101,1,48
41.36.207.69,1,40
193.219.13.31,1,40
182.33.3.61,1,60
184.42.207.69,1,40
58.51.154.64,1,32
185.92.155.58,1,60
111.164.101.25,1,32
77.228.38.9,4,224
178.221.107.244,1,40
13.161.236.138,1,52
121.255.35.53,1,32
164.205.104.243,1,32
222.208.98.63,1,32
1.49.107.199,1,32
189.135.228.21,1,48
223.30.11.142,2,80
8.216.201.196,32,2136
73.73.206.197,1,32
23.66.54.64,2,352
121.125.196.161,2,80
41.169.113.77,1,40
201.22.244.59,1,60
36.208.12.79,1,60
23.64.129.220,146,215554
119.229.83.168,3,308
36.194.84.195,1,52
159.1.204.131,2,94
23.61.37.236,1,32
118.93.2.109,1,32
46.217.16.110,1,32
121.183.162.41,1,32
178.55.161.165,1,32
177.148.240.60,1,40
75.164.226.233,1,32
92.42.209.222,1,40
24.55.194.25,1,32
81.151.165.114,1,32
92.107.159.149,1,32
37.186.174.136,4,160
109.144.8.123,5,420
217.58.68.246,4,336
150.249.9.122,1,32
86.121.57.36,1,44
37.77.248.13,1,32
162.104.167.109,1,32
88.11.63.80,2,80
27.251.44.167,1,60
59.149.216.238,1,52
94.185.124.236,1,60
82.164.117.124,1,32
121.136.170.0,1,40
156.34.182.42,1,40
5.145.249.11,1,32
73.154.135.144,1,32
52.254.18.205,1,76
116.24.188.173,1,32
181.174.120.223,1,32
126.211.186.151,1,32
119.26.214.37,1,32
81.22.43.219,1,32
45.27.238.11,1,32
35.78.7.189,1,32
196.163.226.40,1,32
34.205.155.220,1,32
191.207.160.201,1,32
216.222.137.68,1,56
94.46.103.248,2,100
222.142.41.9,1,76
27.242.162.61,1,40
139.173.133.45,1,40
213.53.122.171,1,32
200.254.216.212,1,40
218.168.40.10,1,32
113.179.91.148,1,52
151.17.90.255,1,32
119.71.194.71,1,32
177.226.127.18,1,32
90.212.234.181,1,32
71.230.152.134,4,421
133.201.249.0,1,121
197.59.115.58,1,40
95.144.180.190,1,60
199.224.187.244,1,177
208.123.79.45,1,492
71.231.107.14,1,32
95.142.243.122,1,60
192.229.155.225,1,622
60.110.218.106,1,32
95.125.68.60,1,32
114.42.109.66,3,120
182.223.150.124,2,80
14.59.124.32,2,80
210.152.188.75,1,160
96.95.206.78,1,32
75.226.184.116,1,52
181.228.68.107,1,32
174.233.214.165,1,32
187.183.98.157,1,44
188.18.202.194,1,32
13.204.233.1,2,104
81.27.103.41,1,32
125.165.57.248,1,32
31.104.130.179,1,32
220.2.141.52,1,40
115.133.90.134,1,32
206.190.202.178,4,160
208.95.191.246,1,32
110.64.172.51,1,60
45.33.76.87,6,881
64.22.164.131,3,156
84.88.27.183,1,32
156.47.184.157,1,40
100.215.151.145,1,32
80.184.225.118,5,420
51.42.79.138,1,40
64.22.165.172,2,113
64.65.244.174,1,40
59.20.204.169,1,32
73.6.84.208,1,32
113.104.117.120,1,32
58.196.40.83,1,60
162.21.171.31,1,32
125.44.68.15,1,40
210.240.32.59,1,32
59.163.8.231,1,40
183.131.165.95,1,32
46.159.58.131,1,32
84.22.93.45,1,32
195.237.67.168,1,40
178.160.253.42,1,32
185.72.27.145,34,1360
60.159.214.36,1,32
139.173.140.86,4,160
122.56.252.208,1,44
68.161.149.98,1,32
159.137.136.36,3,120
89.160.19.218,1,32
23.125.26.78,1,32
217.180.103.22,34,6176
68.206.199.219,1,32
77.125.135.116,1,32
74.248.23.54,1,32
179.26.98.131,1,32
38.180.212.83,1,32
204.9.157.163,1,32
209.130.39.21,1,44
146.24.69.162,13,1195
207.64.59.158,1,32
92.42.242.69,1,44
62.75.172.51,1,40
95.144.180.184,1,32
75.68.117.139,1,32
195.5.113.214,1,60
178.32.96.137,1,40
182.243.228.236,60,69771
52.100.135.80,1,32
47.136.201.95,1,32
177.67.117.1,1,40
12.142.83.174,1,60
52.82.251.31,33,1863
84.13.248.142,1,32
78.28.9.234,1,32
27.127.37.34,1,48
112.217.37.58,1,32
125.236.203.98,1,52
223.141.121.244,1,32
148.144.51.189,1,32
125.33.164.89,1,44
198.245.81.197,1,40
64.65.244.70,1,40
49.246.84.22,1,32
83.17.8.136,1,32
185.72.27.41,26,1040
113.24.192.22,1,44
64.249.101.85,1,32
71.230.250.156,1,40
5.64.104.128,2,80
189.226.68.76,1,32
36.23.73.250,2,128
108.193.55.160,1,32
178.215.247.36,1,32
2.34.120.154,1,32
69.229.171.235,1,32
91.54.50.18,1,32
218.196.142.150,2,80
172.103.218.223,2,80
60.224.116.27,1,32
114.194.68.74,1,32
125.196.234.173,1,44
60.137.66.103,1,40
73.120.157.129,1,32
178.125.91.122,1,52
46.99.136.9,1,32
83.125.59.146,1,32
201.224.203.178,3,132
62.226.216.73,1,32
119.137.46.120,2,100
112.205.200.115,1,32
18.178.185.191,1,76
188.39.136.103,1,44
178.58.250.253,1,32
88.11.63.68,3,120
212.21.123.119,1,32
5.234.162.104,1,32
185.72.27.142,35,1400
189.49.228.155,1,32
209.122.110.252,1,56
2.77.79.10,2,104
218.221.170.112,3,120
200.146.76.203,1,32
73.39.181.64,1,32
111.223.226.186,1,32
108.128.164.249,1,32
183.67.27.97,1,32
46.234.241.246,1,48
117.200.12.194,1,52
139.173.136.137,1,40
42.239.221.1,1,40
54.240.184.230,1,40
139.173.156.225,2,80
81.129.76.111,1,32
77.205.49.252,1,32
78.65.96.250,1,40
77.129.139.134,1,32
149.44.32.83,1,32
85.247.36.86,1,40
49.235.21.154,9,1745
103.24.75.11,1,32
93.101.134.218,1,32
123.50.173.230,1,52
66.63.118.20,1,40
199.43.213.173,1,32
197.20.106.153,1,32
108.189.187.34,1,60
218.234.165.10,1,32
172.249.31.65,2,104
115.200.204.136,1,40
82.144.200.73,1,32
202.39.34.119,3,3351
158.81.59.90,1,32
88.11.63.87,2,80
169.23.109.76,1,32
5.188.104.130,3,192
61.3.16.147,1,32
27.115.27.62,1,32
185.49.252.234,12,480
220.60.239.64,1,40
104.174.98.105,1,32
85.50.235.229,1,32
83.90.245.26,1,32
197.50.206.24,1,32
122.40.225.210,2,100
79.28.106.43,1,32
109.190.123.89,1,32
41.162.170.210,1,40
179.127.60.86,1,32
43.223.0.58,1,40
67.13.107.198,1,32
1.58.180.72,1,48
222.217.108.152,1,44
14.43.93.45,1,32
115.240.98.99,1,32
1.194.144.106,1,48
92.243.176.67,1,32
173.63.138.105,1,32
62.237.51.50,719,1077336
59.62.110.129,1,76
156.50.208.41,1,40
111.183.149.148,3,120
74.44.109.90,1,32
50.201.230.157,1,32
177.132.254.170,1,32
184.71.20.67,1,32
77.64.197.171,1,32
113.252.40.242,1,32
23.94.230.180,4,215
117.67.37.209,1,32
89.27.97.44,1,32
112.191.52.254,1,60
185.72.27.78,18,720
167.199.9.159,1,32
182.136.123.121,1,32
87.117.106.204,1,32
172.192.183.246,1,32
103.122.235.116,1,56
125.44.216.144,1,52
92.35.203.22,1,32
49.110.43.29,1,32
105.128.18.3,1,32
143.194.3.7,1,60
144.198.26.55,1,32
103.231.38.123,1,32
172.209.90.127,1,32
73.203.51.12,1,32
123.140.140.7,2,256
196.180.49.43,8,352
186.37.37.28,1,32
119.102.68.40,1,32
182.40.133.141,1,32
17.199.30.55,1,52
119.166.54.232,1,32
117.36.187.59,1,52
126.41.87.5,1,76
117.227.62.69,1,40
67.172.125.141,3,108
42.84.30.171,1,32
183.225.160.34,3,120
150.244.166.177,1,40
190.139.51.108,1,44
176.118.115.203,1,52
170.10.7.74,1,60
130.39.167.5,4,208
113.199.229.152,1,32
178.189.165.186,9,1066
116.250.176.189,1,32
171.61.18.170,1,40
157.134.45.142,2,104
107.185.134.209,1,32
1.195.59.18,1,40
192.177.138.123,1,32
50.52.91.26,1,32
194.164.100.73,1,32
121.115.96.26,1,52
117.4.166.117,1,32
64.122.214.249,1,32
115.96.197.15,1,32
175.200.79.175,1,32
37.245.162.200,1,40
117.85.168.161,1,40
52.51.123.166,7,5965
88.198.53.106,1,32
172.249.30.157,156,148483
92.16.187.79,1,32
79.54.24.195,1,32
175.139.35.196,1,60
5.64.104.158,3,120
95.46.58.71,1,32
126.24.242.205,1,32
178.86.173.38,1,40
118.244.103.218,1,52
78.188.26.114,1,32
89.230.148.81,1,32
70.121.58.118,1,32
31.216.219.184,1,52
120.154.137.119,1,32
134.214.55.84,7,280
95.129.118.198,1,32
221.233.228.192,1,32
150.79.245.75,1,248
196.215.48.57,1,32
50.1.197.114,1,32
58.175.66.146,1,52
198.233.75.54,1,32
89.34.101.143,42,2434
201.108.170.129,1,44
223.124.29.18,1,48
81.113.251.184,1,32
217.217.235.131,1,32
181.204.162.172,2,96
182.188.90.103,1,32
92.223.196.42,1,32
64.22.164.130,6,331
213.172.154.201,1,32
8.247.244.137,2,156
78.210.212.78,1,32
1.1.42.142,1,32
42.203.211.189,1,48
96.82.182.141,1,32
212.212.42.88,1,44
84.123.184.153,1,32
85.214.248.238,1,32
89.215.213.127,1,32
195.5.101.202,1,60
89.137.180.227,1,32
122.148.244.173,1,32
103.41.58.192,3,120
79.168.212.242,1,40
183.192.29.232,1,32
175.54.150.34,8,344
201.181.27.219,1,32
94.31.119.136,1,32
98.20.26.254,1,32
121.148.240.103,1,32
41.243.246.21,2,120
35.81.87.244,2,135
117.37.53.60,1,32
13.31.78.119,1,76
54.230.51.170,1,32
24.239.28.166,1,32
36.223.151.139,1,32
182.79.47.238,1,44
13.207.13.99,1,76
176.198.154.150,1,32
189.76.229.223,1,32
80.146.201.38,1,32
202.100.191.221,1,40
99.78.182.87,1,32
36.21.149.213,1,48
192.33.42.231,138,194191
111.65.169.206,1,44
187.243.237.129,1,32
123.195.241.71,1,40
14.115.220.169,1,32
211.4.194.118,1,32
80.158.198.194,1,32
182.99.23.150,6,240
159.137.10.215,1,40
183.97.52.56,1,40
71.230.250.241,2,80
112.235.66.1,1,48
39.47.92.81,1,32
17.203.229.224,1,52
79.131.187.221,1,32
84.254.26.144,1,32
109.62.203.123,1,32
54.215.145.68,2,112
115.163.36.244,1,32
185.126.164.186,9,418
173.215.189.4,1,32
191.99.209.56,2,120
71.237.98.58,1,32
59.18.221.163,1,32
220.163.86.21,1,32
58.145.143.194,1,40
59.31.86.174,1,60
77.0.135.197,1,32
196.180.49.58,7,308
79.245.51.229,1,32
220.0.212.40,1,32
188.97.106.18,1,32
66.123.218.50,1,32
101.112.216.99,1,32
142.161.236.75,4,160
178.103.29.87,6,240
154.128.115.9,1,32
182.107.40.251,1,32
24.209.50.102,1,32
82.222.210.176,2,80
101.123.5.205,2,80
211.181.252.54,1,60
178.202.20.241,1,32
164.128.46.119,2,816
223.35.69.138,1,76
209.0.179.28,1,32
188.49.210.84,1,32
78.61.219.91,1,32
23.248.140.213,1,32
105.138.224.170,1,32
95.149.162.210,1,52
89.22.212.81,1,32
37.192.212.89,1,64
35.90.26.235,1,32
27.44.90.176,1,32
98.84.154.147,1,32
124.75.99.64,1,32
81.124.193.29,1,32
183.103.15.88,1,32
31.113.119.212,1,32
202.49.242.225,1,32
88.55.142.92,1,44
14.171.32.239,1,52
24.199.212.223,1,32
79.208.182.141,1,32
185.185.107.213,1,32
119.155.250.153,1,32
194.248.133.97,1,40
87.59.184.41,1,32
151.150.71.107,1,32
76.207.128.186,1,32
49.109.183.230,1,32
70.189.230.209,1,32
46.126.187.7,1,32
211.160.155.113,1,32
112.238.138.100,1,32
159.137.136.71,7,280
187.188.26.147,1,32
108.73.145.19,2,80
97.39.29.176,1,32
115.41.45.232,1,60
147.104.107.203,3,120
216.102.78.232,1,60
172.249.28.97,23,21174
178.223.47.82,1,48
139.68.196.246,1,32
23.64.129.205,1,111
151.44.247.236,1,84
14.152.116.128,1,48
24.61.253.18,1,40
115.40.241.111,1,76
5.64.104.129,3,120
176.199.38.101,1,52
169.53.93.69,1,32
34.226.235.55,1,32
172.249.28.77,4,1213
166.80.171.201,1,32
27.229.46.231,1,52
95.214.194.140,1,60
79.255.171.254,1,32
45.39.26.236,1,32
71.174.157.26,1,32
189.120.166.131,1,44
177.10.86.39,1,32
83.112.75.46,1,32
164.165.175.99,1,44
175.98.194.246,1,48
74.200.165.56,1,32
14.241.11.225,1,32
180.136.68.172,1,60
23.119.81.165,1,32
69.39.251.60,10,11884
195.114.59.87,1,32
165.233.200.165,1,32
65.16.250.88,1,32
27.241.89.209,2,120
79.248.216.98,1,32
171.147.206.218,1,44
1.63.23.60,1,48
50.250.93.241,1,32
14.251.175.106,1,60
37.144.181.138,1,32
69.5.61.224,1,32
172.82.42.9,1,32
52.54.178.154,2,519
60.67.216.178,4,176
130.53.249.161,9,2013
81.95.21.209,1,32
115.98.158.158,1,32
52.102.151.95,1,363
79.232.242.28,1,32
52.255.200.239,3,174
84.58.53.136,1,32
210.143.233.52,1,73
86.151.120.121,1,32
131.56.39.69,1,44
218.220.97.234,1,32
185.49.252.227,20,800
220.60.68.67,7,280
220.218.184.104,1,32
212.209.209.208,1,48
217.109.175.247,1,32
221.118.15.215,2,96
58.189.106.131,1,40
118.76.212.179,1,32
117.42.54.109,1,40
23.85.164.254,1,32
122.224.255.103,1,58
179.64.196.157,1,60
125.34.75.5,1,44
103.197.212.51,1,40
123.11.190.86,1,32
94.109.206.65,4,190
73.8.226.233,1,32
110.42.28.118,1,32
107.133.132.66,1,32
54.161.75.212,3,394
88.149.6.132,1,32
201.9.229.105,1,40
23.13.142.29,1,32
203.3.28.13,1,32
46.169.180.226,1,32
110.147.187.166,1,132
109.218.117.180,1,32
61.130.214.179,1,32
117.32.189.53,1,32
97.7.32.123,1,56
221.175.137.36,1,32
178.236.52.93,1,32
179.221.112.47,1,32
64.187.33.248,1,32
113.54.21.112,1,52
11.88.56.57,1,60
8.230.245.190,1,32
51.225.34.44,2,80
181.50.235.102,1,32
17.192.163.105,3,209
124.68.160.39,1,32
113.149.134.226,1,32
42.106.155.45,1,60
126.237.215.83,1,32
107.149.85.80,1,32
125.102.175.160,1,32
122.242.28.154,1,32
125.234.133.120,1,52
49.244.150.77,1,32
63.131.121.219,1,40
138.186.219.73,1,32
71.202.195.112,1,32
177.108.248.170,1,32
218.128.12.141,8,720
121.112.237.245,1,32
69.128.154.82,1,32
185.231.79.54,6,360
5.6.199.83,1,48
77.139.116.208,1,32
152.45.81.189,1,32
23.217.228.173,1,32
118.60.61.7,1,32
128.45.157.197,1,32
89.134.202.98,1,32
111.248.127.47,1,32
84.135.9.213,1,32
54.250.142.243,1,76
2.10.101.242,1,32
69.197.142.23,1,32
2.240.200.77,1,32
60.244.11.95,8,416
119.69.79.162,1,52
89.43.41.30,1,32
41.165.167.224,7,1456
183.107.203.158,1,32
164.89.118.37,1,32
71.189.223.36,1,32
92.254.233.170,1,32
64.116.211.86,1,32
71.75.107.145,1,32
178.30.113.19,1,32
111.197.20.22,1,52
84.154.76.184,1,32
24.151.84.255,1,32
60.134.224.109,1,48
43.201.132.25,1,96
184.23.26.74,1,32
60.137.220.7,6,872
46.252.70.1,1,32
1.11.151.13,3,120
70.3.218.160,1,32
52.247.250.3,1,52
54.231.195.188,7,541
216.232.227.135,1,32
88.115.46.81,1,32
23.65.115.39,1,32
99.222.177.35,1,32
182.119.135.97,1,60
85.98.196.160,1,40
125.161.87.25,1,102
221.132.204.28,1,32
195.28.128.88,1,32
183.167.196.17,1,52
212.36.43.91,1,32
139.43.126.249,2,74
197.56.119.229,1,40
168.109.174.21,1,56
187.76.211.246,1,32
184.116.81.140,1,64
42.16.97.46,1,76
178.189.133.0,9,922
17.192.163.4,1,105
208.123.79.44,1,492
84.206.42.150,1,32
85.63.98.232,1,32
126.245.186.99,1,32
102.185.79.183,1,32
200.72.127.36,1,32
174.208.123.10,1,32
219.169.88.155,1,32
176.219.14.114,1,40
77.74.91.87,1,40
86.162.127.242,1,40
123.53.228.176,1,32
54.51.96.68,1,44
174.227.217.12,1,32
119.156.237.29,1,60
219.113.122.24,6,1590
83.42.52.142,1,32
182.134.173.21,1,32
78.234.228.51,1,44
71.230.250.221,1,40
1.86.18.200,1,52
213.227.9.109,2,80
31.98.235.70,1,32
62.251.14.27,1,60
222.244.189.119,1,32
172.77.189.127,1,32
64.158.197.25,1,40
54.208.108.13,1,76
188.153.29.16,1,32
89.83.181.172,1,32
82.37.226.94,1,32
61.111.40.202,1,32
119.115.244.132,1,40
216.172.116.248,1,40
38.183.119.239,1,32
205.75.134.233,1,32
175.140.203.226,1,76
60.5.46.191,1,32
188.80.71.124,1,32
139.173.155.216,2,80
118.95.53.188,1,32
126.137.195.83,1,32
164.109.165.40,1,32
106.4.30.129,1,60
125.230.145.103,1,48
95.137.64.135,2,80
8.215.203.43,1,32
43.223.212.218,1,76
50.129.69.126,1,32
210.5.58.133,1,32
222.73.239.242,1,48
113.114.119.83,1,32
38.122.74.230,1,60
183.97.48.90,1,40
100.251.189.139,2,156
115.65.252.61,1,44
181.26.68.171,1,32
52.23.143.34,1,32
37.17.205.138,1,40
104.248.114.238,1,60
68.30.226.108,1,32
123.126.34.141,1,48
165.116.243.41,3,120
80.136.16.211,1,40
61.116.118.169,1,32
62.33.37.179,1,165
187.199.55.47,1,40
118.189.35.80,1,32
94.98.196.238,1,32
190.83.246.238,1,32
42.48.104.190,4,160
128.121.122.116,1,32
83.226.59.151,1,32
209.238.124.54,1,44
81.143.65.103,1,32
79.179.227.228,1,60
84.182.138.104,1,32
2.74.213.139,1,32
42.16.124.139,1,132
213.139.129.111,1,32
5.40.154.151,3,132
182.253.61.95,1,32
37.109.204.143,1,32
37.122.219.47,1,32
179.95.53.224,1,32
186.2.209.170,1,32
104.143.64.133,1,32
70.93.35.8,1,32
183.82.5.169,1,32
85.64.19.22,1,40
47.127.52.91,5,200
216.112.80.181,1,32
128.96.34.249,1,40
108.67.134.87,1,32
202.100.117.75,1,32
85.172.106.241,1,32
154.142.158.217,2,80
80.57.57.183,1,40
178.222.228.248,1,40
5.228.196.48,1,44
54.203.98.188,1,32
109.236.170.204,1,32
84.115.79.166,1,32
70.112.201.238,1,32
76.94.74.179,1,32
222.115.197.153,1,32
188.238.136.251,1,32
190.97.236.75,1,40
221.14.37.46,1,76
84.10.44.52,3,228
190.35.184.186,1,32
34.234.165.161,1,32
125.14.136.67,1,40
5.62.48.45,1,44
73.68.86.245,1,32
150.141.221.249,1,32
79.62.186.232,1,32
125.228.105.22,1,40
212.30.18.128,1,44
2.164.97.179,1,60
85.48.73.63,1,32
84.144.39.109,1,56
163.74.50.194,1,60
13.218.12.71,25,22846
124.157.59.14,1,32
2.254.33.172,1,32
211.236.126.189,2,80
116.209.240.213,1,44
178.28.22.235,1,40
115.31.248.189,1,28
85.112.8.202,1,32
126.113.255.75,1,32
192.227.98.131,2,128
203.187.10.198,1,32
45.125.126.41,1,40
113.26.204.183,1,40
37.126.22.45,13,904
114.48.84.114,56,4551
76.136.60.116,1,32
115.20.250.242,1,32
151.194.175.22,1,32
5.227.28.165,3,231
201.176.234.60,1,60
5.64.104.136,2,80
103.55.204.96,1,32
103.29.181.121,1,40
172.252.135.46,1,32
113.201.141.185,1,40
41.32.148.88,1,40
117.101.24.254,1,76
5.135.232.6,1,32
82.64.138.112,1,32
187.112.41.58,1,32
190.195.27.95,1,32
118.3.182.252,1,60
89.215.211.74,1,40
24.80.206.205,1,32
109.223.229.176,1,32
176.226.73.214,1,32
69.44.29.128,1,32
184.154.41.201,1,32
1.249.102.77,1,40
119.69.173.243,1,32
213.185.11.147,1,32
203.144.150.66,1,40
46.41.228.113,2,100
173.51.33.146,1,32
61.149.122.141,1,32
122.135.185.4,1,32
122.212.12.170,1,60
54.227.48.114,1,32
90.21.229.83,1,32
149.144.5.50,1,60
218.108.155.17,1,32
220.151.173.76,1,52
52.227.116.37,1,109
151.150.186.147,26,16047
185.157.87.164,1,40
37.90.235.33,1,32
151.150.78.118,3,519
121.146.146.198,3,120
69.203.185.246,1,32
109.225.250.182,1,60
91.58.189.124,1,56
114.166.236.160,1,52
91.58.182.81,1,56
91.58.189.121,1,56
95.119.11.51,1,32
113.21.209.7,1,60
82.165.107.243,1,32
183.182.139.139,1,32
182.3.221.45,1,32
197.197.248.254,1,32
91.58.189.48,1,56
180.163.4.156,1,76
181.189.99.140,1,32
190.162.189.27,1,40
60.193.168.37,1,32
54.172.242.167,1,32
217.56.202.188,1,32
5.189.29.89,1,125
94.95.232.194,1,32
91.58.187.156,1,56
64.204.231.58,1,32
91.58.179.154,1,56
122.171.56.63,1,32
91.58.177.216,1,56
196.180.49.36,5,220
59.10.201.74,1,56
54.244.70.186,1,32
185.218.182.52,1,32
61.26.0.89,10,400
220.79.210.30,1,32
179.211.189.238,1,32
198.57.68.110,1,32
91.58.177.111,1,56
82.136.105.77,1,32
104.109.247.249,5,260
46.86.157.76,1,32
108.44.27.183,1,32
173.205.180.232,1,32
181.188.226.197,1,32
91.58.189.241,1,56
91.58.179.91,1,56
93.60.42.213,1,32
221.35.147.191,14,644
91.58.187.62,1,56
119.101.219.18,2,96
172.249.162.210,2,670
113.6.208.182,1,76
91.58.180.227,1,56
212.1.26.238,1,32
18.218.13.80,1,32
206.76.251.86,1,40
23.24.123.120,1,32
181.128.215.82,1,52
222.74.242.238,1,52
54.245.120.117,1,32
37.189.59.61,2,80
17.193.108.202,3,187
71.137.169.237,1,32
91.126.178.235,1,32
91.58.180.176,1,56
91.58.187.81,1,56
27.236.47.76,2,80
45.56.91.160,1,40
195.150.7.24,1,32
166.241.53.20,1,32
123.148.210.155,1,32
91.58.185.253,1,56
178.200.232.174,1,32
91.233.126.233,1,32
68.222.40.142,1,32
91.58.186.17,1,56
107.218.84.66,1,32
24.176.227.200,1,32
98.11.10.145,1,32
115.198.117.97,1,48
91.58.180.174,1,56
182.119.212.80,1,32
211.40.150.177,1,32
52.234.10.27,1,32
85.94.192.255,1,52
49.216.204.166,1,60
91.58.180.83,1,56
2.219.213.155,1,44
95.29.148.242,1,32
202.163.133.114,1,48
189.110.216.51,1,32
200.245.115.68,1,32
52.106.54.247,1,32
185.115.206.55,1,32
91.58.188.76,1,56
42.122.117.83,1,32
96.75.214.97,1,32
77.80.31.146,1,48
103.67.144.20,1,52
91.58.183.247,1,56
171.213.1.87,1,48
91.58.176.135,1,56
117.246.180.32,1,32
64.150.194.118,1,32
91.58.184.206,1,56
182.89.137.220,2,80
113.70.36.180,1,32
125.202.28.181,1,32
24.60.209.79,1,32
119.3.221.69,1,32
73.52.25.100,1,40
91.58.178.202,1,56
70.57.91.223,1,32
151.16.132.13,1,32
91.58.178.167,1,56
91.27.107.158,1,32
37.56.37.225,1,32
50.159.242.126,6,336
67.188.242.56,1,32
101.20.186.163,1,32
164.165.38.202,1,44
65.203.41.42,1,32
118.221.185.186,1,52
61.118.181.118,1,52
91.101.139.124,1,32
175.170.159.224,1,48
178.103.40.184,1,32
91.58.184.253,1,56
88.55.149.201,1,44
49.7.165.242,1,32
69.129.228.133,1,32
178.39.162.53,1,44
91.58.184.170,1,56
91.198.252.122,4,160
185.213.49.122,3,120
187.245.106.245,1,32
78.131.120.86,1,32
191.118.19.96,1,32
64.22.165.173,15,5320
80.169.7.86,1,44
17.180.89.95,7,708
114.227.83.107,1,40
52.93.149.3,1,32
70.24.34.200,1,32
162.0.38.201,1,32
84.117.185.8,1,32
174.245.61.107,1,32
198.30.221.112,1,76
183.122.58.47,1,48
184.98.221.49,1,32
197.28.103.51,2,88
113.70.72.222,1,60
47.1.90.154,1,32
75.179.163.39,1,32
77.193.151.200,1,32
5.108.157.47,1,32
77.85.147.178,1,44
211.169.88.91,1,32
61.112.37.181,1,32
92.246.26.173,1,32
91.45.24.228,1,40
150.249.35.113,1,52
125.74.155.239,1,32
109.52.30.84,1,32
14.244.246.207,1,52
50.5.157.198,1,32
118.238.248.22,1,48
184.150.221.91,1,32
188.211.75.32,1,32
12.131.71.138,1,32
121.155.183.231,1,32
208.32.42.238,1,32
180.90.94.24,1,60
83.126.57.226,1,32
122.168.195.147,1,32
98.55.73.206,1,32
179.217.201.152,1,32
180.191.183.9,1,32
117.226.63.105,1,40
200.226.5.141,1,48
183.188.23.182,3,958
122.212.95.255,2,80
46.13.225.14,1,32
37.245.184.188,1,40
95.169.237.114,1,32
79.191.186.13,1,32
183.98.189.39,1,32
188.28.158.241,1,40
111.93.107.204,1,44
173.244.216.46,1,32
187.82.243.145,1,44
216.47.227.168,1,32
91.51.89.223,2,100
195.195.203.102,1,32
189.210.253.2,1,32
158.81.180.80,1,32
71.230.250.247,1,40
112.10.90.219,1,48
114.200.58.221,1,58
66.190.69.113,1,32
181.116.240.46,1,40
191.17.118.94,1,32
218.7.182.127,1,56
79.136.181.76,1,32
174.157.84.91,1,32
117.199.194.241,1,32
185.34.15.97,1,40
125.35.4.30,1,44
195.161.34.234,1,52
185.153.196.40,1,32
178.23.133.68,1,32
126.175.251.127,1,32
84.101.201.154,1,32
216.189.234.89,1,60
71.199.136.34,1,32
183.65.82.62,1,52
219.95.236.251,1,32
1.228.24.93,1,32
95.167.207.66,1,32
117.234.80.133,2,104
73.135.154.67,1,32
81.97.35.168,1,32
201.98.44.212,1,32
113.124.225.157,1,52
188.182.101.102,1,32
47.110.2.183,1,32
186.219.234.88,1,32
1.30.235.206,1,32
202.228.117.198,10,3361
182.53.248.20,2,100
68.10.245.5,1,32
79.127.192.13,3,120
124.1.232.81,1,32
175.209.137.244,1,32
124.224.179.11,1,32
108.21.142.250,1,60
189.8.221.211,1,32
67.255.60.17,1,32
186.120.8.84,1,32
80.172.34.239,1,40
124.3.155.57,1,32
52.249.236.250,1,76
195.30.189.98,1,32
201.251.56.157,1,32
101.198.159.32,1,32
185.131.219.217,1,40
60.143.41.37,1,40
79.120.37.197,1,52
83.114.38.178,1,32
36.31.95.18,2,80
104.13.110.202,1,52
93.109.135.149,1,32
95.82.90.199,1,60
83.128.33.13,1,32
61.135.82.71,1,28
87.233.198.246,1,32
123.120.232.188,1,32
122.162.44.57,1,32
82.133.90.203,1,32
178.59.20.118,1,32
172.103.142.5,3,120
207.31.43.124,1,32
177.153.203.222,1,32
176.110.43.210,1,44
40.129.34.233,1,32
159.52.175.60,3,120
222.209.239.67,1,60
5.64.104.159,2,80
136.89.61.190,1,32
52.94.120.9,1,132
152.57.117.55,1,32
123.248.22.218,1,32
138.238.3.66,1,32
46.173.33.190,1,60
23.254.88.34,1,40
74.45.227.211,1,32
185.159.238.7,1,32
27.253.155.124,2,104
106.206.39.108,1,32
196.180.49.74,5,220
60.207.52.178,2,104
118.33.25.146,1,127
123.3.80.187,1,40
143.183.192.111,1,32
46.120.122.113,1,44
188.74.157.198,1,32
112.213.200.62,1,32
41.245.116.58,1,40
36.175.220.12,1,132
167.196.162.248,1,32
81.94.4.102,1,32
209.7.66.18,1,32
23.89.20.130,10,5198
175.219.26.207,1,32
173.193.152.18,1,32
192.125.88.119,1,32
197.48.68.150,1,40
123.173.245.187,1,60
108.130.230.26,1,32
182.11.183.131,1,32
45.73.104.43,1,52
221.29.105.47,1,32
62.192.171.127,1,32
62.211.193.24,1,32
42.242.116.117,1,52
194.246.102.123,1,32
94.198.40.88,1,40
197.61.183.118,1,40
125.172.117.110,1,32
187.86.223.105,1,32
179.163.58.212,1,32
60.21.176.243,1,48
103.18.73.10,1,84
118.33.25.145,4,2620
41.65.109.113,1,60
213.154.182.101,1,32
23.64.197.128,1,32
86.128.162.107,1,32
84.170.131.174,1,32
186.238.190.170,1,32
198.51.153.226,1,32
182.63.92.91,1,32
162.1.120.176,1,60
83.236.169.127,1,32
77.148.10.56,1,40
78.54.95.211,1,32
122.175.213.9,1,52
205.58.74.47,1,289
89.228.233.166,1,32
175.224.100.159,1,32
60.68.47.184,1,32
185.73.172.72,1,52
5.93.216.36,2,104
104.123.72.92,1,32
186.141.16.100,1,32
39.45.113.144,1,40
189.142.203.251,1,32
46.118.200.141,1,32
209.121.163.193,1,32
139.68.229.167,1,40
111.255.221.123,1,32
64.3.197.25,1,60
124.58.249.129,1,52
209.178.72.199,1,32
23.124.156.26,1,32
69.34.59.250,3,144
121.174.167.144,2,80
216.123.93.222,1,32
2.106.29.196,1,32
189.223.8.5,1,40
13.184.11.213,1,83
116.138.3.179,1,64
154.142.158.193,1,40
171.171.82.6,1,52
50.143.131.220,1,32
190.13.139.190,1,32
37.207.70.116,1,32
158.81.101.23,1,40
5.64.104.154,2,80
24.68.200.26,1,60
177.123.241.27,1,96
50.61.234.253,1,32
113.221.161.14,1,48
173.62.164.95,1,32
94.205.126.76,3,120
83.91.4.181,1,32
119.136.150.1,1,32
139.241.237.113,1,48
151.150.3.57,54,65166
222.153.171.90,2,100
167.126.162.8,1,32
184.113.37.110,1,32
68.97.159.233,1,56
109.61.125.143,1,40
94.161.171.160,1,32
220.199.193.8,1,58
90.114.44.114,1,32
62.181.29.121,1,32
47.40.99.4,1,32
156.42.103.255,1,40
104.178.116.158,1,60
60.80.173.112,1,76
79.129.71.131,1,32
162.12.122.42,1,32
74.101.129.30,1,40
204.141.74.53,2,80
61.100.206.74,1,60
80.221.78.76,1,56
116.20.142.59,1,60
66.82.84.245,1,32
109.174.113.56,1,60
80.143.69.92,1,40
216.131.176.252,1,60
171.50.155.139,1,52
112.134.186.57,1,32
103.31.158.190,1,40
212.220.214.19,1,32
159.231.77.198,1,32
41.58.72.76,1,32
39.91.235.242,1,32
79.251.229.226,1,32
113.105.114.27,1,52
123.254.40.243,1,44
123.183.250.35,1,60
23.85.12.6,1,52
114.49.233.64,1,32
75.165.99.24,1,32
178.224.38.237,1,32
176.199.43.141,1,32
82.29.187.53,1,32
113.216.103.79,1,48
88.135.148.123,1,32
120.107.134.223,1,32
2.251.99.225,1,32
94.209.83.171,1,32
178.28.148.75,2,80
62.206.198.74,1,32
98.66.34.212,1,32
59.120.215.236,1,32
111.165.99.247,1,32
68.183.70.206,1,32
197.43.12.95,1,32
74.106.162.119,1,32
87.159.98.220,1,32
80.139.151.250,1,32
59.3.167.55,1,32
187.106.194.141,1,32
85.199.218.38,1,32
78.189.43.204,1,32
88.142.226.0,1,32
139.173.130.252,1,40
114.62.234.101,1,76
123.185.63.187,1,40
61.200.103.201,1,32
60.31.161.80,1,60
87.68.132.194,1,32
46.150.90.217,1,32
2.160.0.71,1,32
65.179.7.100,1,32
58.70.22.177,1,32
68.36.171.197,1,32
1.23.157.123,1,32
41.209.85.208,1,32
79.112.60.60,1,32
177.62.123.6,1,32
156.40.173.147,1,40
177.148.242.178,1,40
116.30.237.126,1,58
182.101.68.40,1,48
192.89.61.237,1,32
58.50.92.114,1,32
49.204.150.198,1,32
121.65.65.208,1,32
92.128.171.21,1,32
60.156.151.194,1,60
94.13.37.160,1,32
84.158.93.208,1,32
218.205.93.135,1,32
178.19.204.20,1,32
186.196.75.178,1,32
49.218.228.189,1,60
67.49.119.177,1,32
221.224.85.254,1,32
88.87.155.21,1,32
151.59.196.9,1,32
114.40.33.177,1,40
212.96.151.245,1,40
202.228.117.199,10,3277
24.90.54.212,1,32
84.43.219.148,1,32
73.212.70.232,1,32
186.162.134.234,1,40
119.26.148.15,1,40
88.120.235.132,1,32
117.228.121.143,1,48
71.220.171.70,1,32
217.35.86.187,1,32
69.251.55.117,1,32
59.23.23.232,1,60
176.194.147.205,1,32
104.30.133.166,1,32
125.42.172.216,1,52
211.60.216.144,1,32
24.23.155.127,1,32
13.186.83.32,1,32
80.95.164.25,1,32
131.94.40.19,1,32
115.37.142.228,1,32
140.144.105.216,1,32
88.11.63.86,2,80
188.139.123.30,1,40
170.219.194.239,1,32
4.96.63.104,1,32
203.136.241.34,1,44
89.7.186.196,1,60
94.69.95.7,1,60
58.185.23.112,1,32
82.234.10.30,1,32
81.116.45.125,1,32
122.57.162.86,1,44
81.187.228.136,1,28
71.18.34.159,1,32
61.68.28.244,1,52
186.184.232.233,1,32
52.18.252.151,1,52
190.170.198.1,1,44
203.45.91.123,1,32
86.167.4.52,1,32
82.97.91.56,1,40
59.179.227.38,1,32
117.202.182.220,1,40
87.29.37.60,1,52
121.182.164.143,1,32
62.0.166.114,1,32
103.20.236.122,1,44
49.194.110.216,1,48
91.35.43.206,1,40
180.80.236.29,1,40
207.2.215.40,1,32
123.205.13.106,1,60
160.166.154.90,1,32
172.249.28.71,16,2645
82.57.211.226,1,32
122.224.69.12,1,52
179.170.0.6,1,32
121.108.253.242,1,32
182.177.18.124,1,40
89.228.93.187,1,52
1.72.170.0,1,32
139.145.96.53,1,32
50.212.107.145,1,32
65.167.93.124,1,32
105.188.45.168,1,32
61.28.192.93,1,40
149.148.32.221,1,60
24.126.220.142,1,32
211.180.235.21,1,32
67.238.201.19,1,32
24.210.141.254,1,40
182.89.137.202,9,4320
85.229.95.136,1,32
124.43.59.116,1,32
84.105.105.206,1,32
175.223.100.35,1,44
72.103.36.225,1,32
115.65.86.222,1,44
189.239.197.78,1,32
106.201.190.254,1,32
185.122.56.127,1,32
86.220.81.137,1,40
2.193.119.19,1,32
95.226.107.193,1,32
13.28.98.131,1,32
126.132.240.177,6,598
181.205.11.115,1,32
185.176.29.253,1,32
120.207.59.245,1,32
200.93.56.72,1,60
202.45.146.137,1,48
87.226.149.179,1,44
83.172.84.26,1,32
136.148.40.184,1,145
5.32.88.75,1,32
148.51.139.167,1,32
140.238.120.156,1,52
182.163.243.107,1,76
121.132.104.76,1,32
185.107.248.223,1,32
72.184.107.153,1,32
23.209.73.102,1,32
115.197.156.213,1,32
154.113.2.115,1,32
218.102.22.74,1,32
50.177.233.82,1,32
186.196.173.102,1,40
184.186.150.26,1,32
106.97.200.44,2,80
64.129.159.201,1,32
85.173.107.68,1,32
132.216.58.155,1,40
201.68.105.23,1,32
93.16.74.188,1,32
221.2.154.5,1,76
156.46.159.37,1,40
185.72.26.31,8,320
62.119.221.243,1,32
117.240.131.158,1,40
73.178.156.54,1,32
93.239.226.184,1,32
115.20.15.61,1,60
171.238.222.208,1,48
139.173.181.0,1,40
178.171.101.224,1,32
84.89.213.199,1,60
24.141.69.64,1,32
86.245.160.209,1,32
221.252.98.146,1,32
123.113.102.47,1,32
82.44.85.14,1,40
103.251.171.145,1,32
177.115.153.112,1,32
213.93.139.202,1,32
171.62.65.242,1,52
109.125.180.213,1,32
222.219.180.89,1,52
68.170.249.189,1,32
109.9.170.158,1,44
62.16.241.202,1,40
101.23.126.0,1,76
75.113.85.17,1,32
148.250.100.155,1,60
71.230.251.249,2,440
190.174.105.181,1,56
82.158.174.197,4,635
113.112.129.59,1,40
178.126.204.250,1,32
31.144.29.212,1,32
183.65.25.214,1,32
52.4.24.196,1,32
69.251.200.218,1,60
162.60.116.171,1,32
188.219.65.143,1,32
176.59.162.203,3,120
75.109.184.21,1,32
172.249.25.185,17,8570
125.146.128.133,1,32
89.138.15.109,1,32
172.25.218.189,1,32
152.35.89.105,1,32
121.176.37.67,1,40
13.31.235.77,1,76
151.231.22.87,2,88
89.20.216.71,1,32
201.25.155.38,1,32
213.242.52.74,1,32
61.116.32.119,1,104
75.157.15.138,1,32
186.104.167.98,1,32
190.158.43.82,1,32
38.115.218.51,1,32
46.224.171.57,1,32
104.48.160.102,1,32
195.5.115.126,1,60
116.186.98.80,1,32
186.244.93.118,1,32
118.202.105.135,1,32
71.26.54.16,1,32
175.173.158.133,1,32
203.19.124.100,1,44
202.233.58.145,4,224
78.16.218.197,1,32
38.158.220.79,1,32
77.85.178.97,1,44
51.60.122.104,1,29
49.81.116.177,1,32
190.150.128.252,1,32
197.242.164.224,1,32
104.39.99.80,1,32
105.191.46.235,1,32
89.116.198.7,1,32
188.28.165.241,1,32
212.207.44.189,1,40
81.152.93.40,1,32
185.233.100.69,1,32
178.178.91.118,1,32
14.98.215.169,1,32
198.160.26.141,1,32
108.171.99.131,1,32
24.115.221.215,1,32
152.91.56.100,1,32
79.231.76.62,1,32
188.135.127.253,1,56
31.113.147.79,593,832706
143.182.141.152,1,48
175.171.174.194,1,48
115.156.42.27,1,32
188.11.120.229,1,32
180.161.93.157,1,32
58.194.32.64,1,60
77.190.84.237,1,32
58.207.102.199,1,32
92.220.41.124,1,32
195.133.29.6,1,32
203.1.231.54,1,32
187.59.253.50,1,40
54.194.14.71,1,32
175.140.122.226,1,76
84.80.68.197,1,32
139.173.176.239,1,40
149.148.160.186,1,40
52.212.106.92,7,4134
114.246.23.65,1,32
188.126.138.228,1,32
52.249.15.32,1,76
139.173.72.83,2,80
78.182.113.98,1,32
37.123.204.229,1,32
190.240.221.141,1,32
12.160.155.129,1,32
39.12.189.14,1,32
178.223.233.190,1,40
113.119.125.112,1,76
88.11.63.91,2,80
72.182.225.22,1,32
151.150.187.189,2,104
24.25.157.238,1,32
103.49.110.221,1,44
179.205.171.207,1,32
113.126.173.138,1,52
178.92.10.35,1,32
42.235.163.122,1,32
139.173.136.244,1,40
50.55.185.142,1,32
24.236.230.149,1,32
164.128.52.177,1,32
41.171.21.43,1,44
83.133.154.157,1,32
60.87.53.90,1,60
87.116.43.158,1,56
178.223.105.187,1,40
220.121.124.143,1,40
13.228.185.65,8,5835
221.159.168.112,1,32
34.226.88.116,1,91
76.71.175.218,1,32
217.151.101.66,1,32
14.54.126.251,1,44
177.124.167.76,1,32
116.30.206.97,1,60
193.160.135.182,1,60
96.92.99.166,1,32
79.245.195.199,1,32
211.207.128.122,1,32
92.83.138.202,1,32
208.185.37.156,1,32
179.228.172.99,1,32
98.25.232.44,1,32
73.245.232.175,1,32
92.121.196.8,1,132
183.130.91.218,1,32
182.139.167.199,1,32
2.75.219.192,1,32
151.150.76.67,4,208
167.148.99.50,3,120
143.253.27.171,1,32
151.150.115.111,2,701
5.64.104.130,2,80
13.30.115.186,12,645
108.18.61.124,1,32
197.255.125.225,1,40
221.19.31.183,1,32
222.212.87.47,1,48
87.248.201.169,1,32
193.160.135.213,1,32
58.218.57.156,1,58
36.21.40.48,1,40
111.255.252.119,1,58
12.59.97.166,1,40
23.86.56.60,1,32
203.136.251.100,1,44
162.27.99.240,1,32
203.108.238.208,1,44
174.190.113.8,1,32
218.235.16.129,1,52
211.241.85.157,1,60
95.83.164.163,1,32
88.11.63.79,2,80
70.83.46.96,1,32
89.209.16.204,1,32
52.84.252.23,1,32
78.158.226.201,1,32
113.254.2.190,1,40
181.5.86.101,1,32
82.122.165.86,1,32
68.88.151.177,1,32
196.180.49.35,5,220
168.37.172.97,1,44
173.194.44.235,1,32
123.149.46.199,1,40
186.170.99.85,1,32
203.197.164.191,1,32
210.26.181.241,1,32
102.157.208.54,30,1596
17.192.250.191,1,105
201.231.221.9,1,32
123.113.251.48,1,76
95.186.12.35,1,32
108.33.117.108,1,32
73.166.235.68,1,32
173.221.210.100,2,109
139.173.157.40,1,40
31.163.160.152,1,40
74.193.127.96,4,218
188.64.235.49,1,32
121.122.121.38,1,40
80.53.22.72,1,60
222.218.70.34,1,52
95.242.208.45,1,52
88.11.63.69,1,40
94.15.86.55,1,48
178.222.54.253,1,40
74.193.127.245,3,170
182.189.164.180,1,32
211.58.242.118,1,32
113.116.164.82,1,48
34.214.243.193,1,32
125.244.189.1,1,48
188.24.199.135,1,40
114.56.24.158,1,32
60.21.162.94,1,32
187.199.99.214,1,32
196.4.241.134,1,60
73.24.122.225,1,32
59.19.59.100,1,32
27.45.164.116,1,32
123.210.238.192,1,32
96.199.151.38,1,40
5.64.104.137,2,80
144.252.108.79,1,58
64.160.77.51,3,132
202.118.191.155,1,96
131.231.39.56,1,52
151.25.152.195,1,32
142.161.25.145,2,80
217.234.183.200,1,32
189.209.127.242,1,44
27.127.186.45,1,40
14.237.133.231,1,32
189.53.68.207,1,40
189.138.19.211,1,32
14.225.226.122,1,52
217.107.135.203,1,32
195.250.227.19,1,32
118.195.137.47,1,32
88.237.236.56,1,60
162.12.5.31,2,80
103.73.159.38,1,40
68.31.228.203,1,32
46.233.154.252,1,32
46.82.149.129,1,40
109.62.151.227,1,32
54.143.12.45,1,32
177.203.29.130,1,56
154.57.41.243,1,32
116.167.139.58,1,32
94.243.29.250,1,32
200.157.39.223,1,40
138.58.116.94,1,32
119.58.52.116,1,60
96.71.67.133,1,32
104.80.227.21,1,32
66.183.169.248,1,32
13.161.234.128,3,197
73.43.10.124,1,32
142.161.201.125,3,120
5.172.146.229,1,40
213.243.166.213,1,40
201.2.30.108,1,44
209.188.97.225,2,88
119.207.41.154,1,32
112.30.41.68,1,52
79.115.162.230,1,32
213.124.184.226,1,32
109.117.128.111,1,32
101.121.24.221,1,32
119.64.164.37,1,32
112.38.48.6,1,76
202.163.156.38,1,56
41.24.85.212,1,32
73.47.26.191,1,32
183.99.220.137,1,32
101.8.150.249,1,32
106.205.242.224,1,32
180.85.92.11,1,32
192.120.220.93,1,32
121.122.25.30,1,32
59.160.186.154,1,48
80.159.220.147,1,32
79.168.137.61,1,40
175.239.87.189,1,32
46.227.189.27,1,40
79.170.46.93,1,32
188.66.215.111,1,32
80.240.52.154,1,32
80.157.216.169,1,32
206.172.84.13,1,32
42.60.45.15,1,40
138.208.38.169,1,40
88.11.63.93,3,120
52.227.116.36,1,52
93.44.118.102,1,32
192.28.78.46,1,40
165.162.132.188,1,60
217.214.228.223,1,32
46.185.110.245,1,40
39.25.95.62,1,60
75.168.151.130,1,32
69.136.233.92,1,32
166.239.10.186,1,32
189.64.150.132,1,32
60.57.224.182,1,40
176.1.141.203,1,32
109.20.222.183,1,40
185.4.169.157,1,32
112.251.231.227,1,32
46.64.250.30,1,32
71.61.227.23,1,32
109.68.206.25,1,32
66.93.233.100,1,48
50.226.42.85,1,32
34.200.117.155,1,223
182.135.248.28,1,52
202.100.222.128,1,44
185.72.27.61,8,320
68.144.40.247,1,32
68.211.91.61,1,32
211.89.255.234,1,52
201.52.187.196,1,40
51.61.206.239,1,60
84.53.12.83,1,40
113.54.73.163,1,52
113.155.169.138,1,76
218.12.188.184,1,32
85.10.145.222,1,52
112.178.151.30,1,32
118.61.196.201,1,32
61.224.59.86,1,40
183.121.78.132,1,48
81.161.33.13,1,32
41.130.225.138,1,32
66.91.58.255,1,32
117.105.11.89,1,52
76.208.23.119,1,32
74.201.161.197,1,60
81.63.15.171,1,60
96.9.218.202,1,32
79.67.250.120,1,32
79.23.29.51,1,32
212.114.169.182,1,32
50.244.37.14,1,32
86.119.70.248,1,32
196.180.49.31,4,176
134.214.229.157,3,120
186.22.43.209,1,40
24.122.233.177,1,32
17.157.186.245,3,171
195.5.126.190,3,180
189.116.197.179,1,32
73.123.103.35,1,32
188.217.26.118,1,32
125.193.22.161,1,32
118.30.163.197,1,48
164.48.28.77,2,80
217.178.79.23,1,64
174.136.25.110,1,32
119.69.59.102,1,76
185.27.39.14,1,32
190.10.80.140,1,32
156.34.100.240,1,40
124.237.110.238,1,52
88.11.63.77,2,80
197.43.232.44,1,60
182.103.76.131,1,52
82.112.150.180,1,32
103.156.81.121,2,100
174.116.165.94,1,32
24.158.18.254,1,52
182.133.74.229,1,52
221.2.64.95,1,48
59.162.230.117,2,80
190.173.190.63,1,32
67.216.23.156,1,32
186.51.75.147,1,40
34.211.107.169,1,32
90.20.27.146,1,32
70.173.125.190,1,32
88.11.63.81,1,40
27.33.139.8,1,40
98.54.217.80,1,32
104.120.156.140,1,1378
156.49.34.158,1,32
111.65.215.125,1,32
52.246.5.95,1,32
197.56.208.255,1,40
213.164.119.201,1,32
206.175.216.185,1,60
52.224.174.171,7,4535
156.46.189.0,1,40
46.26.189.174,1,32
176.6.194.252,1,32
88.89.101.89,1,32
120.146.92.10,1,76
125.162.29.206,1,60
125.8.232.223,1,40
206.216.230.121,1,32
116.177.169.10,1,32
177.198.68.119,1,32
203.15.121.21,1,48
61.60.87.99,1,32
83.158.9.33,1,58
14.204.253.246,1,76
218.230.87.235,1,32
27.38.247.94,1,60
115.120.236.121,1,32
35.90.3.154,3,184
4.127.102.139,1,32
13.161.234.208,1,52
221.7.81.50,1,60
160.66.161.49,1,56
187.221.59.247,1,32
97.6.125.28,1,56
200.101.93.198,1,40
98.26.138.63,1,32
188.183.100.248,1,32
118.199.52.158,1,40
186.165.250.208,1,32
46.103.90.225,1,32
77.35.69.163,1,32
67.177.152.58,1,32
46.42.85.31,2,80
78.96.93.204,1,44
78.251.71.189,1,40
138.196.117.52,1,32
160.167.99.3,1,32
172.83.107.110,1,32
103.39.248.190,1,40
35.28.164.101,6,741
76.65.166.157,1,32
220.165.179.36,1,48
78.63.201.131,1,32
95.32.190.192,1,32
110.105.107.90,1,32
84.51.43.131,1,32
114.167.22.11,1,40
187.52.220.85,1,32
114.34.10.58,1,40
14.27.61.172,1,60
37.67.34.112,1,52
218.193.128.241,1,52
50.218.2.205,1,32
220.161.131.179,1,60
5.71.162.157,1,32
54.46.132.59,1,32
59.68.84.221,1,32
65.251.25.212,1,32
34.254.219.20,1,32
47.121.240.179,1,40
221.144.88.158,1,32
116.27.95.64,1,32
1.221.55.97,1,32
158.81.69.12,1,40
73.94.67.75,1,32
211.41.17.8,1,40
41.215.29.248,1,32
68.21.23.252,1,32
218.128.12.186,1,136
183.172.254.191,1,52
24.169.206.249,1,40
68.38.151.43,1,32
83.196.119.187,1,40
95.208.66.39,1,32
82.167.86.42,1,32
5.141.27.62,1,32
73.9.35.186,1,32
128.78.227.242,1,40
139.173.66.80,1,32
172.249.29.74,11,1767
61.102.180.188,1,32
98.112.119.244,1,32
38.145.37.27,1,32
139.173.141.211,2,80
184.26.72.158,1,32
76.92.169.112,1,32
52.94.7.100,1,32
189.244.71.122,1,52
189.140.201.191,1,32
103.44.13.17,2,104
221.4.108.180,1,40
37.17.210.181,1,40
45.170.28.54,1,32
125.246.253.182,1,48
222.120.45.142,1,60
115.207.41.97,1,32
68.22.154.241,1,32
220.158.111.81,1,40
85.62.27.165,1,32
73.18.177.42,1,40
106.32.71.205,1,32
178.49.75.221,1,32
103.102.87.24,1,40
104.102.165.253,1,32
27.226.250.155,1,32
107.12.218.65,1,32
17.90.231.200,1,40
92.247.228.2,1,32
212.217.147.11,2,100
1.14.58.120,1,44
198.128.155.72,1,32
220.146.189.18,1,32
46.107.85.30,1,52
200.120.100.18,1,32
177.208.138.207,1,32
125.162.159.74,1,76
151.18.134.131,1,32
84.16.220.14,1,32
67.174.233.226,1,32
35.64.88.21,1,52
113.8.21.207,1,52
42.180.2.248,1,32
87.126.98.191,1,32
1.1.193.6,1,40
123.159.111.117,1,32
88.92.126.5,3,120
173.219.101.194,1,32
189.43.187.47,1,40
54.34.143.166,1,32
112.134.34.186,1,32
103.252.234.195,1,96
209.185.36.200,1,32
207.253.58.72,1,32
47.142.242.124,1,44
117.33.188.206,1,32
13.161.234.253,1,40
58.100.191.170,1,52
185.157.32.65,1,40
41.211.82.56,1,32
81.125.35.130,1,32
45.22.103.155,1,32
125.72.88.129,1,32
66.13.134.103,1,32
88.11.63.89,3,120
84.164.167.174,1,32
46.5.244.118,1,32
167.14.133.191,1,32
206.164.98.250,1,32
223.21.38.210,1,32
116.173.197.228,1,32
81.137.227.118,1,32
170.149.36.185,1,32
178.56.200.164,1,32
109.201.84.11,1,32
92.10.69.25,1,32
200.39.84.90,1,32
88.201.189.67,1,32
46.108.55.17,1,32
124.229.163.210,1,32
139.173.128.224,2,114
61.145.99.173,1,32
107.148.84.105,1,32
75.247.22.182,1,32
121.137.151.220,1,40
72.107.214.99,1,32
24.106.123.90,1,40
212.121.165.36,1,32
185.72.218.212,2,80
47.82.102.95,1,32
179.31.120.158,1,40
27.198.21.69,2,88
61.113.35.21,1,32
73.14.242.121,1,32
63.200.91.3,1,32
122.151.107.207,1,32
201.213.71.102,1,40
173.161.104.157,1,32
189.153.21.130,1,60
74.193.127.183,158,214541
91.19.243.61,1,109
64.213.215.46,1,32
123.202.163.47,1,40
109.164.98.145,1,32
190.205.226.99,1,32
97.56.250.76,1,32
212.28.12.196,1,56
41.173.252.203,1,40
69.217.119.26,1,32
191.144.41.215,1,32
219.110.3.31,1,32
98.233.84.76,1,44
47.152.61.181,1,32
121.88.47.118,1,60
180.160.100.88,1,32
80.249.90.70,1,32
176.248.164.178,1,32
46.234.223.67,12,999
166.176.247.128,1,32
110.53.242.36,1,32
222.223.229.61,1,76
201.182.245.91,1,32
49.242.6.128,1,76
179.145.200.169,1,32
183.143.151.231,1,32
92.199.127.43,1,32
27.40.246.221,1,48
86.192.61.58,1,32
23.112.165.111,3,187
95.45.217.111,1,32
84.58.129.253,1,32
89.113.61.30,1,60
13.180.12.99,1,32
213.236.166.211,1,32
67.5.227.92,1,32
171.57.251.39,1,52
178.244.212.50,1,32
178.222.78.60,1,40
113.22.223.52,1,52
151.44.237.146,1,44
82.15.41.32,1,32
188.17.201.221,1,32
178.45.127.9,1,60
78.0.27.5,1,32
221.0.142.204,1,52
156.41.125.133,1,40
45.46.233.187,1,32
2.252.36.143,1,32
85.16.125.144,1,52
191.118.61.2,1,32
177.149.130.6,1,44
110.206.60.29,1,48
79.105.236.84,1,40
62.204.114.231,1,32
60.76.170.202,1,52
210.56.249.207,1,32
79.18.178.72,1,32
173.171.224.209,1,32
103.192.235.218,3,120
114.4.60.199,1,32
188.179.45.172,1,32
114.174.18.128,1,40
201.243.249.55,1,40
79.126.86.205,1,32
87.34.40.227,1,32
87.183.203.46,1,60
195.69.190.201,1,56
1.34.38.154,1,32
90.24.23.19,1,32
222.129.199.72,1,32
5.64.104.149,3,120
113.216.13.123,1,32
186.42.176.254,1,40
61.128.117.56,1,32
219.118.214.78,1,60
221.40.216.88,1,40
119.190.22.182,1,52
131.46.113.255,1,32
65.169.116.223,1,32
208.103.47.47,1,32
69.98.163.221,1,32
84.146.253.28,1,32
190.186.54.174,1,40
39.56.184.197,1,32
116.188.166.236,1,32
81.246.171.164,1,32
52.250.140.66,1,76
113.53.204.88,1,60
113.159.145.209,1,124
187.73.102.249,1,32
212.98.177.139,1,32
27.180.156.42,1,32
13.205.224.244,1,76
190.105.119.92,1,32
122.7.23.215,1,32
180.108.1.167,1,60
92.195.75.91,1,32
84.122.164.249,1,32
31.173.56.85,1,32
5.190.173.32,1,40
184.68.232.247,1,32
71.73.86.221,1,32
81.244.41.43,1,32
141.42.29.31,1,40
27.241.252.40,1,48
42.184.180.104,1,132
185.111.199.57,1,40
23.235.151.23,1,32
114.60.165.102,1,52
1.62.88.136,1,32
2.242.133.119,1,32
23.65.35.9,1,32
92.202.227.54,1,40
126.180.26.129,1,32
107.150.86.163,1,32
73.101.60.136,1,40
71.215.11.236,1,32
109.0.10.81,1,32
86.183.171.63,1,32
35.101.221.82,1,32
81.18.109.69,1,32
42.87.9.180,1,32
115.201.188.43,1,60
1.251.188.26,1,40
108.91.185.10,1,32
71.55.233.220,1,32
118.3.120.118,1,40
27.241.96.214,1,52
93.62.201.72,1,32
47.244.11.189,3,252
175.218.196.142,1,32
191.241.140.20,1,56
81.217.227.149,1,32
211.0.139.193,1,32
189.9.228.74,1,32
117.199.154.167,3,132
121.122.145.66,1,60
117.100.17.53,1,48
112.50.183.24,1,32
220.252.215.13,1,32
118.134.108.229,1,40
14.206.213.137,1,32
190.39.8.30,2,88
202.112.43.45,1,40
98.100.93.152,1,32
65.130.103.157,1,32
189.13.148.241,1,32
82.132.219.36,1,32
173.176.138.94,1,32
14.34.54.95,1,32
178.190.190.144,1,32
178.167.193.248,1,32
159.153.177.173,1,40
186.39.73.4,1,32
85.106.184.133,1,32
109.106.130.133,1,32
159.137.143.195,3,120
66.253.71.66,1,32
184.168.4.4,1,32
14.100.113.106,1,32
79.170.177.47,1,60
77.45.36.208,1,32
217.133.32.13,1,32
73.134.100.161,1,32
108.64.118.107,1,40
189.31.211.147,1,40
114.96.100.58,1,48
105.218.232.199,1,32
202.112.44.154,1,40
173.108.163.60,1,32
89.169.47.79,1,32
110.103.168.132,1,60
80.163.56.5,1,32
106.97.209.121,2,80
190.8.109.113,1,32
4.45.232.166,1,32
18.208.227.224,1,32
203.105.31.99,1,32
200.188.167.111,1,60
123.17.180.232,1,52
96.213.231.153,1,32
160.169.69.253,1,32
131.121.50.255,1,40
139.173.143.250,1,40
221.105.210.210,1,60
221.142.156.46,1,60
179.72.61.187,1,32
117.52.20.117,1,132
75.93.154.187,1,32
49.119.47.50,1,56
50.4.100.145,1,32
80.0.164.114,1,44
148.59.139.131,1,32
111.166.161.151,1,32
124.156.158.198,1,32
61.173.123.181,1,32
98.251.37.128,1,32
24.9.66.239,1,32
124.124.107.10,1,32
196.180.49.30,3,132
83.156.39.252,1,40
154.201.199.49,6,576
182.116.78.234,1,48
91.93.180.214,1,44
95.96.134.160,1,32
64.70.192.167,1,40
31.163.34.112,1,40
84.62.197.0,1,32
62.180.27.87,1,32
90.113.158.66,1,40
73.209.59.108,1,32
116.179.152.26,1,52
46.190.138.5,1,32
95.116.67.74,1,32
116.197.163.73,1,32
120.167.187.129,1,32
61.52.88.124,1,32
200.45.69.17,1,32
86.218.102.93,1,32
217.17.228.18,1,32
76.231.91.113,1,32
118.33.54.194,1,40
222.75.172.115,1,32
119.240.74.236,1,32
192.203.173.33,4,3192
31.145.227.0,1,32
78.41.218.122,1,32
182.181.104.161,1,32
74.26.113.253,1,60
1.196.170.242,1,40
211.17.182.15,1,131
75.166.102.204,1,32
2.21.106.239,1,32
104.236.24.214,1,32
218.204.99.84,1,32
191.110.191.25,1,32
191.144.186.93,1,32
168.250.120.87,1,32
211.144.200.77,1,40
162.138.60.133,1,32
182.53.65.67,1,58
109.36.165.138,1,32
177.241.125.162,1,32
118.238.59.78,1,58
67.15.22.138,1,32
200.69.167.201,1,32
208.117.113.3,1,32
187.222.121.52,1,32
88.143.36.53,1,32
71.230.143.40,1,58
180.138.58.67,1,32
181.66.202.57,1,40
216.141.97.108,1,32
139.170.185.54,2,104
59.120.68.14,1,40
52.224.124.54,1,32
159.137.197.133,2,80
46.185.80.41,1,40
4.32.161.114,1,32
72.22.245.42,1,32
79.207.165.204,1,32
24.40.99.142,1,32
54.223.195.100,1,32
188.215.244.130,1,32
206.179.68.14,1,60
113.46.42.192,1,48
1.22.131.29,1,32
13.31.57.224,1,76
61.73.95.30,1,40
186.199.166.81,1,32
213.3.197.85,1,32
209.115.86.19,1,32
173.179.84.71,1,60
182.157.79.131,1,40
154.236.253.76,1,32
211.160.147.173,1,60
58.206.177.30,1,32
120.204.191.181,1,32
115.134.192.206,1,32
63.196.254.107,1,30
181.61.28.159,1,32
27.48.118.101,1,52
172.249.30.182,21,20535
196.244.43.45,1,32
54.216.230.115,1,32
46.238.221.120,1,32
40.128.60.181,1,32
84.159.27.80,1,32
79.208.70.239,1,32
179.87.126.75,1,32
125.14.244.150,1,32
191.209.100.152,1,32
27.98.2.70,1,32
97.47.26.214,1,32
23.195.162.26,1,32
27.240.190.139,1,32
196.254.34.235,1,32
88.250.233.243,1,32
41.211.213.52,1,32
154.168.71.209,1,32
190.40.105.220,1,40
45.211.162.28,1,32
62.51.47.207,1,32
27.39.150.99,1,32
139.141.2.177,1,32
80.24.225.226,1,52
87.190.218.237,1,32
110.88.103.45,1,32
202.92.60.85,1,46
180.11.127.41,1,40
5.198.169.181,1,32
113.155.83.147,1,40
148.19.66.145,1,60
110.249.236.206,1,71
123.185.183.201,1,52
60.67.232.54,1,32
86.220.26.125,1,40
104.243.199.124,14,16729
151.203.42.138,1,44
2.209.114.163,1,40
14.182.60.27,1,52
194.194.98.229,1,32
73.7.74.51,1,32
71.93.162.6,1,32
185.177.27.126,1,32
3.150.249.189,1,32
220.75.133.16,1,32
74.221.60.185,1,32
106.88.230.12,1,32
104.164.86.202,1,32
89.154.185.229,1,32
71.62.24.87,1,32
190.75.227.246,1,32
45.40.134.72,1,60
2.107.227.93,1,32
61.164.141.251,1,32
93.48.197.163,1,32
71.211.90.221,1,32
113.63.124.10,1,48
82.62.248.72,1,40
179.82.135.152,1,40
2.207.86.123,1,32
58.43.123.202,1,32
216.68.133.145,8,1163
90.25.232.46,1,32
213.201.207.27,1,44
220.3.214.184,1,32
178.5.99.87,1,32
64.190.122.180,1,32
104.248.178.161,2,80
91.22.203.186,1,109
52.235.75.18,1,32
184.19.216.136,1,32
177.235.50.20,1,32
216.241.117.66,1,32
189.148.114.83,1,32
105.47.62.63,1,32
89.145.156.221,1,32
59.24.214.20,1,32
103.204.93.109,9,3915
23.59.88.69,1,32
80.92.119.150,1,32
113.61.221.131,1,52
71.230.143.41,3,120
125.163.66.158,1,32
172.103.179.227,1,40
121.137.131.155,1,32
152.89.95.164,1,40
185.92.155.37,1,60
210.7.193.127,1,32
117.64.159.247,1,32
58.213.94.181,1,40
122.45.10.82,1,32
61.85.118.106,1,48
98.59.196.153,1,32
121.88.53.68,1,52
47.124.74.92,1,32
89.200.58.45,1,32
136.88.35.206,1,32
191.122.174.229,1,44
156.58.34.72,1,40
113.20.27.73,1,48
186.31.31.81,1,32
68.97.152.57,1,32
64.228.167.58,1,32
49.96.234.113,1,40
12.184.56.246,2,163
188.99.151.69,1,32
96.2.45.189,2,282
81.93.232.104,1,32
27.250.179.250,1,52
62.101.76.49,1,56
216.68.133.188,9,1507
191.73.228.136,1,32
1.39.130.120,1,32
189.79.225.178,1,32
187.85.117.162,1,32
210.14.54.55,1,32
52.250.121.160,1,76
189.197.112.38,1,40
213.95.118.44,1,32
84.240.232.193,1,32
190.63.101.120,1,32
219.105.161.80,1,32
157.223.41.244,1,52
125.34.90.33,1,44
190.157.135.73,1,32
186.181.228.183,1,32
72.149.150.4,1,32
115.46.118.82,1,52
92.33.150.233,1,32
128.182.42.253,1,60
108.63.116.162,1,32
75.146.187.61,1,32
87.61.235.108,1,40
37.25.169.2,1,32
79.52.26.253,1,32
63.145.78.255,1,60
102.103.193.69,1,32
180.99.247.49,1,58
119.75.168.113,1,32
73.252.31.111,1,32
175.205.5.19,1,40
151.188.143.142,1,44
114.203.112.49,1,48
172.249.28.127,26,32026
84.183.180.85,1,32
112.23.3.155,1,32
188.175.96.131,2,80
37.17.161.217,1,40
35.89.24.97,1,32
114.243.128.95,2,88
49.199.33.175,1,40
112.37.11.24,1,76
141.253.205.133,1,32
34.248.175.81,1,32
42.56.243.210,1,48
78.242.232.127,1,32
108.2.181.84,1,32
73.199.85.161,1,32
47.218.245.108,1,40
171.61.56.186,1,40
218.89.144.43,1,40
37.17.210.204,1,40
41.32.174.85,1,40
220.180.228.16,1,32
88.57.56.123,2,88
182.222.10.81,1,32
61.88.13.195,1,32
183.194.224.17,1,32
65.123.151.202,1,32
99.187.125.96,1,32
14.117.61.162,1,32
201.248.202.177,1,32
182.191.152.52,1,32
60.76.25.134,1,32
157.42.66.218,1,40
41.167.171.59,1,40
184.14.91.197,3,326
49.198.60.251,1,32
23.80.174.176,2,220
82.98.117.103,1,32
54.48.222.138,1,76
23.62.94.214,1,32
84.181.16.133,1,40
112.167.75.48,1,32
13.176.28.247,1,40
61.82.249.167,1,32
92.255.22.127,1,32
23.225.161.99,1,32
185.12.25.229,3,180
103.199.161.118,1,32
185.143.197.182,1,32
68.81.133.150,1,32
218.196.106.167,1,48
195.33.252.49,1,32
177.35.160.112,1,44
180.80.94.137,1,52
196.36.218.255,1,40
171.215.169.216,1,32
35.24.147.176,1,93
38.114.59.13,1,32
24.187.232.182,1,32
34.212.141.55,1,32
41.171.72.117,1,32
190.243.140.183,1,40
88.237.242.8,1,56
126.158.164.213,2,96
81.50.233.120,1,32
77.81.84.136,1,32
70.92.253.100,1,32
80.27.131.58,2,88
190.144.219.109,1,32
39.40.121.75,3,120
85.110.131.101,5,200
118.85.22.94,1,40
81.215.142.21,1,40
108.91.203.46,1,32
108.73.145.32,1,52
192.242.104.29,1,32
94.198.81.143,1,40
85.175.166.217,1,32
217.11.73.183,1,60
87.76.66.88,1,44
83.250.206.109,1,40
209.153.11.182,1,32
139.173.134.7,4,160
2.102.71.118,1,52
148.62.165.72,1,32
219.14.222.94,1,32
197.130.192.235,1,40
113.203.8.5,1,60
113.180.7.56,1,44
31.216.238.127,2,463
206.64.83.66,1,56
200.164.72.187,1,32
24.79.220.164,1,32
54.252.97.22,1,32
90.113.158.3,2,80
42.105.88.132,1,60
116.133.62.164,1,132
198.128.228.150,1,152
200.79.244.162,1,40
218.252.62.46,1,132
126.196.93.49,1,48
73.10.33.110,1,32
104.48.71.14,1,32
84.57.245.7,1,32
186.79.96.2,1,32
60.144.199.125,1,32
89.178.129.56,1,32
107.174.152.171,1,32
39.8.228.90,1,40
128.182.42.200,1,32
192.252.94.97,1,787
187.107.91.85,1,32
50.154.64.107,1,32
52.249.150.151,1,76
114.48.86.9,1,32
115.213.125.14,1,32
121.152.79.73,1,56
120.169.114.73,1,32
23.80.174.162,2,216
181.28.34.121,1,32
52.233.86.210,1,32
211.186.131.79,1,32
197.132.199.137,1,32
86.228.139.54,1,44
130.146.186.212,1,32
105.34.195.69,1,32
5.38.79.131,1,32
82.183.151.101,1,32
108.54.13.167,1,32
139.218.163.155,1,32
196.180.49.2,7,308
222.142.75.191,1,32
139.43.187.53,1,32
42.232.102.161,1,32
152.51.186.43,1,32
124.42.105.55,1,48
5.235.219.178,1,40
90.77.252.176,1,32
180.15.88.178,1,48
209.110.186.189,1,32
52.255.70.122,1,76
68.74.5.82,3,208
106.55.187.18,1,48
221.46.173.78,1,60
92.90.18.170,1,32
78.115.231.48,1,32
49.204.240.218,1,48
209.236.104.206,1,32
149.184.130.119,2,80
187.235.218.162,1,32
195.219.120.132,2,80
187.97.94.238,1,52
66.152.89.231,1,32
35.84.57.179,2,135
14.164.182.215,1,52
17.147.81.27,2,143
17.199.30.18,1,52
202.15.153.50,1,32
71.33.250.76,1,32
18.253.138.0,1,32
217.252.242.147,1,32
217.178.79.27,4,221
58.37.77.252,1,32
112.139.151.22,1,32
191.251.26.249,1,44
79.215.197.121,1,32
80.135.99.226,1,32
104.243.199.197,2,397
36.164.81.90,1,60
40.137.22.230,1,32
66.90.187.136,1,32
93.234.217.228,1,32
193.20.231.17,1,32
118.29.251.50,1,32
83.89.102.51,1,32
201.13.192.230,1,32
173.249.16.203,2,250
183.104.214.53,1,32
118.63.223.11,1,32
216.122.34.65,1,32
181.214.140.50,1,32
71.19.219.169,1,32
52.54.181.110,12,7160
47.80.157.1,1,40
78.57.44.8,1,32
37.110.65.253,1,52
89.214.250.27,1,40
210.53.242.237,1,32
23.66.54.63,1,148
31.96.150.61,1,32
67.128.87.27,1,32
90.113.157.73,1,40
201.213.201.67,1,40
189.117.219.190,1,32
61.127.215.56,1,32
98.10.251.127,1,32
203.92.124.253,1,32
23.83.227.118,5,709
34.204.138.42,1,32
134.214.83.31,4,160
119.53.59.57,1,322
42.89.133.168,1,132
218.138.124.32,1,48
119.66.97.143,1,32
87.14.35.107,1,32
172.249.30.150,5,426
175.240.202.189,1,32
177.154.57.34,1,32
178.222.76.189,1,40
190.241.92.138,1,32
173.233.156.50,2,192
5.236.145.13,1,32
91.50.37.110,1,32
196.216.243.119,1,60
160.84.234.196,1,76
186.41.19.174,1,60
96.42.152.78,1,32
188.75.156.61,1,32
64.65.232.82,1,96
104.90.23.213,1,32
211.200.113.216,1,40
27.52.219.126,1,76
80.185.165.125,1,32
185.59.180.118,2,100
37.192.202.96,2,104
87.100.39.29,1,32
111.175.150.207,1,32
108.93.160.243,1,32
218.131.213.47,2,80
216.68.133.205,1,52
91.248.150.65,1,32
83.193.78.169,2,80
105.186.182.56,1,32
128.36.135.4,1,52
119.11.215.170,1,32
59.48.183.49,1,44
174.195.11.182,1,32
203.36.89.140,1,40
100.236.132.244,1,32
176.59.239.10,1,44
156.35.177.82,1,40
218.105.217.123,1,32
123.123.133.37,1,58
73.232.10.93,1,32
98.4.5.248,1,32
66.191.97.83,1,32
177.167.234.142,1,32
76.79.99.177,1,32
120.170.146.68,3,180
109.224.34.202,1,32
126.187.133.172,1,40
182.65.189.30,1,32
65.210.183.106,1,32
104.103.36.21,1,32
24.97.10.163,1,32
136.148.47.132,12,4552
68.71.100.237,1,32
79.3.133.151,1,32
104.54.74.24,1,32
203.81.179.247,1,56
198.47.90.98,1,32
73.139.151.74,1,32
117.205.238.215,1,52
68.29.231.210,1,32
34.227.58.3,1,32
197.167.48.93,1,40
77.179.65.52,1,32
176.208.164.204,1,52
105.143.154.155,1,32
77.173.116.193,1,32
172.249.25.188,1327,1820092
14.49.218.19,1,32
151.240.23.105,1,32
27.213.193.66,1,52
82.72.233.244,1,32
195.63.102.155,1,32
172.249.25.191,1,52
80.225.143.185,1,44
216.68.133.149,6,497
87.86.134.220,1,32
86.67.104.147,1,64
82.123.163.73,1,32
180.96.21.163,1,60
173.249.49.75,1,125
213.62.181.213,1,40
67.196.5.145,1,32
109.29.104.209,1,32
151.188.133.108,1,32
162.24.159.235,1,32
220.10.32.120,1,32
104.199.85.97,1,32
100.251.168.251,1,32
41.173.20.19,1,40
50.14.151.238,1,32
90.47.98.128,1,32
106.119.152.58,1,32
95.239.156.66,1,32
108.147.3.201,1,32
68.172.156.206,1,32
77.188.137.51,1,32
103.98.112.53,1,52
37.192.66.167,1,40
110.200.26.12,2,88
179.26.58.108,1,32
120.132.119.189,1,32
175.49.141.48,1,32
108.210.142.178,1,126
189.84.130.35,1,32
120.147.44.145,1,76
35.89.20.23,26,22556
93.29.104.155,1,32
14.38.254.47,1,40
41.217.27.229,1,32
86.191.27.7,1,32
175.208.136.139,1,32
47.51.66.250,1,32
222.133.10.201,1,32
200.5.23.170,1,32
182.118.58.106,1,32
104.166.202.61,1,32
108.60.246.233,1,32
82.161.238.25,1,32
188.171.59.4,1,52
96.108.184.94,1,56
75.97.81.19,1,32
77.213.4.18,1,32
189.222.54.160,1,32
211.106.112.158,2,80
179.232.14.126,1,40
121.48.170.30,1,32
105.100.25.40,1,32
189.222.166.221,1,32
91.178.229.191,1,32
201.230.36.26,1,32
82.137.169.170,1,32
123.189.74.255,1,52
88.51.217.45,1,40
89.199.67.26,5,440
68.223.54.53,1,32
147.128.15.91,1,60
151.208.239.85,1,32
83.116.254.4,2,100
181.160.164.30,1,40
85.101.164.72,1,32
184.18.18.94,1,40
5.247.238.254,1,32
23.100.141.43,4,215
104.248.65.1,1,40
114.193.252.128,1,40
42.90.142.58,1,76
121.101.86.140,1,32
150.10.87.142,1,32
109.147.240.162,1,32
162.216.97.27,1,32
182.10.169.119,1,32
220.190.9.170,1,32
2.20.180.184,1,32
94.94.232.249,1,32
160.160.176.231,1,32
125.150.187.230,1,32
82.186.5.194,1,32
104.161.88.255,1,32
183.157.181.156,1,32
211.73.154.134,1,60
123.165.196.188,1,52
14.92.27.175,1,60
85.206.23.94,1,32
115.227.145.91,1,60
201.64.19.175,1,32
202.230.247.61,1,32
222.247.88.243,1,32
223.12.84.4,1,32
188.60.232.98,1,32
112.48.255.70,1,248
60.143.196.38,1,32
125.35.139.252,1,44
213.229.92.106,1,32
189.227.74.221,1,32
104.109.213.107,4,246
87.19.233.114,1,32
83.105.224.39,1,44
92.17.197.61,1,32
64.122.158.32,1,52
61.88.96.94,1,40
76.146.158.2,1,32
35.52.244.19,1,92
220.203.127.172,1,76
144.114.129.210,1,32
86.141.233.233,1,32
86.190.154.116,1,32
75.120.87.186,1,32
180.157.141.67,1,32
83.132.91.73,1,32
61.210.243.94,1,32
202.162.164.98,1,32
59.0.156.61,1,32
13.204.227.252,1,32
194.51.218.35,1,32
5.40.169.199,1,32
108.49.197.31,1,32
45.56.94.238,3,120
122.32.139.227,1,52
24.40.139.74,1,32
24.238.26.119,1,32
114.243.212.171,1,44
80.195.139.250,1,40
179.83.69.104,1,32
216.211.35.53,2,198
77.157.156.116,1,32
130.212.37.88,1,32
122.118.125.182,2,96
13.161.169.160,1,52
170.197.180.124,1,32
183.148.51.240,1,40
201.59.54.128,1,32
23.226.163.236,1,32
82.118.161.103,1,32
84.180.234.27,1,40
160.120.28.132,1,32
46.236.104.157,1,32
105.43.105.211,1,32
177.140.87.176,1,32
167.139.2.51,2,80
64.216.131.189,1,32
49.210.243.29,1,60
82.21.74.21,1,32
62.174.11.42,1,60
220.50.29.212,1,32
220.178.110.94,1,40
159.52.182.48,1,40
186.85.251.73,1,32
59.176.118.244,1,32
80.219.97.239,1,32
14.99.56.20,1,32
77.42.206.39,2,80
207.28.214.138,1,32
98.31.180.242,1,60
92.11.60.126,1,32
123.141.155.252,1,32
52.65.226.106,1,32
142.187.196.49,1,60
72.114.185.240,1,32
110.223.52.55,1,32
61.31.151.74,1,32
64.22.165.80,1,52
68.74.225.106,3,120
69.185.52.11,1,32
66.36.141.202,1,32
103.31.117.209,1,52
184.123.54.187,1,32
24.168.188.65,1,56
72.231.196.143,1,32
14.140.158.99,1,60
49.179.214.221,1,32
91.185.105.165,1,32
88.11.63.72,3,120
95.200.136.137,1,32
5.29.25.173,1,32
97.4.222.1,1,32
169.48.2.150,1,32
54.175.8.125,1,32
187.75.191.160,1,60
187.103.72.18,1,32
90.23.230.44,1,32
50.186.26.191,1,32
122.134.93.58,1,52
177.62.139.97,1,40
178.166.120.105,1,32
136.242.8.97,1,60
172.103.173.194,1,40
197.44.5.173,1,60
131.231.233.151,1,32
95.93.20.36,1,40
178.37.229.158,1,32
119.1.216.163,1,32
60.194.116.136,1,121
2.76.17.135,1,40
68.117.54.113,1,32
222.112.63.70,1,32
216.68.133.146,1,52
71.41.139.207,1,32
94.186.253.89,1,32
141.119.230.18,1,32
184.155.182.227,1,32
102.160.214.71,1,32
184.183.249.244,1,40
77.34.220.242,1,32
83.144.251.4,1,60
64.116.7.73,1,32
108.181.63.202,1,32
128.47.89.218,1,40
198.31.166.196,1,32
192.36.215.156,1,32
88.73.157.122,1,32
71.42.248.53,1,32
107.13.227.105,1,32
223.103.244.182,1,60
193.72.16.188,1,32
79.189.88.173,1,32
176.120.91.66,1,32
191.51.50.157,1,32
176.59.144.141,1,32
69.241.123.66,1,32
126.173.8.112,1,32
173.117.245.33,1,32
95.204.130.206,1,32
47.179.253.7,1,32
135.16.150.216,1,32
37.106.218.56,1,44
5.111.152.29,1,32
185.169.234.199,1,56
179.234.251.117,1,32
223.135.133.55,1,32
95.87.89.172,1,44
160.12.115.190,1,60
111.253.193.159,1,32
34.232.103.125,1,32
123.114.29.253,1,32
91.77.154.106,1,32
121.99.138.195,1,132
125.213.49.172,1,32
88.11.63.92,2,80
76.245.156.4,1,32
117.125.105.4,1,52
208.127.213.133,3,128
174.123.229.65,1,32
54.135.240.109,1,32
138.214.87.215,1,32
200.70.37.198,1,32
98.229.60.202,1,32
88.57.170.148,1,60
202.157.111.185,1,52
115.65.253.209,1,44
106.94.155.102,1,60
104.27.48.117,1,32
104.14.125.175,1,32
59.152.41.231,1,32
220.2.36.58,1,48
172.249.30.60,85,100910
176.59.230.45,1,32
191.31.196.37,1,32
197.56.80.137,1,40
223.59.22.105,1,48
54.93.251.75,1,32
151.205.228.133,1,32
66.30.46.165,1,40
211.203.252.209,1,32
113.125.190.31,1,60
58.207.110.183,1,60
72.183.98.196,1,32
175.211.10.22,1,32
182.190.236.183,1,48
181.112.170.226,1,32
109.222.34.17,1,56
83.78.104.102,1,32
83.68.197.16,1,32
176.7.195.97,1,32
212.176.39.94,1,60
222.109.149.85,1,60
147.53.66.95,1,32
108.49.57.53,1,32
182.172.236.169,1,32
176.250.160.38,1,32
60.215.115.190,1,32
190.253.105.200,1,32
72.234.214.203,1,32
109.37.187.141,1,56
71.230.250.128,1,40
66.46.78.190,1,32
64.235.136.89,1,32
209.144.181.79,1,40
52.251.68.237,1,32
118.177.137.201,1,32
115.116.127.219,1,32
212.127.155.67,1,32
170.72.37.177,1,60
192.148.200.48,1,32
207.129.96.138,1,32
17.192.156.1,3,187
41.49.113.88,1,32
50.7.166.60,1,32
105.138.161.108,1,32
75.118.153.116,1,32
111.83.86.105,1,32
94.198.57.209,1,40
61.85.177.233,1,32
180.126.185.26,1,32
110.43.26.214,1,32
184.96.184.165,1,32
117.38.198.69,2,80
115.47.214.178,1,32
78.3.224.223,1,32
173.221.209.235,1122,1627352
221.91.123.41,1,60
208.121.109.36,1,32
58.207.104.134,1,40
89.209.44.190,1,52
222.190.200.54,1,32
86.170.56.113,1,60
82.232.7.210,1,32
41.98.31.252,1,32
222.152.31.65,1,44
58.197.116.150,1,32
211.241.87.94,1,60
77.27.193.179,1,52
118.207.138.238,1,60
188.21.145.65,1,32
40.139.201.177,1,32
115.232.150.166,1,32
64.146.175.89,1,96
71.230.250.140,1,40
193.111.144.181,1,44
107.178.125.39,1,32
2.64.47.73,1,40
69.96.161.143,1,32
66.47.179.125,1,32
216.105.83.210,1,32
52.51.178.251,1,52
107.147.143.60,1,32
77.7.75.33,1,60
60.245.202.1,1,32
75.124.13.158,1,32
182.163.77.243,1,32
105.244.15.230,1,32
179.127.103.92,1,60
218.7.94.188,1,56
52.9.109.230,1,32
60.145.174.179,1,60
186.222.92.106,1,32
172.204.86.166,1,52
151.44.227.77,1,44
123.169.198.40,1,32
14.52.34.138,1,32
78.64.106.95,1,44
94.48.23.53,1,48
218.199.161.227,1,52
84.171.229.141,1,32
108.178.133.209,1,32
196.68.76.74,1,32
216.213.189.198,1,56
177.127.197.91,1,32
73.85.40.164,1,32
91.106.222.161,2,120
188.254.41.199,1,32
186.254.161.6,1,32
47.151.15.94,1,32
213.158.36.172,1,32
186.214.83.147,1,32
109.228.243.124,2,161
116.132.198.230,1,32
177.138.23.18,1,60
151.203.125.226,1,32
113.33.91.180,1,52
74.104.10.105,1,56
73.184.218.184,1,32
192.82.119.39,1,32
27.236.52.205,1,40
89.186.233.15,1,32
91.124.81.70,1,32
216.194.254.204,1,32
123.122.100.215,1,58
114.204.53.75,1,32
78.27.76.102,1,32
73.36.246.213,1,32
24.114.230.117,1,32
80.248.164.10,1,32
123.122.53.65,1,60
106.105.134.101,1,60
37.17.162.210,1,40
110.73.37.143,1,32
106.96.13.83,2,80
52.254.47.198,1,76
116.145.85.76,1,60
154.129.81.220,2,100
117.228.158.8,1,32
139.189.204.134,1,60
152.89.58.116,1,32
108.217.64.4,1,32
148.52.207.58,1,60
62.2.51.65,1,60
36.167.241.118,1,76
113.158.58.0,1,40
27.59.138.194,1,32
52.51.183.51,1,52
77.26.159.16,1,32
35.124.179.250,2,127
134.214.180.160,3,120
58.20.190.33,1,48
76.35.248.151,1,32
198.82.207.57,1,56
184.75.225.61,1,32
113.205.123.251,1,60
217.232.58.242,1,32
37.243.165.60,1,32
182.63.23.32,1,40
110.79.178.44,1,32
187.139.163.87,1,32
122.165.4.12,1,32
76.142.77.191,1,32
154.247.224.94,1,32
201.104.138.215,1,32
106.65.30.50,1,76
151.177.31.185,1,32
1.67.154.192,1,32
121.133.169.10,1,32
220.205.83.193,1,76
96.68.161.218,1,32
119.43.70.189,1,40
74.223.70.222,1,32
196.211.22.72,1,32
78.96.99.26,1,32
207.108.178.64,1,32
95.57.140.135,1,32
90.113.156.233,1,40
13.161.233.158,120,128339
116.244.212.93,1,52
79.242.69.255,1,32
46.113.100.6,1,40
36.31.12.176,1,52
125.9.217.163,1,32
189.11.88.166,1,32
130.194.150.156,1,60
13.161.237.46,1,52
76.238.40.53,1,32
211.183.151.125,1,32
52.212.108.96,1,165
37.17.185.154,1,40
87.65.189.129,1,32
185.72.26.45,5,200
166.62.4.109,1,32
120.143.92.126,1,32
172.249.28.110,5,288
35.92.250.12,1,32
122.57.30.253,1,44
50.219.60.31,1,32
148.189.199.199,1,32
223.50.78.41,1,40
211.19.203.96,1,32
143.192.168.68,1,32
109.202.55.192,1,44
113.25.12.189,1,32
98.74.203.104,1,32
41.41.100.47,1,60
24.168.68.156,1,32
160.121.122.167,1,32
88.230.13.216,1,32
115.36.192.138,1,40
182.191.64.140,1,52
186.140.181.230,1,32
189.65.153.241,1,32
221.30.224.241,1,52
2.104.25.164,1,32
118.196.192.230,2,256
117.43.68.86,1,60
35.51.9.36,1,40
188.181.30.13,1,32
98.65.65.232,1,32
222.180.231.21,1,60
139.173.159.118,2,80
175.138.221.217,1,32
82.58.207.174,1,32
54.196.255.8,1,168
162.12.51.215,2,80
1.199.58.245,1,32
24.218.11.37,1,40
71.230.250.151,1,40
67.6.230.222,1,32
63.139.251.122,1,96
171.175.180.3,1,48
184.14.91.185,1,200
96.57.58.235,1,32
179.70.46.208,1,32
189.16.189.222,1,32
173.221.71.31,1,60
68.20.72.141,1,32
220.147.68.183,1,32
92.230.250.183,1,32
51.235.13.14,1,32
52.15.183.69,1,76
179.83.35.159,1,40
72.214.154.0,1,32
189.34.168.173,1,32
122.172.122.127,1,32
65.166.3.132,1,32
176.117.104.41,1,32
220.164.68.5,2,256
14.225.85.219,1,52
220.0.130.39,2,80
31.120.126.153,1,32
156.36.211.95,1,40
84.35.111.33,1,56
85.1.195.23,1,32
66.63.26.177,1,40
209.4.222.227,1,32
60.58.93.218,1,40
106.118.1.159,1,48
187.162.209.26,1,60
197.58.234.229,1,40
31.101.213.215,1,44
81.106.169.63,1,32
23.47.74.120,1,32
138.103.224.188,1,32
87.78.161.254,1,32
46.108.105.234,1,40
67.164.155.30,1,32
103.86.28.119,1,44
1.48.206.249,2,132
89.196.211.87,1,60
14.46.116.80,1,32
59.9.214.67,1,32
198.15.169.6,1,44
152.51.193.164,1,60
222.99.84.17,1,32
62.194.151.37,1,32
118.188.93.202,1,32
180.145.80.123,1,40
184.114.63.161,1,32
112.133.184.35,1,32
80.59.230.74,1,32
61.111.149.190,1,76
82.228.125.137,1,32
178.30.168.225,1,32
42.181.252.115,1,32
81.231.37.254,1,32
182.137.125.118,1,52
78.40.36.48,1,32
31.222.167.248,1,40
187.44.189.109,1,32
197.110.36.242,2,80
14.130.54.92,1,60
71.230.250.183,1,40
182.142.97.133,1,52
204.172.215.105,1,32
38.125.214.124,1,32
197.106.219.245,1,32
73.132.160.53,1,32
180.153.45.157,1,40
200.117.105.187,1,32
50.232.213.230,1,60
185.139.8.209,1,44
213.60.250.194,1,56
202.199.214.4,1,32
219.108.105.113,1,40
78.133.114.51,1,32
212.21.153.124,1,32
133.173.248.152,1,76
126.90.188.144,3,182
113.28.154.216,1,40
86.193.68.211,1,32
73.169.155.204,1,32
162.23.40.177,1,32
85.64.89.252,2,187
104.173.158.40,1,32
203.166.177.184,1,556
5.64.104.138,1,40
175.160.26.220,1,52
124.30.246.241,1,32
88.140.153.210,1,32
72.194.51.180,1,32
221.164.26.86,1,32
77.252.186.102,1,32
24.4.105.110,1,32
24.102.68.2,1,32
71.254.245.242,1,32
5.186.186.151,1,52
52.119.236.44,1,32
110.67.13.237,1,52
103.205.137.163,2,92
87.54.252.61,1,32
131.34.130.151,1,32
68.37.186.235,1,32
71.27.200.51,1,32
188.229.166.145,1,32
41.170.150.23,1,32
13.184.198.238,1,83
112.30.173.116,1,76
31.163.208.153,1,40
45.203.24.231,1,32
111.93.154.124,1,44
41.38.194.212,1,40
183.169.44.133,1,40
115.55.155.242,1,40
80.132.217.44,1,32
199.152.181.9,1,32
87.131.125.210,1,32
189.118.199.128,1,32
182.63.115.10,1,40
137.165.168.160,1,32
125.238.202.96,1,52
213.229.9.14,1,52
63.199.214.54,8,1377
180.84.184.149,1,32
201.102.187.29,1,32
5.64.104.142,3,120
88.133.151.151,1,32
91.236.253.82,1,32
119.166.215.210,1,32
222.189.214.193,1,129
80.144.123.252,1,32
80.109.87.193,1,32
74.104.88.91,1,32
37.64.253.52,1,32
184.33.133.87,1,32
111.168.39.20,2,634
187.105.192.173,1,32
93.218.39.207,1,32
179.113.214.76,1,32
24.197.168.33,1,32
177.209.180.234,1,32
178.215.194.184,1,60
174.147.158.168,1,32
212.207.97.34,1,60
91.22.25.86,1,32
112.48.255.32,3,375
148.241.66.36,1,32
62.175.121.250,1,32
218.198.87.255,1,32
155.153.115.116,1,60
93.219.89.148,1,32
2.175.115.123,1,32
125.164.51.235,1,60
104.107.183.156,1,32
84.22.141.32,1,32
52.94.234.123,3,1151
82.61.123.9,1,32
121.139.166.247,1,32
187.136.42.145,1,40
220.179.34.234,1,40
117.201.223.80,1,40
71.230.250.206,1,40
178.7.38.4,1,32
90.121.104.94,1,32
164.48.28.87,2,88
178.167.62.69,1,52
68.162.54.70,1,32
118.24.57.223,1,32
62.146.170.30,1,32
84.156.166.211,1,32
177.182.20.240,1,32
212.149.58.61,1,32
52.100.26.84,3,1151
36.160.248.234,1,40
50.20.189.152,1,32
43.201.132.197,1,96
195.171.228.54,1,32
173.246.155.143,7,4253
86.105.167.0,1,32
94.101.91.155,1,40
78.145.104.123,1,32
186.232.123.178,1,40
197.44.101.89,1,32
1.20.65.202,1,32
52.27.24.108,1,167
97.5.105.68,1,32
122.213.213.168,1,32
122.111.193.249,1,60
31.146.31.126,1,32
60.223.201.241,1,32
179.92.213.109,1,40
85.157.88.93,1,32
116.187.201.109,1,32
103.114.161.123,1,48
27.224.170.203,3,187
189.127.73.229,1,32
23.94.230.90,4,1805
41.155.232.33,1,32
73.164.104.108,1,32
208.187.25.63,1,32
103.204.93.75,12,4573
62.165.245.244,1,32
61.88.96.134,1,40
180.97.145.44,1,60
122.44.204.30,1,32
139.173.156.234,2,80
218.229.212.222,1,32
218.109.93.138,1,32
85.213.255.253,1,168
99.41.150.194,1,32
37.17.213.179,1,40
71.42.248.203,1,32
172.202.127.142,1,40
62.45.20.44,1,60
151.168.72.165,1,40
13.205.12.125,1,76
106.90.217.80,1,76
116.27.72.31,1,32
83.111.105.251,1,32
41.163.218.12,1,32
174.130.107.233,1,32
89.235.20.105,1,40
87.50.80.118,2,112
221.143.148.230,1,128
166.248.249.231,1,32
74.248.230.148,1,32
190.204.24.73,1,32
182.79.11.31,1,44
188.34.2.36,1,32
82.120.89.148,1,32
182.134.106.30,1,40
58.199.228.70,1,52
60.70.149.72,1,48
183.115.58.0,1,32
50.159.216.158,1,32
88.207.6.164,1,32
114.194.130.202,1,32
87.160.243.213,1,40
200.241.227.33,1,60
171.150.191.95,1,48
95.149.31.252,1,32
79.31.23.130,1,32
195.215.40.218,1,32
66.37.123.107,1,32
61.202.173.109,1,64
42.54.192.191,1,60
187.181.206.67,1,44
93.13.251.79,1,32
92.236.247.52,1,32
128.121.80.89,1,76
220.189.178.197,1,48
89.39.114.16,1,32
111.195.58.221,2,80
94.31.94.105,1,44
203.20.180.13,1,44
168.78.237.85,1,60
77.215.118.29,1,32
95.130.251.37,1,32
67.216.9.148,1,32
78.221.215.74,1,32
178.107.2.10,1,32
191.221.238.133,1,40
124.141.87.47,14,7789
50.186.68.105,1,52
42.57.247.213,1,32
87.243.104.216,1,32
222.240.20.195,1,48
84.230.193.75,1,32
45.50.116.153,1,32
67.146.161.17,1,32
139.173.169.221,1,40
71.164.83.185,1,40
79.56.19.131,1,32
140.229.184.100,1,76
37.77.74.207,1,32
31.116.52.85,1,40
221.93.97.76,1,32
68.117.169.144,1,32
202.67.108.135,1,32
197.41.246.42,1,40
37.77.7.84,1,32
24.170.72.185,1,32
180.184.144.71,1,32
71.17.62.195,1,32
54.33.13.216,1,120
116.164.118.198,1,32
185.21.93.223,1,40
212.119.108.67,1,40
34.253.37.199,1,32
134.214.85.223,4,160
188.8.4.254,1,32
42.48.185.248,1,48
200.171.22.156,1,32
64.8.147.66,1,32
177.133.103.144,1,60
66.90.35.112,1,40
89.229.233.43,1,32
108.157.23.168,1,32
46.78.13.127,1,32
71.210.123.33,1,32
98.123.110.100,1,40
195.229.122.132,1,32
47.121.80.188,2,168
73.45.255.254,1,32
71.230.250.189,2,80
66.195.11.46,1,32
177.228.207.186,1,52
96.80.59.94,1,32
113.196.209.76,1,60
179.162.199.114,1,32
79.249.231.180,1,32
106.96.90.9,1,40
90.10.13.64,1,32
50.249.17.236,1,32
75.145.64.209,1,32
180.145.71.207,1,40
107.185.120.40,1,32
196.180.49.68,1,45
124.160.163.2,1,60
118.33.25.147,2,80
109.138.201.6,1,32
80.184.252.221,1,32
115.74.59.38,1,48
98.105.182.222,1,32
178.27.77.66,1,44
99.165.226.200,1,32
91.196.137.0,1,52
176.31.187.185,1,52
172.192.119.213,1,32
23.46.125.34,1,64
177.150.185.155,1,40
82.206.87.206,1,32
60.58.80.40,1,44
176.27.175.142,1,56
72.23.11.63,1,32
78.21.13.114,1,32
122.226.49.73,1,32
203.41.145.6,1,40
91.5.139.73,1,32
46.175.78.233,1,32
173.195.0.248,1,60
122.233.27.22,1,60
71.118.136.56,1,32
5.124.130.192,1,32
14.116.179.109,1,32
96.22.125.76,1,64
182.223.251.121,1,32
94.198.12.60,2,80
79.232.102.247,1,32
93.101.32.235,1,32
27.232.249.16,1,32
201.146.76.241,1,40
52.68.120.47,1,32
61.209.241.197,1,32
219.5.130.134,1,52
94.23.125.223,1,32
179.57.27.131,1,60
212.3.231.2,1,32
94.13.80.80,1,40
111.246.204.133,1,52
98.33.98.136,1,32
41.56.106.185,1,32
115.206.109.255,1,40
174.208.137.126,1,32
151.238.10.143,1,32
175.48.75.197,1,32
118.93.113.66,1,40
173.168.29.134,1,32
81.70.36.212,1,32
79.189.170.158,1,44
217.49.36.85,1,32
58.36.124.41,1,32
79.65.249.4,1,32
70.167.10.192,1,60
13.30.10.232,1,76
195.182.218.161,1,40
84.65.58.23,1,32
223.100.199.128,1,40
151.175.169.119,1,32
171.215.104.217,1,48
61.96.217.5,1,253
194.213.164.114,1,32
1.136.62.65,1,52
189.85.4.197,1,32
41.165.203.254,1,40
197.108.25.234,1,32
213.53.162.131,1,32
181.232.13.39,1,40
202.134.121.135,1,32
91.45.47.128,1,56
118.31.143.30,1,32
211.90.234.17,1,32
216.212.182.75,1,32
64.85.153.195,1,32
1.198.42.173,1,76
64.39.244.6,1,32
80.101.161.222,1,32
41.10.150.1,1,56
23.94.173.242,1,32
47.80.132.48,1,60
106.196.170.175,1,32
63.223.178.253,1,32
185.196.86.205,1,32
217.103.190.222,1,56
84.53.238.158,1,40
123.59.75.143,1,32
42.48.249.32,1,32
220.224.219.228,1,32
195.134.167.15,1,32
117.65.162.202,1,60
101.86.219.169,1,32
207.177.125.57,1,32
65.170.200.234,1,32
61.89.244.168,1,32
108.195.212.203,1,32
97.57.124.101,1,32
176.216.228.8,1,32
23.112.47.166,1,52
122.9.102.222,1,32
5.75.226.123,1,40
80.21.167.66,1,168
94.198.13.247,1,32
114.109.221.70,1,48
181.58.196.109,1,32
113.246.148.127,1,60
118.162.136.3,1,32
173.222.244.171,1,32
88.197.54.134,1,32
85.96.89.252,1,32
46.235.158.162,1,32
118.96.175.214,1,60
71.191.252.50,1,32
88.73.93.71,1,32
150.60.182.114,2,80
67.41.160.205,1,32
220.46.7.62,1,32
220.164.187.207,1,52
117.255.113.165,1,40
195.155.77.145,1,32
119.140.157.204,1,40
52.98.184.109,1,32
176.198.122.65,1,32
197.52.62.249,1,44
23.255.181.131,1,32
41.171.232.43,1,44
177.104.76.188,1,32
128.37.159.81,1,32
71.230.251.248,2,80
187.84.140.113,1,32
158.250.230.241,1,60
180.100.24.51,1,132
191.214.26.113,1,32
27.251.55.59,1,60
83.69.196.146,1,32
95.129.249.33,1,32
104.118.194.12,1,32
1.138.97.223,1,40
87.75.100.224,1,32
109.202.171.32,1,40
37.156.37.72,1,32
73.211.199.14,1,32
61.174.245.52,2,80
8.216.201.171,1,83
84.2.250.170,1,32
98.79.13.86,1,32
87.50.77.169,1,60
144.91.56.252,1,32
96.74.183.45,1,32
71.230.250.182,2,80
77.42.206.85,1,40
123.254.41.169,1,44
113.113.123.243,1,32
64.134.34.220,1,32
106.103.3.85,1,76
169.50.181.230,1,52
76.242.162.185,1,32
186.119.70.149,1,32
188.31.63.39,1,40
209.167.194.236,1,32
200.217.181.248,1,32
95.72.128.247,1,40
103.213.174.206,1,40
212.22.151.225,1,83
166.149.233.93,1,60
194.174.55.92,1,32
83.134.97.102,1,32
84.187.118.111,1,32
191.107.220.48,1,32
170.178.186.22,1,60
186.158.249.158,1,40
60.23.167.70,1,32
95.205.123.217,1,32
149.122.101.62,1,32
81.140.62.42,1,32
114.169.246.73,1,32
86.159.250.105,1,32
14.215.179.173,1,125
17.199.30.20,18,26162
123.214.75.181,1,60
129.216.194.33,1,32
34.209.73.208,1,32
93.54.154.218,1,40
87.127.116.41,1,32
116.216.79.167,1,44
122.111.7.184,1,32
52.249.165.170,1,76
146.72.201.227,1,32
107.161.164.98,1,40
156.45.142.137,1,40
68.89.118.20,1,32
177.222.40.179,1,40
95.0.242.233,1,32
131.3.228.210,1,32
89.59.86.145,1,32
70.165.86.39,1,32
182.42.200.145,1,32
51.235.192.177,1,60
186.237.32.170,1,32
199.220.104.159,1,32
172.102.245.167,2,80
24.133.214.44,1,32
61.99.194.149,1,32
77.158.160.76,1,32
217.105.68.83,1,32
75.106.117.66,1,32
83.194.247.38,2,92
222.176.198.220,1,32
190.32.196.243,1,32
220.144.242.15,1,60
122.170.169.112,1,40
43.195.123.37,1,40
187.116.170.202,1,32
117.96.245.125,1,32
139.173.171.12,1,40
218.250.122.101,1,76
64.109.16.111,1,32
218.157.243.168,1,32
195.255.163.206,1,32
124.43.64.222,1,52
121.118.139.188,1,32
174.236.197.77,1,32
70.167.10.153,1,32
58.72.215.247,1,40
219.106.101.156,1,32
211.64.7.42,1,32
217.243.10.142,1,32
129.141.7.231,1,32
221.20.166.104,1,132
49.205.86.8,1,32
87.47.159.112,1,40
213.139.67.158,1,32
49.207.16.175,1,48
79.168.214.119,1,40
124.223.89.11,1,32
188.53.26.34,1,32
109.166.97.196,1,32
123.142.166.39,1,32
125.240.222.136,1,48
114.155.206.211,1,52
183.192.157.21,1,32
185.105.11.137,1,60
187.195.103.139,1,52
70.121.167.16,1,32
106.207.248.254,1,32
186.52.163.25,1,32
34.240.137.187,1,32
212.115.104.172,1,32
180.156.75.117,1,32
88.11.63.85,1,40
194.71.33.163,1,32
97.24.194.102,1,32
168.128.188.144,1,32
172.249.30.6,14,7929
34.242.132.9,1,32
207.92.136.209,1,32
45.211.81.205,1,44
104.247.243.214,1,32
166.167.249.207,1,32
13.206.94.217,1,76
170.204.14.5,1,44
121.161.195.106,1,52
186.212.99.165,1,32
85.220.13.197,1,32
84.35.118.23,1,60
216.69.105.85,1,32
45.164.70.19,10,440
41.165.34.230,1,40
27.99.252.254,1,32
76.93.168.146,1,32
91.164.90.245,1,32
202.60.139.56,1,76
31.81.53.115,1,32
65.227.218.119,1,60
52.30.129.89,1,32
71.32.12.149,1,32
84.63.219.2,1,32
73.207.197.119,1,32
190.102.218.62,1,40
173.107.205.2,1,32
121.49.211.217,1,32
1.203.128.86,1,76
75.87.137.170,1,32
164.48.28.80,2,88
107.14.89.160,1,32
118.74.3.188,1,32
82.14.215.145,1,32
66.185.11.78,1,40
1.251.240.232,1,32
78.255.251.160,1,40
113.211.246.105,1,32
83.0.119.177,1,32
95.0.126.20,1,32
66.41.249.150,1,32
60.84.38.32,1,32
188.77.15.235,1,40
185.49.28.141,1,32
118.220.107.66,1,76
46.80.160.94,1,60
77.76.8.171,1,32
187.107.10.4,1,40
179.83.135.110,1,40
199.54.144.57,1,40
13.206.17.82,1,76
4.97.112.34,1,32
71.53.91.215,1,32
31.113.147.118,5,321
36.177.1.106,1,48
75.141.122.83,1,40
183.156.115.65,1,32
5.239.130.105,1,32
122.38.183.134,1,32
98.103.185.249,1,32
115.59.210.84,1,32
70.117.236.219,1,32
87.91.100.208,1,32
178.30.186.229,1,32
160.14.2.3,14,16530
50.61.24.173,1,32
82.22.181.226,1,40
109.166.241.116,1,32
93.96.141.65,2,64
52.118.166.101,3,2864
103.13.100.224,1,32
78.215.62.89,1,32
106.129.230.34,1,52
124.160.168.79,1,76
120.192.147.236,1,32
14.30.247.34,1,32
182.243.140.23,9,12498
103.255.183.219,1,44
115.196.98.163,1,32
85.50.116.246,1,32
187.76.105.29,1,32
192.33.47.55,1,135
182.108.195.60,1,52
2.64.48.132,1,52
185.13.104.254,2,98
181.202.9.107,1,32
5.188.104.138,3,244
188.192.150.160,1,32
194.152.87.241,1,32
46.245.18.67,1,40
90.113.156.165,2,80
116.192.179.158,1,32
97.19.55.14,1,32
114.163.36.190,1,32
59.43.30.247,1,48
27.213.15.84,1,52
73.79.61.248,1,32
68.175.6.102,1,32
59.51.5.59,1,32
179.95.192.154,1,32
104.155.128.161,1,32
2.17.127.223,1,32
98.5.243.228,1,32
50.250.157.38,1,32
101.127.61.141,1,32
61.115.55.132,2,80
87.15.253.28,1,32
46.16.123.189,1,44
76.203.3.100,1,32
125.229.174.220,1,40
51.26.124.60,1,32
47.89.7.66,1,60
93.159.0.54,1,134
112.236.247.36,1,32
27.211.172.179,1,32
36.164.190.37,1,48
104.29.56.12,1,32
96.80.16.188,1,44
87.194.227.204,1,32
96.199.244.151,1,32
68.158.154.199,1,32
216.75.136.195,1,32
73.100.247.143,1,32
49.98.0.56,1,40
194.19.148.74,1,44
69.39.251.84,1,52
52.117.237.169,3,269
24.220.18.233,1,32
111.172.36.7,1,32
31.163.169.24,1,40
31.163.138.223,1,40
96.89.221.138,1,32
121.2.24.52,1,60
181.236.103.249,1,40
223.97.26.133,1,60
79.184.148.129,1,60
136.73.202.226,1,32
31.163.221.100,1,40
122.57.82.219,1,44
176.4.56.179,1,32
179.90.132.209,1,60
77.32.63.82,1,32
86.181.118.187,1,32
32.210.237.69,1,32
114.234.202.250,1,32
116.155.156.215,1,48
67.166.161.252,1,32
82.237.209.37,1,32
184.116.80.180,1,60
62.154.96.248,1,32
91.113.66.163,1,44
121.144.90.35,1,32
119.103.183.250,1,52
190.39.216.33,1,44
17.193.185.206,11,4901
61.45.91.2,1,32
121.207.139.169,1,56
116.132.116.255,1,52
60.94.247.225,1,32
31.132.13.40,1,32
93.20.121.238,1,60
102.199.159.81,1,32
68.69.28.21,1,32
82.247.40.67,1,32
121.110.123.135,1,52
192.70.226.164,1,32
112.190.201.218,1,60
89.146.152.86,1,32
23.46.76.21,1,32
115.49.201.164,1,32
83.136.105.147,1,32
91.139.75.22,1,32
204.242.26.93,1,301
139.242.41.209,1,60
74.193.190.124,6,387
217.178.79.19,1,64
134.214.247.119,5,200
96.114.248.134,1,32
134.209.249.183,1,32
47.20.202.168,1,32
77.78.231.139,1,32
109.150.92.134,1,32
37.17.212.188,1,40
18.152.6.31,1,32
2.26.68.18,1,32
90.113.156.121,1,40
217.59.214.8,1,32
66.243.191.61,4,160
81.200.2.11,1,32
1.45.185.58,1,32
87.2.118.78,1,32
67.230.57.170,1,32
3.135.233.32,1,32
180.33.181.84,1,32
72.85.86.94,1,32
183.67.228.133,1,32
78.58.238.199,1,32
74.193.127.182,262,376540
35.90.154.244,1,32
173.51.228.54,1,32
72.255.125.224,1,44
115.163.91.231,1,32
47.129.168.59,1,32
183.222.252.217,1,32
179.241.227.73,1,32
71.128.221.65,1,32
34.224.41.244,1,32
34.250.77.47,1,32
194.32.162.14,1,60
121.87.35.159,1,40
2.136.6.239,1,32
54.181.52.12,1,76
78.171.115.234,1,44
115.101.141.109,1,32
180.140.13.155,1,32
80.13.54.2,1,32
52.15.191.237,4,285
34.205.84.5,1,32
1.7.130.152,1,32
79.248.72.49,1,32
143.7.44.6,1,32
172.203.51.29,1,32
115.254.137.143,1,32
46.100.223.172,1,32
73.233.3.92,1,32
41.36.85.175,1,40
112.8.110.79,1,92
54.160.12.239,1,32
182.188.154.87,1,32
98.133.124.143,1,32
85.247.200.38,1,32
182.89.137.223,1,40
124.13.82.232,1,76
173.226.198.9,1,32
177.110.203.235,1,32
64.43.6.222,1,32
221.1.9.164,1,132
31.220.104.123,1,32
152.215.20.3,1,32
201.148.105.210,1,32
64.22.160.67,2,155
177.64.84.149,1,40
114.41.8.226,1,32
71.163.24.77,1,32
149.146.4.109,1,32
178.195.127.108,2,80
122.224.58.50,1,48
95.229.125.43,1,32
87.141.121.237,1,32
91.106.222.160,1,60
78.137.186.174,1,32
89.12.38.42,1,32
176.98.12.11,1,40
90.75.188.184,1,32
27.244.34.66,1,32
186.139.255.120,1,32
108.10.58.158,1,32
223.35.23.248,1,48
14.126.54.222,1,32
181.50.75.245,1,32
13.207.94.130,1,76
108.91.25.143,1,60
221.127.57.67,1,32
50.199.134.55,1,32
119.146.119.143,1,32
94.6.72.101,1,52
124.171.210.17,1,32
104.55.68.107,1,32
180.191.71.127,1,32
68.235.198.230,1,56
49.78.155.139,1,32
104.15.28.51,1,32
79.255.48.0,1,32
1.63.15.107,1,58
172.102.206.108,4,160
184.102.210.248,1,32
202.182.89.213,1,32
77.149.166.49,1,32
2.36.69.195,1,32
70.57.159.57,1,32
187.147.28.225,2,80
129.243.197.79,1,32
203.136.241.59,1,44
188.90.125.190,1,32
207.1.52.116,1,32
189.220.234.87,1,32
14.53.67.203,1,32
202.53.117.215,1,32
172.103.54.118,2,129
111.65.41.142,1,32
185.31.117.208,1,32
185.133.222.206,1,48
151.44.254.246,1,44
69.78.212.119,1,32
69.82.96.113,1,32
77.89.99.41,1,32
82.223.156.218,1,40
79.62.74.150,1,32
115.88.125.193,1,56
37.242.68.255,1,32
52.252.21.47,1,76
183.142.136.220,1,32
201.151.213.217,1,32
149.108.138.185,1,32
153.98.9.30,1,32
172.205.122.198,1,32
58.41.185.142,1,32
89.186.191.181,1,52
191.79.163.109,1,32
209.41.243.15,3,219
86.184.253.130,1,32
61.43.14.199,1,52
45.33.75.113,1,40
49.215.50.91,1,32
84.56.12.138,1,32
23.2.127.223,1,32
118.206.57.146,1,52
24.219.40.147,1,32
63.251.85.174,1,60
182.213.246.34,1,32
213.165.156.179,2,141
114.231.167.86,1,32
59.109.189.133,1,48
177.64.108.155,1,40
176.132.230.93,1,60
204.189.55.17,1,32
113.62.51.163,1,52
91.66.102.63,1,76
120.116.232.120,1,32
189.218.239.103,1,32
73.108.247.57,1,32
186.157.100.76,1,60
73.68.215.134,1,32
122.236.4.66,1,32
88.231.12.255,1,32
73.55.90.164,1,32
113.119.109.231,1,32
72.78.60.58,1,60
93.146.161.77,1,32
54.190.5.129,1,32
175.175.227.210,1,32
113.36.57.253,1,76
119.136.22.1,1,32
193.89.28.60,1,40
115.243.94.229,1,32
1.12.111.60,1,32
41.221.129.252,1,52
136.151.3.55,1,32
189.208.11.230,1,40
174.178.5.20,1,32
83.125.180.58,1,32
107.7.22.199,1,32
84.154.210.173,1,32
98.137.247.102,1,32
180.84.119.252,1,32
37.177.46.161,1,44
116.132.141.27,1,52
27.172.234.121,1,32
173.180.68.222,1,32
23.96.135.131,1,32
39.51.70.157,1,32
96.56.196.201,1,32
189.60.88.144,1,32
79.223.214.201,1,32
62.16.192.23,1,32
213.11.201.235,1,32
208.87.252.63,1,32
60.89.216.238,1,60
66.39.127.64,1,32
31.163.136.56,1,40
106.55.9.250,1,32
190.161.3.121,1,32
65.250.17.123,1,40
62.111.132.193,1,32
173.73.251.172,1,32
189.122.181.146,1,44
101.213.79.204,1,32
78.45.107.30,1,32
24.219.198.153,1,32
80.112.180.223,1,32
18.184.39.212,1,32
223.134.187.255,1,32
87.141.8.145,1,32
125.111.133.16,1,32
69.244.144.152,1,32
84.218.99.211,1,32
62.226.167.212,1,48
184.4.150.194,1,32
37.99.190.19,1,32
88.58.239.152,1,44
49.50.151.161,1,52
124.160.120.171,1,32
109.9.90.66,1,44
121.214.19.59,1,52
129.81.251.85,1,40
181.112.69.141,1,32
162.26.194.21,1,32
37.93.242.205,1,60
212.176.215.120,1,32
92.65.117.62,1,32
189.134.144.180,1,56
201.105.131.197,1,32
140.144.232.108,1,32
112.9.61.89,1,48
189.59.24.65,1,32
103.48.136.161,1,32
119.10.70.32,1,32
221.40.18.18,1,60
116.255.25.185,1,60
73.198.212.177,1,32
164.81.197.75,1,32
98.93.68.207,1,32
105.135.85.74,1,32
115.60.151.0,1,132
173.98.212.32,1,32
220.166.45.161,1,32
67.217.246.190,1,32
198.255.93.208,1,32
1.198.171.15,1,32
183.188.61.108,2,651
126.143.187.186,1,32
47.18.153.37,1,32
104.241.220.142,1,32
182.156.71.107,1,32
98.235.171.80,1,32
76.143.124.41,1,32
84.126.189.33,1,32
66.247.54.199,1,32
66.90.185.7,1,60
152.55.100.88,1,32
114.42.11.86,1,60
170.112.63.139,1,56
109.236.117.94,1,32
177.100.63.80,1,32
187.45.140.194,1,32
92.94.119.245,1,52
87.241.53.151,1,32
114.197.194.194,1,32
110.148.188.80,1,32
71.230.250.188,1,40
1.140.197.24,1,48
24.245.134.231,1,32
96.64.158.128,2,80
112.238.117.8,1,32
171.208.62.214,1,76
123.189.35.2,1,60
108.179.116.78,1,32
190.9.229.116,1,48
42.129.144.28,1,40
199.67.161.39,1,60
172.103.170.212,3,120
75.184.134.181,1,32
169.22.60.251,1,32
184.32.68.246,1,32
126.206.92.26,1,32
208.59.191.246,1,32
24.239.228.190,1,32
113.227.107.123,1,60
82.251.26.16,1,32
211.236.126.179,1,40
36.161.165.248,1,32
195.27.130.254,1,32
85.133.139.164,1,60
152.59.148.99,1,40
73.59.184.129,1,32
14.242.98.123,1,32
213.221.132.86,1,32
149.237.185.19,1,32
116.20.199.250,1,32
94.20.172.251,1,44
109.239.201.42,1,32
121.96.158.146,1,60
50.235.52.170,1,32
139.223.245.5,1,32
71.43.249.121,1,32
149.147.37.210,1,40
173.194.187.46,1,32
38.132.33.201,1,60
112.190.93.169,1,60
77.82.168.253,1,32
116.241.146.158,1,32
94.140.136.225,1,32
50.190.59.247,1,32
107.202.42.108,1,32
200.232.140.186,1,32
199.8.246.227,1,32
218.249.136.138,1,32
199.42.244.254,1,32
27.22.201.215,1,32
219.0.170.123,1,40
172.77.42.194,1,60
136.232.7.25,1,48
211.236.126.180,1,40
130.194.157.131,1,32
91.2.169.129,1,52
31.163.163.224,1,40
186.212.179.5,1,32
201.108.249.43,1,32
98.190.120.95,1,32
200.82.176.42,1,172
67.203.181.194,1,32
181.45.215.123,1,44
188.254.48.2,1,60
94.193.54.158,1,32
95.144.120.145,1,32
91.56.54.27,1,32
187.9.97.220,1,32
91.33.149.103,1,44
108.142.50.214,1,32
177.122.95.214,1,48
66.167.185.67,1,32
62.66.73.170,1,32
49.48.100.17,1,48
217.103.189.150,1,32
81.24.178.149,1,32
200.42.57.66,1,32
27.66.73.200,1,76
36.16.9.21,1,52
209.72.202.85,1,44
175.135.18.214,1,32
41.150.140.127,1,32
116.28.81.230,1,60
111.69.239.92,1,32
84.127.161.206,1,44
46.4.82.54,1,32
77.129.123.100,1,32
79.105.156.94,1,32
175.83.105.27,1,32
110.139.10.149,1,32
174.203.243.46,1,32
88.105.189.241,1,32
71.8.182.72,1,40
95.119.195.128,1,32
192.240.168.103,1,40
92.102.106.60,1,48
37.217.74.4,1,40
46.161.148.206,1,48
218.165.220.101,1,32
81.185.131.251,1,32
133.232.132.72,1,76
65.102.75.69,1,32
196.202.243.213,1,32
78.43.199.132,1,32
39.47.155.141,1,32
195.145.83.157,1,32
89.238.152.90,1,32
75.94.152.35,1,32
67.201.247.162,1,32
88.28.64.45,1,32
157.98.243.175,1,32
95.63.215.11,1,32
162.104.243.132,1,60
52.244.225.160,1,32
90.2.210.239,1,32
221.24.145.234,1,32
5.141.118.102,1,40
77.140.74.78,1,32
217.50.32.77,1,32
85.163.175.246,1,40
112.229.240.244,1,32
173.252.247.245,1,32
118.177.87.143,1,32
159.195.200.139,1,32
219.99.30.150,1,58
185.81.244.61,1,32
36.177.248.13,1,76
221.127.9.46,1,60
98.68.124.95,1,32
31.71.124.236,1,32
125.33.150.10,1,44
177.152.136.34,1,44
212.92.47.193,3,261
84.117.118.19,1,32
84.193.95.48,1,32
122.212.59.195,1,32
113.252.246.157,1,40
156.201.199.53,1,32
184.156.179.215,1,44
118.113.104.233,1,32
115.65.107.149,1,44
61.24.67.99,1,40
68.66.69.14,1,32
118.172.142.149,1,32
50.187.228.10,1,32
62.213.74.28,1,32
78.127.59.100,1,32
46.79.124.248,1,32
79.214.75.15,1,32
175.139.35.69,1,32
14.119.72.113,1,32
18.184.78.222,1,32
34.234.29.211,1,32
190.233.189.58,1,40
191.145.90.193,1,32
91.208.216.92,1,32
121.3.109.160,1,32
93.191.168.212,1,32
74.12.82.159,1,32
95.228.37.138,1,52
187.183.32.99,1,40
112.216.238.226,1,40
114.39.246.247,1,32
89.248.134.33,1,60
34.207.87.126,1,32
2.222.191.111,1,32
95.220.116.71,1,60
187.198.137.198,1,32
180.94.209.89,1,32
96.11.64.168,1,32
32.215.116.130,1,32
71.230.250.146,1,40
219.120.199.202,1,32
5.108.26.32,1,32
221.7.84.125,1,76
114.174.54.72,2,80
90.21.98.224,1,32
36.221.76.69,1,52
192.140.16.39,1,32
109.16.29.86,1,32
24.99.240.145,1,32
109.227.57.11,1,32
202.84.52.133,1,92
142.161.207.203,1,40
91.9.252.14,1,60
202.220.73.172,112,5999
189.232.114.169,1,32
86.195.57.186,1,32
37.141.222.108,1,32
151.150.78.69,72,101101
172.115.131.163,1,32
117.120.73.27,1,52
94.62.87.153,1,32
221.24.33.245,1,52
187.53.154.212,1,32
183.255.83.212,1,60
117.232.201.153,1,32
12.141.250.205,1,32
24.171.120.189,1,32
80.53.22.39,1,32
73.170.152.178,1,32
98.9.6.246,1,32
109.99.86.250,1,32
123.2.172.128,1,32
103.200.6.20,1,32
50.14.234.18,1,40
140.151.3.17,1,60
92.67.215.145,1,32
45.222.157.14,1,44
87.130.243.171,1,32
46.16.131.228,1,32
212.224.131.225,1,32
87.224.202.90,1,32
69.204.80.252,1,32
112.205.5.208,3,384
222.188.244.6,1,32
61.26.176.83,1,40
216.242.241.236,1,32
117.36.248.10,1,52
213.180.182.183,1,32
182.162.47.37,1,52
94.200.32.170,1,32
72.20.241.166,1,32
70.76.237.185,1,32
50.216.254.136,1,32
124.135.96.26,1,76
110.208.223.30,1,32
188.182.226.33,1,32
5.163.200.55,1,32
31.97.47.15,1,52
18.213.243.118,1,499
195.74.226.197,1,32
123.147.170.51,1,32
71.9.215.189,1,32
79.13.77.61,1,32
98.180.208.121,1,32
177.240.141.233,1,52
62.140.38.39,1,32
84.215.212.104,1,32
120.145.105.69,1,52
171.199.183.164,1,32
35.81.19.138,2,92
75.95.165.65,1,60
124.160.169.99,1,76
193.56.210.109,1,32
86.254.176.108,1,32
87.168.227.61,1,32
125.241.47.239,1,52
60.125.199.73,1,32
59.120.87.240,1,32
185.50.198.164,1,32
175.63.134.218,1,32
173.221.209.248,2,104
13.206.48.70,1,76
159.52.33.95,2,80
223.116.81.70,1,52
121.86.139.190,1,32
91.74.183.160,1,32
170.112.240.189,1,60
222.238.183.126,1,32
154.213.59.34,1,32
201.55.37.25,1,32
35.84.25.220,3,671
93.135.138.43,1,32
152.94.195.72,1,32
88.11.63.74,1,40
76.200.128.110,1,32
39.46.135.78,3,123
218.7.68.6,1,56
164.205.113.130,1,60
192.148.95.165,1,60
176.47.192.202,1,32
75.121.216.243,1,32
91.182.53.237,1,32
23.28.146.232,1,32
13.160.182.201,14,19940
186.7.39.20,1,32
220.2.168.50,1,32
88.69.87.31,1,32
174.193.246.224,1,32
209.67.252.98,1,32
50.130.240.218,1,60
115.65.97.187,1,44
46.56.82.186,1,32
183.147.135.38,1,32
173.67.249.64,1,32
126.136.70.196,1,32
85.238.182.227,1,40
103.18.215.135,1,60
190.45.230.207,1,44
222.84.0.68,1,32
189.126.254.205,1,40
201.62.239.81,1,32
79.79.252.51,1,32
190.182.226.135,1,32
119.140.146.170,1,32
79.174.135.69,1,32
12.233.110.5,1,32
180.102.134.233,1,60
88.242.177.234,1,56
206.188.175.86,6,5513
188.198.193.26,1,44
92.252.251.240,1,32
195.160.136.108,1,32
202.169.91.174,1,60
220.179.136.217,1,60
222.209.59.78,1,40
91.168.103.58,1,32
58.39.182.74,1,32
92.25.93.81,1,32
45.48.248.148,1,32
14.18.51.185,1,52
216.171.141.121,1,40
143.253.15.101,1,44
203.198.230.217,1,32
12.49.82.166,1,32
162.7.71.163,1,32
111.86.63.45,1,32
117.117.90.189,1,654
114.96.99.41,1,48
110.58.96.129,1,40
189.35.250.27,1,40
106.107.232.66,1,52
64.189.190.146,1,60
79.243.139.208,1,56
37.65.4.224,1,32
102.136.230.97,1,32
184.164.249.122,1,32
196.248.59.47,1,32
91.237.12.69,1,32
52.249.213.225,1,76
121.219.8.183,1,32
24.30.122.54,1,32
13.53.160.247,1,32
45.192.213.240,1,40
177.51.237.100,1,44
122.115.227.152,1,32
187.149.116.100,1,32
174.200.6.188,1,32
188.145.10.230,1,40
67.200.6.101,1,32
160.35.4.147,1,75
58.57.23.55,1,60
84.84.112.71,1,32
5.140.73.238,1,48
217.224.170.13,1,32
5.122.9.160,1,32
88.132.214.176,1,32
24.86.45.215,1,32
82.244.7.56,1,60
175.242.71.176,1,32
80.221.66.94,1,60
181.31.39.214,1,32
42.83.44.121,1,32
86.208.204.30,1,60
54.255.15.254,1,40
109.109.161.166,2,64
121.201.156.204,1,32
109.96.245.78,1,32
8.229.135.163,1,32
216.166.178.6,1,32
52.251.173.47,2,419
217.171.56.57,1,40
178.35.235.200,1,32
172.252.73.155,1,32
79.140.66.197,1,32
159.103.12.99,1,32
139.238.113.38,1,32
72.211.55.171,1,32
65.191.37.178,1,32
197.235.193.54,1,32
72.182.31.12,1,32
103.157.214.211,1,40
181.19.193.160,1,32
84.16.139.146,1,32
132.216.140.91,1,40
119.195.86.201,1,48
154.44.242.232,1,32
124.70.238.110,1,32
178.101.219.87,1,32
218.109.147.202,1,40
170.219.28.161,1,44
122.242.156.77,1,32
84.73.72.135,1,32
124.167.51.65,3,132
87.51.26.39,1,44
90.181.104.106,1,64
68.220.203.128,1,32
113.246.219.82,1,32
93.65.55.148,1,32
37.17.126.199,1,32
73.121.228.50,1,32
190.140.229.113,1,32
23.209.247.0,1,32
126.0.149.118,1,32
87.207.8.155,1,32
104.111.231.91,1,52
208.106.0.80,1,32
184.41.248.183,1,42
125.193.232.174,1,32
221.234.159.226,1,32
168.112.219.186,1,32
124.167.129.221,1,32
50.222.3.151,1,32
27.97.255.123,1,32
207.2.54.42,1,32
52.67.225.120,1,32
113.198.147.85,1,52
61.127.96.230,1,76
23.94.228.183,86,116236
83.206.168.49,2,80
192.170.237.227,1,32
176.127.221.79,1,60
185.174.252.0,1,32
52.78.233.113,1,32
136.96.40.220,1,40
34.237.149.52,1,32
114.38.31.125,1,40
24.250.142.19,1,32
96.201.106.61,1,32
2.123.244.250,1,32
31.178.62.97,1,32
37.192.69.54,1,32
46.46.234.57,1,40
219.54.72.27,1,32
207.72.128.49,1,125
157.187.72.95,1,76
211.106.103.101,1,60
110.74.77.231,1,52
119.87.135.212,1,32
46.150.165.44,1,32
91.49.33.222,1,32
151.28.19.183,1,40
73.229.246.28,1,32
49.240.131.177,1,52
218.82.128.233,1,44
104.245.248.163,1,32
195.237.76.34,1,60
180.122.172.221,1,76
122.137.71.110,1,48
71.230.250.194,1,40
80.142.164.127,1,40
54.172.117.136,1,32
113.75.81.82,1,32
80.82.67.252,1,60
190.143.89.238,1,60
68.82.71.18,1,32
66.46.247.31,1,40
120.178.102.238,1,32
112.8.117.121,1,52
187.104.54.135,1,40
200.34.98.38,1,32
194.204.253.106,1,56
149.80.194.143,1,32
190.212.19.185,1,60
197.250.90.251,1,52
77.218.34.229,1,40
95.49.199.226,1,32
60.94.188.44,1,60
93.79.121.25,1,32
217.238.23.162,1,84
106.49.245.219,1,48
190.19.158.121,1,32
113.160.42.221,1,32
140.206.169.34,1,32
45.40.238.36,1,32
67.250.61.194,1,32
96.88.196.74,1,32
174.157.203.224,1,32
119.167.54.244,1,32
154.201.218.33,1,96
173.242.240.206,1,32
144.168.179.189,1,32
60.211.221.158,1,32
41.100.100.229,1,40
177.71.117.206,1,40
94.22.139.194,1,32
220.202.59.93,1,48
71.230.250.243,1,40
27.44.64.31,1,52
60.253.216.238,1,32
94.81.229.106,1,32
78.20.11.58,1,32
73.26.135.119,1,32
151.110.137.73,1,32
27.55.134.110,1,32
37.190.251.33,1,32
213.168.156.198,1,52
177.126.52.203,2,120
173.106.103.244,1,40
93.239.26.66,1,32
128.46.76.251,1,48
41.100.54.21,1,32
189.86.112.35,1,32
106.70.137.73,1,32
71.192.237.11,1,32
80.136.171.59,1,32
85.126.204.46,1,32
200.38.250.93,1,40
42.122.70.6,1,60
42.91.22.171,1,76
94.189.169.52,1,32
118.181.109.147,1,32
76.243.35.94,1,32
68.118.42.66,1,32
65.244.238.214,1,32
118.35.11.251,1,40
179.119.12.132,1,32
68.74.17.143,2,80
80.77.118.155,1,32
75.107.188.134,1,32
59.41.128.26,1,32
24.106.248.63,1,32
192.101.120.227,1,32
189.17.60.70,1,32
68.249.110.241,1,32
5.148.47.211,1,32
65.200.170.195,1,32
223.101.85.252,1,76
154.57.150.77,1,32
154.196.154.73,1,56
179.233.100.136,1,40
203.136.255.156,1,44
88.11.63.76,1,40
171.168.150.136,1,32
32.217.98.222,1,32
180.138.30.187,2,80
82.53.244.113,1,32
210.102.233.225,1,60
67.186.106.185,1,32
54.33.29.138,1,76
104.72.251.85,1,32
191.206.195.140,1,32
115.64.249.114,1,44
188.219.225.41,1,32
13.31.226.124,1,40
222.175.72.205,1,40
162.101.77.122,1,32
73.234.254.132,1,32
93.228.113.86,1,32
117.105.143.9,1,52
66.216.8.233,1,32
54.49.3.77,1,76
198.160.157.65,1,32
60.118.47.21,1,32
46.108.98.255,1,40
104.15.25.82,1,52
190.145.195.29,1,48
117.209.241.89,1,32
88.235.136.19,1,32
82.155.4.118,1,32
63.222.131.149,1,32
189.206.129.86,1,32
124.154.161.247,1,60
96.197.240.194,1,32
2.137.9.77,1,32
211.16.198.167,1,32
82.4.36.108,1,32
70.22.136.74,1,32
61.121.119.238,1,52
172.73.125.34,1,32
170.79.249.118,1,32
187.145.48.6,1,56
183.158.128.52,1,32
122.166.137.164,1,32
32.213.9.7,1,32
51.42.187.3,1,32
85.78.136.7,1,32
96.215.100.250,1,32
79.100.91.87,1,40
113.4.24.113,1,32
58.189.174.152,1,32
119.225.164.153,2,120
60.57.173.217,1,32
94.48.161.117,1,32
208.123.79.60,2,157
96.70.218.202,1,32
91.6.84.41,1,60
59.146.141.236,3,151
84.173.125.73,1,32
174.237.63.79,1,44
104.59.118.65,1,32
175.114.219.117,1,32
171.165.201.121,1,32
175.85.238.244,1,32
173.55.189.59,1,32
76.214.145.156,1,32
119.226.164.223,1,32
54.33.59.140,1,76
92.52.222.254,1,32
32.215.180.116,1,32
116.156.132.12,1,32
58.196.157.177,1,76
59.8.216.52,1,32
37.17.202.214,1,40
118.160.36.124,1,40
89.112.101.76,1,32
218.196.213.183,1,48
88.31.131.196,1,60
47.37.109.193,1,32
152.91.216.12,1,32
121.87.175.197,1,48
88.11.63.70,1,40
73.206.35.94,1,32
46.9.224.51,1,32
59.35.64.111,5,205
61.5.116.166,1,32
45.6.114.147,1,44
90.11.244.1,1,32
50.202.114.52,1,32
111.121.176.222,1,52
78.182.153.214,1,32
59.35.199.18,1,60
111.93.159.236,1,44
104.179.159.116,1,32
13.28.157.254,1,32
193.219.168.159,1,32
90.95.46.170,1,32
87.193.25.155,1,32
5.146.99.166,1,52
51.85.11.224,1,32
90.83.68.167,1,32
113.183.128.164,1,52
208.123.79.57,1,73
89.105.131.37,1,32
49.17.57.250,1,32
52.225.61.244,1,32
73.112.237.104,1,32
37.246.116.118,1,32
89.195.174.210,1,32
68.144.150.21,1,32
85.160.152.60,1,32
222.155.128.86,1,44
212.99.79.174,1,32
113.41.106.115,1,48
5.28.130.137,1,60
52.252.194.60,1,76
213.147.119.238,2,88
52.252.105.193,1,76
59.62.229.118,1,40
104.68.7.109,1,32
189.223.11.17,1,40
54.209.139.103,1,32
103.57.137.136,1,52
115.58.44.16,1,32
178.41.87.153,1,32
190.254.68.33,1,32
50.152.4.57,1,40
188.35.252.119,1,32
191.85.105.5,1,52
162.11.237.46,1,40
41.145.157.78,1,52
192.6.238.4,1,32
210.36.11.253,1,60
194.228.114.98,1,32
77.10.116.182,1,32
60.128.183.0,1,32
179.57.114.112,1,40
36.248.227.134,1,32
220.162.138.42,1,52
180.158.120.199,1,32
181.118.89.212,1,60
207.169.64.75,1,32
45.125.173.212,2,138
128.214.157.0,1,32
41.58.249.86,1,32
113.41.120.221,1,60
142.161.73.85,1,32
47.142.204.137,1,32
119.27.200.38,1,32
117.84.98.142,1,76
144.219.127.149,1,32
81.138.58.188,1,72
78.48.58.162,1,32
118.229.242.125,1,32
58.24.8.190,1,32
101.126.4.177,1,32
171.197.202.114,1,32
213.144.192.52,1,44
81.138.58.220,2,145
85.224.58.36,1,32
104.122.73.50,1,32
103.5.134.180,1,32
177.211.137.43,1,32
93.164.237.12,1,40
5.157.4.197,1,32
77.1.118.100,1,32
173.221.209.6,357,487091
186.7.133.201,2,80
79.100.87.67,1,40
71.230.250.219,1,40
14.100.45.68,1,32
66.224.45.150,2,613
69.117.185.206,1,32
46.218.239.68,1,60
79.237.4.64,1,32
81.138.58.221,3,217
62.46.136.169,1,32
5.237.196.230,2,104
221.90.196.252,1,32
176.219.39.64,1,32
95.206.167.171,1,32
80.196.134.180,1,32
182.132.180.37,1,52
117.227.194.123,1,32
73.78.83.72,1,32
172.249.162.201,1,52
67.8.96.252,1,32
190.36.58.137,1,40
37.243.63.168,3,231
114.162.197.107,1,32
202.112.17.208,1,56
152.59.4.128,1,40
5.121.240.111,1,32
63.252.10.33,1,32
172.116.66.1,1,32
122.56.249.39,1,44
79.212.65.59,1,32
216.157.9.248,1,32
107.170.253.230,1,40
106.83.177.210,1,48
31.144.154.38,1,32
78.65.51.158,1,44
185.153.52.130,1,32
46.97.129.190,1,60
119.103.26.177,1,52
187.51.162.171,1,32
139.14.129.60,1,32
80.40.228.125,1,32
98.23.96.205,1,32
188.43.76.170,1,40
179.230.32.29,1,32
46.83.194.38,1,32
71.34.248.161,1,32
222.97.55.181,1,32
220.80.153.57,1,32
68.233.136.198,1,56
187.230.126.27,10,520
186.187.171.192,1,32
61.61.0.58,1,60
209.135.26.23,1,32
209.134.100.95,1,32
88.74.121.255,1,32
52.252.243.15,1,76
65.67.230.154,1,32
109.167.68.79,1,40
75.100.145.240,1,60
161.197.7.88,3,157
213.70.179.169,1,32
158.250.79.32,2,112
109.117.31.254,1,32
221.103.18.154,1,32
110.61.2.234,1,52
180.119.246.68,1,60
208.76.70.178,1,32
37.17.28.144,1,40
82.45.15.125,1,44
61.112.148.7,1,76
76.208.233.97,1,32
110.56.139.197,1,76
191.239.129.55,1,32
179.232.200.119,1,32
88.152.243.102,1,32
211.144.208.119,1,60
89.179.121.226,1,32
122.59.197.188,1,44
222.95.173.109,1,48
159.31.31.104,1,32
80.37.8.42,1,32
192.71.84.133,1,32
13.16.246.227,1,32
88.242.168.208,1,40
37.186.195.143,1,240
41.163.13.71,1,40
113.161.31.62,1,52
108.176.129.154,1,32
139.173.190.205,1,40
190.120.252.131,1,44
188.152.180.132,1,44
187.219.12.235,1,32
185.42.115.152,6,312
74.59.149.93,1,32
104.210.219.228,1,132
189.102.68.62,1,32
85.34.136.13,1,32
113.49.64.78,1,48
213.219.72.234,1,48
175.235.46.10,1,32
123.5.56.21,2,80
178.27.115.158,1,32
177.31.85.248,1,32
82.170.10.29,1,32
171.147.113.158,1,76
41.96.126.115,1,32
39.40.123.74,1,40
58.63.174.223,1,32
218.249.100.94,1,56
104.12.231.31,1,32
54.227.25.223,1,40
185.113.162.46,1,40
203.136.255.237,1,44
49.210.97.107,1,52
178.44.115.112,1,40
64.77.214.40,1,32
209.135.26.124,1,60
24.87.211.96,1,32
122.58.58.199,1,44
95.172.43.147,1,32
70.67.224.62,1,32
85.189.96.157,1,32
54.94.137.43,1,32
99.35.71.88,1,32
178.180.228.61,1,40
72.212.230.220,1,32
201.236.159.58,1,44
125.71.146.95,1,32
75.69.251.194,1,32
188.163.97.176,1,40
79.117.58.121,1,32
79.64.248.61,1,32
138.128.30.188,1,32
1.196.46.25,1,32
34.202.146.239,1,32
188.91.179.30,1,32
73.208.218.105,1,32
153.28.7.187,2,80
71.129.163.76,1,32
182.86.71.111,1,56
146.71.128.122,1,32
5.235.67.217,1,32
221.33.28.138,1,32
70.62.122.127,1,32
186.55.24.20,1,32
187.209.30.109,1,60
217.71.250.143,1,32
124.215.224.225,1,32
76.140.192.228,1,32
108.91.220.244,1,40
176.95.230.254,1,60
122.239.254.219,1,32
106.18.224.245,1,32
98.123.138.116,1,32
187.39.72.172,1,32
77.65.139.126,1,32
125.238.168.173,1,48
45.126.8.42,1,40
77.124.247.162,1,32
222.209.11.184,1,32
108.159.116.90,1,32
92.76.159.106,1,32
14.248.174.129,1,32
152.17.211.152,3,269
80.105.255.5,1,60
64.49.237.233,1,32
125.161.87.230,1,52
2.196.154.220,1,32
59.175.35.48,1,32
134.249.97.175,1,32
78.136.251.45,1,32
176.208.19.150,1,52
212.144.104.145,1,40
106.25.169.202,1,32
68.146.161.105,1,44
91.123.196.248,1,32
23.10.116.120,1,32
73.21.15.92,1,32
95.149.168.129,2,96
41.33.47.18,1,40
178.214.6.118,1,32
91.47.123.96,1,44
206.20.237.90,1,32
187.117.92.118,1,32
107.184.70.83,1,32
90.6.246.18,1,32
62.160.39.65,1,32
197.49.200.101,1,40
69.217.111.142,1,60
190.117.53.2,1,32
175.206.67.95,1,32
183.125.42.246,1,48
114.102.105.55,1,32
38.245.214.141,1,32
183.117.66.243,1,60
221.14.183.123,1,32
173.200.218.77,1,32
115.197.100.249,1,32
177.151.218.113,1,32
78.158.90.41,1,32
85.141.132.0,1,32
183.249.153.80,1,52
177.218.94.124,1,32
115.48.54.39,1,32
5.87.78.253,1,40
177.153.84.96,1,32
77.244.176.78,1,56
168.250.48.205,1,44
200.47.220.57,1,40
36.251.135.249,1,32
105.148.118.4,1,32
52.251.83.5,1,76
84.170.24.109,1,32
200.230.213.68,1,32
36.234.248.33,1,52
83.109.196.5,1,32
175.137.191.203,1,32
88.229.0.130,1,32
199.243.136.16,1,32
14.237.37.170,1,32
54.143.24.164,1,32
49.223.224.104,1,60
91.8.251.24,1,44
41.175.173.141,1,52
106.45.238.231,1,32
101.121.254.184,1,60
191.127.163.50,1,32
173.101.111.125,1,32
174.188.125.199,1,32
52.254.73.101,1,76
124.238.147.66,1,52
222.75.28.210,1,32
120.155.54.248,1,32
5.64.104.147,2,80
107.210.186.196,1,32
62.11.68.251,1,32
188.167.230.207,2,88
74.215.54.91,1,44
212.29.7.73,1,32
60.150.159.80,1,76
78.29.7.3,1,32
177.62.218.191,2,80
88.223.59.197,1,32
102.102.137.52,1,32
201.7.74.126,1,32
212.4.57.174,1,60
24.226.110.6,1,32
49.108.183.216,1,32
69.143.129.79,1,32
94.30.199.228,1,32
183.173.146.88,1,40
95.191.41.135,1,32
66.196.238.15,1,32
121.67.17.236,1,32
198.183.172.131,1,32
149.0.128.211,1,32
84.54.192.57,1,52
76.65.38.227,1,32
37.245.176.211,1,40
201.12.167.5,1,32
24.211.100.128,1,32
71.73.249.236,1,32
188.39.223.96,1,32
42.237.141.177,1,132
83.47.109.107,1,32
2.69.46.32,1,52
114.58.57.58,1,76
61.198.144.110,1,32
47.60.135.14,1,32
73.155.182.105,1,32
82.206.76.238,1,56
106.65.84.106,1,76
188.141.181.1,1,32
180.190.169.195,1,32
86.220.24.77,1,40
51.82.39.155,1,32
173.231.46.181,1,32
52.114.200.1,1,32
222.216.4.12,1,48
209.89.188.166,1,32
153.0.219.109,1,40
71.230.250.135,2,80
93.220.37.3,1,32
73.0.209.202,1,32
139.147.229.86,1,32
187.46.49.12,1,32
89.20.54.173,1,32
80.147.249.179,1,32
121.164.72.25,1,60
181.115.159.214,1,32
177.225.216.210,1,32
197.22.23.36,1,32
159.52.41.98,1,40
82.231.7.21,1,32
189.142.68.40,1,32
4.99.250.5,1,50
71.253.65.233,1,32
91.34.42.110,1,32
217.4.7.130,1,32
108.203.103.5,1,32
122.188.173.130,1,32
177.62.132.108,1,32
93.75.10.126,1,44
61.65.82.170,1,48
190.156.248.42,1,32
77.243.194.56,1,32
95.128.134.248,1,32
77.190.251.126,1,32
194.58.196.217,1,32
186.170.3.211,1,32
47.152.162.225,1,32
82.145.72.9,1,32
123.201.32.183,1,32
23.52.209.184,1,32
111.207.221.24,1,48
186.104.13.21,1,40
121.87.133.14,1,60
67.165.69.239,1,32
89.89.68.138,1,32
190.163.120.131,1,32
69.1.204.212,1,32
93.14.246.168,1,32
167.82.30.54,1,32
35.74.42.110,1,40
125.160.177.244,1,76
93.3.241.197,1,32
41.161.156.9,1,40
209.7.85.223,1,32
196.254.197.54,1,32
45.195.215.243,10,5578
76.151.139.64,1,32
96.47.31.87,1,40
124.210.38.155,1,32
178.247.165.157,1,40
79.12.243.219,1,32
47.124.128.144,1,52
181.41.146.4,1,44
182.63.79.188,1,40
88.11.63.84,1,40
45.7.197.58,1,32
108.75.166.58,1,32
90.81.0.6,1,60
81.87.93.204,1,32
62.174.8.75,1,32
212.65.190.123,1,32
213.93.27.143,1,32
46.86.57.30,1,48
87.225.115.27,1,32
37.17.203.207,2,80
203.43.247.2,1,32
114.42.26.220,1,52
203.136.241.9,1,44
13.161.234.147,1,52
189.3.151.206,1,32
202.201.83.29,8,3825
184.43.136.137,1,32
180.82.245.60,1,32
115.255.39.171,1,32
69.237.155.125,1,32
177.138.150.9,2,80
182.99.251.67,1,60
99.198.137.22,1,32
103.207.191.124,2,104
207.245.35.14,1,32
82.62.9.54,1,32
71.230.250.137,2,80
122.141.22.189,1,40
125.110.115.176,1,32
200.8.79.66,1,44
176.6.37.97,1,32
211.38.215.95,3,120
101.32.78.177,1,32
37.148.86.137,1,52
117.202.188.76,1,52
83.238.25.216,1,32
107.177.79.153,1,32
197.215.221.108,1,32
84.127.188.252,1,32
37.227.162.242,1,32
92.78.141.157,4,374
201.58.38.102,1,32
12.48.115.117,1,32
151.161.27.156,1,44
190.82.249.41,1,32
41.163.106.52,1,40
61.219.80.107,1,32
36.164.89.38,1,32
83.172.196.137,1,32
18.209.249.166,1,32
171.215.113.100,1,48
60.128.126.157,1,40
213.213.7.188,1,32
181.207.102.79,1,32
87.88.29.231,1,32
217.219.152.214,1,56
98.30.238.86,1,32
78.176.181.247,1,32
200.53.225.79,1,32
92.228.7.111,1,32
49.245.151.233,1,32
83.248.80.110,1,32
23.247.182.238,1,32
45.38.28.147,1,32
177.244.199.180,1,32
153.83.217.142,1,32
36.162.97.95,1,32
59.70.121.113,1,32
217.219.30.165,1,52
66.103.73.237,1,32
86.150.185.46,1,32
125.96.159.150,1,60
39.36.173.114,1,32
71.230.250.149,2,80
61.67.114.133,1,60
50.23.182.62,1,32
109.112.181.143,1,32
190.91.248.222,1,32
138.103.212.205,1,52
71.215.196.15,1,44
187.244.145.140,1,40
172.113.136.65,1,32
185.164.8.155,1,32
91.238.255.94,1,32
154.128.144.163,1,48
177.215.191.66,1,60
34.197.148.158,1,32
182.199.89.188,1,32
191.215.25.147,1,32
187.246.71.62,1,32
68.191.12.57,1,32
47.128.38.101,1,32
34.252.90.188,1,32
109.164.162.27,1,32
141.149.144.233,1,173
162.41.215.108,1,32
110.76.119.77,1,32
78.200.219.51,1,32
213.241.210.102,1,60
36.195.180.202,1,60
139.173.184.33,1,40
160.12.182.191,1,32
89.143.78.58,1,52
178.194.85.67,1,32
194.68.130.186,1,32
86.198.32.17,1,32
186.216.37.197,1,40
95.126.4.83,1,32
46.103.218.88,1,32
201.42.134.53,1,32
14.231.80.211,1,52
194.148.155.231,1,32
42.91.169.14,1,76
187.85.208.210,1,44
81.25.67.226,1,32
61.124.89.143,1,52
120.131.177.91,1,32
149.158.103.186,1,60
103.58.196.177,1,60
196.207.8.210,1,32
189.132.94.185,1,32
77.81.167.99,1,40
184.16.75.47,1,32
108.143.12.132,1,32
83.165.170.157,1,32
180.72.236.31,1,32
119.219.167.141,1,52
50.25.212.250,1,52
212.10.50.91,1,40
125.32.255.196,1,44
58.218.162.71,1,76
183.154.184.34,1,40
144.164.73.65,1,32
115.203.82.116,1,32
175.114.36.17,1,32
24.54.88.248,1,32
1.50.233.227,1,32
191.158.89.196,1,32
156.49.55.166,1,40
109.4.236.246,1,40
122.215.245.159,1,76
88.60.161.212,1,40
110.53.122.15,1,32
47.17.154.90,1,32
210.68.53.216,2,80
124.239.9.181,1,32
128.38.221.195,1,32
180.150.201.17,1,40
113.105.201.186,1,60
36.30.11.250,1,40
157.222.86.44,1,52
70.61.68.185,1,58
77.141.179.94,1,32
35.64.95.7,1,52
117.200.17.192,1,32
76.255.183.131,1,32
79.141.123.90,1,32
193.135.101.186,1,32
126.230.78.36,1,76
68.35.124.255,1,32
80.19.40.123,1,32
149.55.8.127,1,40
75.153.55.235,1,32
54.208.142.36,1,76
92.24.203.254,1,32
88.179.13.164,1,32
182.130.243.181,1,56
84.3.251.189,1,32
74.193.127.244,1,52
41.33.148.99,1,40
218.144.208.93,1,32
212.19.244.86,1,32
103.62.200.153,1,32
93.35.113.130,1,40
170.214.206.73,1,60
88.247.231.157,1,60
82.115.236.195,1,40
223.132.25.124,1,32
121.185.8.104,1,40
54.208.220.59,1,40
75.141.211.239,1,32
27.35.33.234,1,32
99.44.18.60,1,32
46.76.249.169,1,32
93.134.139.172,1,32
2.255.127.28,1,32
64.22.160.66,3,3071
129.25.244.222,1,32
121.2.236.188,1,32
196.209.106.77,1,32
177.164.6.29,1,32
115.192.210.69,1,58
52.73.109.62,1,32
123.191.174.49,1,32
119.11.72.234,1,32
188.54.152.40,1,32
73.69.57.102,1,32
211.47.147.107,1,32
200.103.175.145,1,44
183.85.218.83,1,60
126.212.236.213,1,32
79.77.249.25,1,32
79.193.40.179,1,32
90.35.17.233,1,32
174.226.214.77,1,32
219.111.2.214,1,56
203.4.195.184,1,32
64.226.74.215,1,40
65.72.111.238,1,32
189.111.38.132,1,32
189.18.193.114,1,32
89.87.29.22,1,32
96.90.175.222,1,32
173.179.84.171,1,60
178.103.150.230,1,60
154.201.219.186,1,96
2.241.120.226,1,32
23.64.34.243,1,32
218.12.36.237,1,32
92.133.196.50,1,44
138.185.167.66,1,44
171.134.89.124,1,32
125.96.72.74,1,32
117.117.95.121,10,493
85.113.71.201,1,32
70.28.241.216,1,32
112.186.159.211,1,32
12.65.167.127,1,40
74.247.225.37,1,32
71.51.238.57,1,32
126.244.99.203,1,32
50.14.87.9,1,32
176.109.189.79,1,32
219.234.0.11,1,56
91.16.11.24,2,80
95.88.28.90,1,32
183.138.81.51,1,32
27.23.153.134,1,32
209.21.54.253,1,32
92.38.17.144,2,64
94.176.89.215,1,32
78.235.126.149,1,32
34.241.136.9,1,32
121.135.171.9,1,60
129.129.190.247,1,32
154.114.197.105,1,32
118.25.128.204,1,40
66.31.253.238,1,32
91.212.186.175,1,32
116.254.97.179,1,32
85.93.103.69,1,32
178.47.74.18,1,44
113.59.241.29,1,76
220.249.174.206,1,32
94.39.210.248,1,32
83.15.232.139,1,32
218.49.231.235,1,32
2.37.179.66,1,32
121.154.102.59,1,32
220.146.74.20,1,32
5.35.165.64,1,32
5.140.224.204,1,40
72.242.58.24,1,52
173.167.109.123,1,32
99.208.146.121,1,32
122.254.16.185,1,32
122.182.171.253,1,32
201.16.237.77,1,32
112.228.202.132,1,64
45.52.95.173,1,32
78.23.254.125,1,32
177.65.98.33,1,40
179.52.237.252,1,40
129.240.90.62,1,40
83.193.71.23,1,40
196.131.171.46,1,56
73.149.79.100,1,32
95.55.66.88,1,32
114.170.175.9,1,40
200.243.173.250,1,60
197.68.139.116,1,40
117.41.3.149,1,40
211.230.223.72,1,32
182.135.117.121,1,60
109.0.213.10,1,32
136.103.139.223,1,32
103.12.98.255,1,32
64.119.99.87,1,32
89.214.30.199,1,40
91.134.124.67,1,32
78.184.82.161,1,32
73.76.87.119,1,32
179.148.194.174,1,32
178.167.158.177,1,32
190.174.249.206,1,32
184.24.187.11,1,32
70.190.123.105,1,32
78.41.66.1,1,32
89.36.88.84,1,32
180.124.35.76,1,32
81.133.137.163,1,32
171.168.125.62,1,48
82.152.207.100,1,32
213.131.88.170,1,40
195.54.145.138,1,84
222.68.18.196,1,32
116.6.233.200,1,60
37.17.216.127,1,40
101.125.202.225,1,52
69.39.238.168,1,32
182.179.174.245,1,32
43.196.81.73,2,104
97.43.110.215,1,32
61.26.0.127,1,96
77.179.186.248,1,32
75.70.7.34,1,32
86.252.37.7,1,32
1.94.188.115,1,52
66.29.38.18,1,40
113.6.208.16,1,76
115.47.87.137,1,32
116.30.114.120,1,32
201.69.72.152,1,32
104.6.126.244,1,52
211.162.99.112,1,32
80.57.114.167,1,40
128.59.182.137,1,32
12.66.170.181,1,32
210.152.109.221,1,164
71.236.99.87,1,32
46.245.148.245,1,40
168.250.216.38,1,32
130.33.169.240,1,32
86.192.221.45,1,32
47.127.39.60,1,32
69.193.76.30,1,32
185.209.115.115,1,32
81.99.210.194,1,40
211.233.0.18,1,76
183.188.30.141,4,4117
70.77.16.194,1,32
64.198.116.17,1,60
59.55.129.97,1,40
190.31.247.166,1,32
186.249.79.217,1,40
122.60.61.21,1,44
34.243.213.146,1,32
5.64.104.152,1,40
185.82.129.126,1,32
186.205.138.106,1,32
108.73.130.208,1,52
13.30.139.66,1,76
77.130.71.157,1,32
24.91.201.254,1,32
74.207.70.245,1,32
83.85.58.204,1,32
14.240.94.150,1,32
211.220.155.214,1,52
121.167.13.97,1,40
91.96.76.144,1,32
54.142.240.209,1,32
79.51.18.73,1,32
79.196.244.197,1,32
123.183.90.65,1,76
172.103.147.166,1,32
79.253.49.143,1,32
103.72.27.25,1,40
213.70.236.98,1,40
98.88.146.234,1,32
217.172.109.78,1,32
91.255.183.174,1,60
185.238.60.114,1,84
109.163.36.194,1,32
193.214.3.153,1,60
110.60.46.146,1,60
50.59.188.150,1,32
114.154.99.233,1,32
83.89.167.197,1,32
194.110.185.79,1,32
151.95.155.217,6,442
180.189.21.249,1,32
31.211.21.120,1,32
123.146.187.13,1,32
1.81.123.70,1,32
92.194.203.24,1,40
186.22.121.24,1,32
108.166.82.58,1,32
81.214.240.171,1,44
184.97.231.142,1,32
13.195.56.254,1,32
121.169.8.105,1,40
93.189.162.233,1,40
124.71.83.20,1,32
88.101.137.15,1,32
177.118.76.169,1,32
17.199.46.112,13,8155
81.114.201.58,1,32
162.5.231.86,1,60
219.105.94.243,1,32
194.175.196.57,1,60
212.126.93.97,1,32
158.105.250.165,1,32
23.208.116.141,1,52
184.168.20.207,1,32
151.237.14.183,1,32
219.1.46.251,1,32
176.111.128.249,1,32
75.152.249.40,1,32
158.250.30.115,1,32
109.29.232.121,1,32
93.46.96.23,1,52
85.22.209.255,1,40
91.147.174.230,1,32
78.104.75.153,1,40
178.223.111.52,1,40
139.173.146.150,1,40
88.148.247.93,1,32
101.112.23.78,1,76
117.33.59.67,1,32
82.246.233.222,1,32
178.228.43.150,1,32
108.79.185.162,1,32
185.138.108.139,1,40
46.3.72.152,1,32
205.84.90.56,1,40
70.113.214.245,1,32
35.68.158.149,2,138
221.222.147.26,1,56
83.242.68.103,1,32
220.173.21.161,1,32
186.21.144.32,1,44
220.131.74.133,1,96
123.7.22.246,1,32
78.81.72.173,1,44
27.32.81.99,1,32
200.101.137.214,1,32
67.229.197.210,1,32
216.68.133.236,6,3279
122.60.26.185,1,44
159.1.246.10,1,32
77.188.6.244,1,32
181.234.136.37,1,32
122.119.171.151,1,40
105.151.245.28,1,32
37.148.215.248,1,32
84.17.76.207,1,40
126.137.236.24,1,76
12.4.6.230,1,32
94.200.118.169,1,40
73.140.82.46,1,32
85.117.25.44,1,32
81.62.219.55,1,60
185.101.13.169,1,40
109.206.240.221,1,32
164.48.28.88,2,88
60.203.33.110,1,32
71.164.146.51,1,32
169.53.57.107,1,40
88.27.232.70,1,32
102.85.23.212,1,32
83.207.22.25,1,32
86.156.248.134,1,32
46.109.224.157,1,44
101.55.193.168,1,40
80.56.228.66,1,32
49.206.159.92,1,76
46.131.182.29,1,32
40.138.215.78,1,60
182.88.98.24,1,52
70.25.246.132,1,44
89.25.171.54,1,32
77.148.0.8,1,32
194.103.65.126,1,56
96.21.9.115,1,32
124.57.45.108,1,32
111.112.66.15,1,32
76.241.78.247,1,32
204.66.54.114,1,32
54.48.84.236,1,76
52.249.98.10,2,1320
179.169.26.120,1,32
188.209.188.25,1,84
94.20.184.18,1,32
84.3.193.129,1,68
114.4.164.89,1,32
73.243.237.4,1,32
113.40.122.134,1,48
87.199.252.87,1,32
50.198.216.77,1,32
24.212.222.182,1,32
185.177.155.114,1,32
112.42.168.242,1,32
187.218.13.255,1,32
74.178.36.179,1,32
85.223.249.42,1,32
52.81.253.107,1,32
99.177.72.52,1,32
121.180.230.11,1,32
23.62.159.1,1,32
79.61.73.58,1,32
175.175.32.229,1,52
191.95.248.140,1,32
69.11.216.243,1,32
111.173.218.152,1,60
45.4.122.254,1,60
38.145.213.61,1,32
84.94.69.92,1,32
125.111.76.252,1,56
104.61.130.117,1,60
221.136.203.185,1,48
177.200.68.138,1,60
41.174.28.9,1,32
14.88.83.144,1,48
113.99.249.229,1,32
113.160.244.178,1,52
82.27.204.127,1,32
115.102.81.161,1,32
175.175.201.103,1,132
75.124.109.184,1,32
77.58.145.142,1,32
80.232.220.202,1,32
61.108.108.62,1,132
78.160.244.97,1,32
174.175.179.165,1,32
14.117.133.49,1,32
45.65.8.49,1,32
138.185.182.62,1,32
75.120.151.102,1,32
172.103.131.213,1,40
78.69.142.238,1,44
50.137.50.50,1,32
23.61.252.238,1,56
125.239.42.4,1,52
46.152.132.145,1,40
108.73.130.77,1,52
52.14.135.245,1,76
62.77.250.165,1,44
170.12.147.39,1,44
45.249.144.133,1,32
200.254.109.214,1,32
120.103.163.83,1,32
118.94.43.204,1,32
36.246.0.10,1,76
58.147.254.145,1,40
104.14.209.22,1,40
222.152.66.145,1,44
71.230.250.211,1,40
183.129.161.77,1,32
87.230.101.85,1,32
54.33.164.82,1,258
91.47.8.43,1,40
141.33.28.188,2,80
18.241.138.38,1,40
186.31.71.108,1,56
101.60.117.166,1,32
83.190.195.214,1,40
141.4.238.71,1,32
177.196.6.36,1,32
68.105.110.184,1,32
189.8.141.116,1,40
104.162.173.232,1,32
148.251.119.14,1,32
88.29.237.187,1,32
113.149.87.48,1,40
115.57.198.204,1,32
172.72.92.76,1,32
184.166.5.21,1,32
75.142.86.67,1,32
84.35.203.166,1,32
176.208.188.92,1,32
206.190.168.228,1,32
71.213.44.104,1,40
109.223.148.78,1,40
151.78.40.84,1,40
188.140.212.25,1,32
94.105.18.68,1,52
183.210.247.227,1,60
101.124.190.71,1,32
62.44.21.229,1,60
203.172.117.2,1,52
186.216.142.57,1,40
34.248.113.88,1,32
116.154.217.61,1,48
12.76.55.39,1,32
175.115.12.34,1,76
83.174.72.199,1,32
126.251.18.6,1,32
24.149.9.216,1,32
91.100.65.158,1,32
208.39.163.44,1,32
110.157.58.168,1,56
14.205.6.29,1,40
189.164.254.5,1,32
182.25.87.21,1,48
13.29.194.28,1,60
118.253.183.51,1,76
81.203.6.229,1,32
210.148.236.158,1,76
129.6.164.92,1,32
36.251.242.238,1,52
23.117.19.33,1,32
221.40.216.11,1,40
81.217.27.215,1,32
2.67.193.230,1,44
59.31.77.134,1,32
72.163.92.251,1,32
108.131.72.49,1,32
83.158.132.221,1,32
95.154.145.199,1,32
47.141.55.217,1,32
106.50.77.0,1,76
181.28.218.109,1,32
93.175.170.100,1,32
190.138.204.192,1,32
177.193.227.18,1,60
179.227.241.151,1,32
83.11.109.46,1,32
36.16.38.12,1,52
175.205.121.63,1,32
103.94.4.236,1,40
94.120.227.69,1,32
121.147.126.46,1,32
223.106.131.21,1,48
80.63.75.248,1,32
116.35.172.230,1,52
218.149.103.175,1,60
23.208.73.192,1,32
50.203.67.194,1,32
106.49.23.96,1,76
61.65.210.76,1,52
88.58.121.109,1,32
81.236.79.10,1,56
31.163.202.190,1,40
211.12.178.136,1,32
139.173.99.128,3,330
76.233.177.2,1,32
187.198.2.255,1,40
188.28.168.193,1,40
173.99.170.179,1,32
212.44.36.166,1,32
80.50.17.244,1,32
172.66.152.221,1,32
85.163.157.216,1,32
82.217.39.46,1,32
67.73.200.135,1,32
212.24.80.122,1,52
78.121.86.245,1,32
216.68.133.187,8,1139
115.246.7.10,1,32
220.6.49.204,1,32
222.218.43.112,1,60
89.203.242.131,1,44
131.231.104.64,1,32
79.189.233.132,1,32
190.35.46.140,1,44
79.116.36.10,1,32
118.180.172.198,1,32
24.13.151.85,1,32
114.57.225.67,1,32
14.40.57.27,1,32
24.20.167.135,1,32
180.91.0.128,1,32
201.133.137.243,1,32
109.21.30.186,1,44
104.136.91.124,1,32
118.174.122.38,1,32
189.90.53.31,1,40
40.139.54.121,1,32
116.188.96.235,1,32
38.132.37.230,1,60
61.5.63.63,1,32
170.12.131.74,1,60
95.73.218.213,1,52
202.51.164.10,1,32
193.250.79.150,1,32
37.132.30.183,2,100
183.109.81.12,1,32
119.141.171.153,1,76
27.98.141.106,1,32
115.227.89.255,1,60
86.223.67.244,1,32
103.39.191.146,1,40
79.128.72.221,1,32
156.36.241.5,1,40
166.132.36.5,1,32
109.24.146.76,1,32
78.139.120.61,1,32
189.101.79.162,1,32
92.41.225.201,1,32
1.4.105.252,1,32
64.65.167.229,1,32
69.100.194.102,1,56
117.117.90.237,2,104
211.166.94.34,1,32
180.123.105.249,1,32
179.116.67.133,1,32
121.139.233.151,1,40
68.74.150.163,1,32
113.154.2.145,1,52
180.133.156.200,1,132
126.22.255.249,1,76
65.250.153.55,1,32
78.255.224.98,1,32
179.185.224.233,1,32
125.35.53.192,1,44
213.171.44.105,1,32
221.153.108.108,1,32
78.49.219.56,1,32
220.203.125.124,1,76
181.55.237.157,1,32
191.213.33.20,1,32
51.61.206.225,1,60
191.85.246.82,1,32
18.212.91.33,1,32
2.160.203.61,1,44
92.249.17.85,1,32
99.217.160.216,1,32
172.102.228.13,1,40
87.13.1.223,1,32
27.255.239.186,1,32
58.188.147.101,1,32
120.173.39.130,1,52
114.244.118.233,1,44
93.58.176.10,1,32
90.39.199.244,1,32
88.132.160.254,1,44
192.240.66.130,1,79
192.240.67.4,1,79
218.99.215.186,2,80
2.39.185.98,1,32
87.112.242.147,1,32
91.75.5.49,1,32
220.49.231.247,1,32
104.13.49.160,1,79
116.192.137.22,1,52
88.154.135.103,1,32
151.195.206.35,1,48
37.17.212.154,1,40
172.249.28.121,1,52
177.32.164.252,1,56
24.31.187.181,1,32
58.206.224.221,1,32
211.236.126.177,1,40
192.69.7.122,1,32
112.244.19.251,1,32
218.130.19.107,1,32
52.7.88.51,1,32
190.250.81.38,1,32
179.130.217.64,1,32
121.105.124.135,1,32
114.153.192.108,1,32
89.29.27.13,1,32
69.183.253.11,1,32
120.147.239.3,1,40
223.13.52.53,1,60
87.173.169.154,1,32
62.237.172.33,1,48
79.100.111.201,1,32
139.237.133.115,1,32
141.119.24.178,1,32
24.26.97.93,1,32
189.250.13.106,1,32
178.220.235.241,1,52
49.54.113.235,1,52
123.112.225.25,1,32
86.231.209.68,1,32
220.145.31.108,1,40
5.141.155.170,1,32
78.11.237.74,1,32
180.48.147.187,1,32
203.136.241.14,1,44
42.51.5.89,1,32
88.220.175.200,1,32
62.154.174.179,1,52
95.80.200.193,1,32
59.124.19.70,1,32
58.37.141.44,1,32
174.117.219.208,1,32
91.24.232.216,1,32
187.101.128.187,1,40
50.185.24.114,1,32
181.2.60.137,1,32
109.188.118.7,1,32
118.135.207.219,1,40
118.229.64.153,1,40
206.224.59.54,1,32
125.204.54.229,1,52
41.80.25.170,1,40
72.152.156.42,1,32
124.100.131.60,1,56
222.212.66.62,1,48
93.221.196.91,1,32
217.156.209.23,1,32
78.3.103.174,1,32
109.222.156.43,1,32
2.197.52.197,1,32
104.59.105.21,1,32
218.96.175.250,1,32
219.112.61.184,1,32
72.15.19.208,1,32
37.208.109.138,1,32
195.5.125.121,1,60
178.247.136.36,1,32
110.234.139.140,1,32
73.113.147.136,1,32
221.18.158.231,1,32
188.89.129.236,1,32
12.130.103.177,1,32
1.196.160.31,1,76
27.247.2.26,1,60
198.178.216.62,1,56
24.124.19.192,1,32
95.73.184.197,1,32
172.249.29.69,1,48
61.78.30.225,1,32
90.35.82.226,1,32
191.246.202.238,1,32
73.122.231.78,1,32
59.43.253.53,1,32
41.175.121.193,1,44
213.188.101.241,1,32
88.107.142.184,1,32
89.18.52.99,1,40
134.125.238.31,1,32
41.115.100.138,1,32
110.37.236.48,1,32
166.255.60.244,1,32
80.227.216.112,1,32
185.91.39.14,1,40
52.92.251.79,1,32
203.136.241.35,1,44
5.99.117.148,1,60
154.117.228.123,1,32
82.171.84.99,1,32
125.249.25.106,1,52
199.26.144.147,1,32
218.173.175.247,1,32
31.208.102.120,1,40
89.2.2.39,1,32
174.239.209.99,1,32
141.33.116.45,1,32
187.120.214.66,1,32
184.19.134.220,1,32
114.107.179.233,1,32
98.59.67.168,1,32
182.26.106.183,1,76
172.103.153.252,1,40
99.183.102.251,1,60
89.92.77.158,1,52
156.111.158.199,1,32
89.196.183.247,1,32
49.223.106.101,1,32
107.161.177.139,1,40
52.224.251.219,1,32
83.40.217.163,1,32
197.16.172.48,1,40
106.14.120.115,1,32
78.125.182.57,1,32
77.129.208.167,1,40
45.127.182.37,1,76
67.240.41.218,1,32
67.187.139.224,1,32
66.147.197.76,1,32
23.64.129.24,1,96
187.205.27.68,1,32
183.97.217.162,1,32
87.60.221.224,1,32
118.190.95.17,1,32
95.51.93.173,1,32
1.67.97.27,1,32
207.67.103.124,1,32
201.62.22.17,1,60
125.191.144.97,1,40
79.106.99.17,1,60
155.129.111.220,1,32
27.243.37.119,1,60
89.21.38.76,1,32
38.141.214.196,1,32
64.171.34.49,1,56
96.78.78.134,1,32
103.251.152.123,1,48
5.47.45.51,1,32
209.140.18.100,1,32
125.70.83.195,1,32
119.13.209.54,1,32
221.102.44.69,1,32
178.1.115.165,1,40
59.63.3.80,1,60
125.174.214.54,1,32
196.255.203.152,1,32
72.76.177.42,1,32
156.61.31.206,1,40
180.98.146.191,1,48
88.241.0.94,1,60
106.71.200.159,1,40
177.150.51.244,1,32
17.192.250.202,1,52
52.86.37.148,1,32
96.4.168.9,1,32
120.171.189.201,1,86
171.166.161.136,1,40
23.64.129.35,1,96
34.235.187.106,1,32
77.26.30.96,1,32
90.113.148.90,1,40
176.54.237.64,1,32
222.72.9.73,1,48
186.105.87.44,1,32
179.214.247.239,1,32
191.214.29.208,1,40
92.53.89.174,1,32
78.68.117.86,1,40
94.132.224.251,1,32
213.115.88.8,1,40
61.65.210.78,1,52
222.169.42.117,1,48
94.236.202.194,1,84
70.63.76.145,1,32
37.96.34.150,1,32
62.145.56.193,1,32
14.78.195.83,1,64
139.173.159.2,1,40
67.176.103.201,1,32
37.17.209.250,1,40
82.141.110.2,1,32
5.141.118.112,1,40
191.159.233.187,1,32
5.99.123.229,1,60
98.3.253.222,1,40
58.233.210.14,1,76
173.241.115.22,1,32
98.4.141.107,1,32
107.135.182.211,1,32
106.198.136.114,1,32
54.210.136.200,1,32
117.91.6.17,1,48
221.199.206.60,1,32
60.59.14.235,3,120
94.250.18.171,1,32
175.234.19.88,1,32
14.130.19.129,1,60
113.121.112.219,1,76
112.254.81.128,1,40
106.41.86.59,1,40
90.138.124.195,1,32
69.2.46.59,1,32
94.240.152.215,1,32
197.224.55.126,1,32
54.35.224.235,1,300
118.112.108.49,1,44
112.250.30.225,1,32
103.48.131.32,1,44
35.121.198.227,1,32
187.199.22.213,1,32
111.249.7.201,1,52
137.165.23.24,1,32
62.90.138.112,1,44
178.53.84.144,1,32
118.193.146.228,1,40
37.110.67.185,1,52
79.14.142.173,1,32
91.232.125.46,1,32
107.201.200.209,1,32
103.197.124.66,1,60
183.253.156.9,1,76
41.119.218.23,1,32
172.103.189.171,1,40
190.227.219.55,1,32
59.0.44.129,1,60
181.128.192.80,1,32
80.89.147.54,1,32
24.133.73.204,1,32
113.61.43.96,1,60
92.221.39.19,1,32
122.241.230.64,1,32
103.126.198.198,1,52
125.208.113.24,1,60
110.245.77.163,1,32
174.137.253.135,1,32
165.116.243.161,1,40
182.53.47.250,2,180
204.246.174.215,1,32
151.150.187.160,1,674
39.101.172.119,1,32
86.139.174.73,1,32
203.104.161.38,1,32
14.29.234.9,1,32
183.144.212.112,1,32
175.105.91.63,1,32
13.204.219.185,1,76
23.219.213.41,1,40
46.175.30.249,1,32
184.67.239.20,1,32
1.87.6.158,1,40
125.218.205.133,1,52
97.26.190.189,1,32
76.72.116.230,1,32
211.241.38.108,1,60
121.109.103.168,1,52
108.92.9.65,1,60
73.132.103.69,1,32
196.190.173.67,1,32
72.220.19.185,1,32
188.139.222.131,1,32
138.53.133.229,1,44
49.198.156.70,1,32
178.187.112.45,1,40
78.194.167.227,1,32
86.209.54.201,1,32
221.145.152.226,1,32
161.141.217.126,1,32
124.8.129.202,1,48
114.110.31.156,1,40
111.126.219.98,1,48
111.95.67.188,1,32
83.78.137.0,1,32
62.1.86.222,1,32
92.226.194.204,1,32
36.28.167.108,1,32
221.14.130.176,1,48
209.111.48.206,1,40
31.164.43.132,1,32
189.251.218.138,1,40
59.180.178.188,1,60
162.62.137.166,1,32
81.26.39.248,1,32
178.113.252.57,1,32
113.59.28.25,1,48
89.86.108.152,1,32
112.180.108.235,1,32
116.141.159.80,1,32
111.225.229.242,1,60
34.227.34.152,1,32
77.142.135.27,1,32
133.202.215.231,1,32
95.242.185.132,1,32
208.177.141.28,1,32
212.145.146.191,1,32
116.76.17.247,1,60
52.17.136.157,1,32
117.226.35.108,1,32
18.182.47.9,1,32
81.100.97.125,1,32
112.161.112.0,1,28
114.14.50.127,1,32
180.128.217.44,1,52
210.181.81.57,1,32
117.10.102.219,1,32
81.184.162.10,1,32
190.160.250.110,1,32
80.6.218.173,1,32
60.71.239.73,1,32
140.229.127.9,1,32
50.137.161.113,1,32
61.120.49.3,1,32
212.146.113.103,1,60
91.128.230.154,1,32
1.63.121.152,1,58
50.54.182.42,1,32
221.15.246.157,1,32
174.112.46.57,1,60
220.50.186.235,1,32
119.203.111.174,1,32
117.101.224.131,1,32
24.156.217.23,1,32
73.53.33.108,1,32
58.114.241.81,1,32
84.14.112.225,1,85
71.230.250.187,1,40
209.180.46.11,1,32
154.167.44.4,1,60
190.241.163.189,1,32
2.20.11.125,1,32
189.208.82.63,1,32
190.44.64.29,1,32
114.96.10.81,1,48
216.32.16.244,1,32
126.209.185.190,1,32
217.15.233.221,2,104
86.74.175.246,1,134
221.132.105.146,1,60
90.113.154.159,1,40
27.40.118.9,1,32
46.185.119.152,1,40
111.245.206.53,1,32
208.73.205.156,1,32
91.187.180.106,1,32
202.65.245.113,1,537
223.139.22.87,1,48
93.132.73.63,1,32
31.83.40.69,1,32
169.46.236.119,1,32
151.217.224.84,1,32
2.71.38.131,1,52
208.126.88.203,1,59
186.101.7.130,1,32
195.200.182.98,1,32
123.145.95.198,1,32
68.119.203.2,1,32
207.72.188.181,1,58
212.211.57.89,1,32
194.69.11.29,1,32
213.241.214.199,1,32
71.196.239.0,1,44
111.194.130.213,1,40
91.178.49.151,1,32
177.184.26.200,1,32
86.106.82.46,1,32
78.62.40.181,1,32
123.161.75.149,1,76
213.158.156.10,1,32
183.96.254.80,1,52
114.35.249.156,1,76
111.121.31.86,1,40
217.253.252.19,1,32
5.140.238.97,1,40
121.173.19.57,1,32
61.92.219.182,1,52
81.109.202.70,1,40
179.237.32.158,1,32
72.108.175.24,1,32
109.64.134.255,1,40
200.59.199.221,1,32
220.55.40.210,1,44
211.236.126.188,1,40
117.119.50.188,1,32
125.208.7.143,1,52
86.169.249.0,1,32
175.134.240.184,1,60
179.217.158.72,1,44
176.106.127.221,1,32
5.75.87.155,1,32
23.29.132.8,1,32
190.119.222.144,1,32
197.50.178.239,1,32
181.206.150.117,1,32
112.230.43.176,2,112
216.69.151.10,1,32
177.176.18.24,1,32
178.238.198.163,1,32
109.224.50.28,1,32
5.142.153.72,1,32
113.50.100.28,1,32
113.69.21.60,1,52
23.53.239.109,1,32
12.86.206.61,1,32
113.57.150.145,1,52
177.70.51.96,1,60
151.44.238.17,1,32
112.142.141.164,1,32
111.170.108.167,1,32
213.195.209.102,1,32
190.126.105.85,1,40
88.237.239.20,1,60
46.206.4.181,1,32
222.119.40.185,1,60
68.16.16.250,1,32
60.215.180.21,1,32
115.60.227.156,1,32
200.3.236.101,1,32
103.206.109.3,1,32
41.167.209.136,1,40
94.198.25.64,1,40
177.184.173.127,1,32
191.193.11.77,1,32
65.100.194.29,1,60
201.151.21.106,1,32
118.255.37.76,1,32
46.125.168.151,1,32
60.196.146.102,1,32
98.154.239.230,1,32
116.164.135.74,1,32
31.163.12.120,1,40
24.104.75.204,1,32
193.70.59.182,1,32
110.71.48.220,1,58
173.168.165.126,1,32
173.170.159.249,1,32
39.13.187.105,1,32
85.111.17.29,1,32
179.26.186.184,1,32
178.242.140.70,1,32
113.160.210.242,1,52
122.59.113.241,1,44
121.117.253.105,1,60
130.182.242.49,1,96
182.245.46.26,1,32
111.73.13.15,1,48
71.230.250.174,1,40
117.247.23.164,1,40
197.42.245.112,1,32
88.126.82.193,1,32
78.203.56.155,1,32
66.201.230.129,1,32
151.19.38.28,1,32
126.195.90.141,1,32
103.241.247.62,1,60
208.184.92.126,1,32
14.244.33.255,1,32
146.144.236.81,1,32
119.1.33.214,1,32
189.202.242.183,1,32
188.163.119.182,1,52
189.234.119.159,1,32
78.106.146.168,1,32
31.146.152.130,1,32
152.60.206.25,1,32
84.214.149.184,1,32
27.210.80.172,2,100
24.194.45.88,1,32
66.28.195.237,1,44
49.51.242.122,1,52
176.186.93.17,1,64
223.141.55.51,1,32
177.229.137.131,1,32
94.222.214.201,1,32
87.20.18.202,1,32
188.29.224.147,1,32
115.202.47.254,1,32
58.117.51.109,1,32
106.96.198.226,1,40
47.83.32.151,1,32
176.36.129.15,1,426
88.55.22.71,1,32
210.117.144.51,1,32
222.67.100.27,1,32
125.73.158.113,1,32
91.28.19.203,1,56
68.251.17.155,1,32
60.77.24.250,1,32
73.83.78.11,1,32
93.37.217.51,1,32
93.231.237.127,1,32
52.249.76.54,1,76
182.71.203.50,1,44
40.141.209.105,1,32
103.228.12.28,1,40
108.25.206.48,1,32
36.20.114.86,1,52
27.217.124.224,1,48
151.180.106.77,1,40
93.145.228.118,1,32
128.39.92.9,1,32
71.50.16.148,1,32
89.114.97.166,1,32
68.221.181.213,1,32
220.248.179.81,1,32
108.152.76.103,1,32
187.72.230.54,1,32
96.216.19.218,1,32
39.46.150.59,1,93
61.186.146.161,1,32
201.223.238.214,1,32
185.44.239.12,1,32
75.180.157.241,1,32
23.236.110.19,1,32
211.77.82.251,1,32
69.252.122.187,1,32
213.234.52.117,2,104
179.227.132.145,1,40
54.208.206.224,1,178
162.39.113.55,1,32
84.17.58.81,1,32
207.92.72.98,1,32
189.184.17.252,1,32
134.214.198.62,1,40
213.141.101.213,1,40
172.18.133.138,1,32
182.193.30.249,1,32
59.148.42.93,1,40
110.39.144.43,1,44
73.73.162.161,1,32
2.69.211.183,1,32
182.89.137.201,1,40
12.153.109.161,1,32
47.101.81.170,1,32
194.182.57.156,1,32
1.62.75.114,1,32
110.56.140.249,1,132
171.204.186.97,1,132
139.232.216.49,1,76
24.227.108.116,1,32
66.177.205.122,1,32
45.205.183.62,1,32
178.220.126.147,1,40
98.31.236.182,1,32
208.127.215.66,1,48
78.149.174.79,1,32
149.55.97.239,1,40
195.111.9.63,1,32
187.158.38.239,1,44
82.166.232.235,1,32
35.12.103.138,1,40
91.50.189.207,1,32
42.224.83.211,1,32
209.130.52.76,1,32
24.43.97.121,1,32
185.227.82.182,1,40
203.97.208.39,1,32
180.80.19.65,1,40
73.224.153.139,1,60
59.151.248.117,1,52
87.131.253.167,1,32
125.253.14.139,1,44
1.58.129.115,1,52
5.141.115.181,1,40
69.96.30.103,1,32
162.53.132.141,1,32
221.93.228.12,1,32
61.70.236.12,1,32
23.45.55.232,1,32
67.164.36.114,1,32
90.44.31.61,1,32
182.178.108.184,1,32
88.95.172.166,1,32
180.34.182.162,1,32
167.149.173.137,1,32
189.234.1.15,1,32
23.100.142.169,1,32
125.200.230.160,1,32
24.66.49.124,1,32
156.37.186.9,1,40
202.143.125.160,1,40
104.31.187.46,1,32
2.20.164.149,1,32
82.24.62.106,1,32
220.185.206.226,1,32
185.127.93.61,1,40
220.181.197.137,1,121
87.119.41.112,1,32
73.100.8.175,1,32
79.27.81.119,1,32
222.187.210.44,1,32
74.193.223.128,9,11624
67.228.68.159,1,32
202.232.245.35,2,135
62.117.4.104,1,96
52.103.141.76,1,52
93.165.144.166,1,32
125.209.247.149,1,32
191.26.70.234,1,32
74.107.91.50,1,32
46.73.121.143,1,32
212.128.96.110,1,32
197.254.61.103,1,40
