,dip_ct,dip_pkt_size_ct
203.77.107.167,5307,183402
203.77.127.55,37,3411
133.149.115.88,1,44
163.33.191.215,920,1319862
202.25.109.121,2535,3321227
203.77.116.218,1313,68520
133.149.212.28,1,40
202.204.56.129,51,4444
163.33.190.85,1,40
150.75.62.28,73,4103
163.33.36.234,2,80
203.77.19.9,1,40
203.77.123.104,1,40
133.149.34.142,1,40
203.77.121.134,6,4866
133.149.254.120,9,1624
150.75.140.95,1,28
203.77.110.224,1,40
163.33.178.207,1,40
203.77.127.49,16,1257
150.75.40.138,1,40
150.75.20.235,1,40
202.198.35.33,1,40
203.77.126.180,2007,708569
163.33.206.250,1,40
150.75.240.252,1,40
133.149.35.25,5,240
202.204.56.143,189,6804
150.75.63.99,55,3479
202.198.19.208,1,40
203.77.116.213,788,353141
133.11.70.133,57,3259
133.149.46.187,1,40
133.149.196.245,1,40
203.77.22.203,1,40
150.75.129.83,1,40
133.149.72.133,1,40
150.75.68.54,1,40
163.33.247.209,34,6926
133.11.70.153,81,8443
133.149.195.235,1,40
202.198.44.179,1237,1420958
163.33.99.44,11,6140
163.33.92.117,277,309599
133.11.70.139,121,12396
163.33.191.103,8,1036
163.33.164.149,1,52
163.33.141.88,2494,3556444
203.77.66.17,1,40
133.149.219.227,1,40
150.75.157.211,1,40
150.75.44.157,1,40
203.77.11.31,1,44
133.11.69.194,59,3262
150.75.32.144,1,40
133.149.91.217,1,40
133.11.76.207,1,40
133.149.49.0,1,40
150.75.122.72,1,44
163.33.175.117,1,40
133.11.121.19,1,40
203.77.16.20,1,52
163.33.235.129,5,340
203.77.122.57,62,4938
203.77.115.6,11,1720
163.33.82.225,6,240
163.33.173.138,1,40
202.198.7.126,34,13546
202.198.24.3,1,40
163.33.198.198,3,179
203.77.7.23,1,40
163.33.174.24,6,1140
203.77.124.116,3,237
163.33.234.157,1,40
150.75.33.63,1,40
150.75.250.137,1,40
163.33.187.105,1,40
203.77.118.202,169,12844
203.77.115.150,1,556
163.33.118.182,1,40
163.33.153.20,1587,2120801
150.75.51.234,1,40
133.11.96.229,1,40
202.198.44.138,68,6243
150.75.40.157,2,80
163.33.169.104,1,40
202.198.34.131,1,40
203.77.106.245,4633,6677982
133.11.70.132,127,13072
150.75.33.50,1,40
203.77.83.88,1,40
150.75.162.2,1,40
150.75.196.128,1,40
133.11.69.148,92,5240
203.77.62.5,1,40
202.15.129.55,3,120
150.75.233.129,1,40
133.11.70.151,69,7325
150.75.141.152,1,40
203.77.34.213,1,40
163.33.232.189,1,40
133.149.135.45,1,40
133.149.92.92,1,40
150.75.113.10,1,40
150.75.68.159,1,40
133.11.70.149,42,4112
133.149.156.118,1,40
150.75.124.188,6,408
133.149.214.110,1,40
150.75.134.0,1,40
133.149.200.212,1,40
150.75.68.117,1,40
150.75.160.142,1,40
203.77.113.246,111,43880
150.75.161.119,1,40
150.75.4.3,1,40
163.33.232.142,13,902
133.149.14.9,1,40
133.149.83.227,1,40
133.11.70.145,95,9890
163.33.57.0,1,52
150.75.161.127,1,40
133.11.113.158,1,40
150.75.197.115,1,40
150.75.96.236,1,40
163.33.66.70,1,40
163.33.183.81,1,40
203.77.127.57,8,413
133.149.118.2,1,44
150.75.151.2,1,40
150.75.151.99,1,40
150.75.63.125,69,4391
163.33.245.52,59,17278
203.77.42.236,1,40
203.77.36.168,1,40
150.75.107.134,1,40
150.75.208.76,1,40
163.33.106.104,2,100
163.33.39.149,1,40
202.198.23.245,1,40
133.149.152.116,1,40
133.11.70.154,89,9224
202.198.40.188,1,40
133.11.70.146,74,7315
163.33.117.162,1,40
202.198.16.236,1,44
202.198.28.139,1,40
133.149.158.97,1,44
203.77.120.158,15,1266
202.198.15.162,1,40
163.33.141.221,28,7334
133.149.30.112,1,40
150.75.26.111,1,40
133.11.76.15,1,40
150.75.146.110,1,40
163.33.20.114,1,40
203.77.71.254,1,40
203.77.115.252,1,40
150.75.107.217,1,40
150.75.149.87,1,40
150.75.161.67,1,40
150.75.100.140,1,40
202.204.62.88,1,40
203.77.20.45,1,44
150.75.132.27,1,40
163.33.176.87,1,40
163.33.94.165,218,296869
150.75.62.11,84,4950
202.204.56.145,1,40
203.77.38.97,1,40
133.11.70.156,118,11519
150.75.139.99,1,40
150.75.92.94,1,40
133.149.13.119,1,40
133.11.88.68,1,40
150.75.99.165,1,40
163.33.214.177,1,40
150.75.54.232,1,40
133.11.70.147,84,8914
163.33.24.232,1,40
150.75.43.151,1,40
150.75.183.232,1,44
133.149.99.59,1,40
133.149.8.239,1,40
203.77.63.90,1,40
133.11.110.43,1,52
133.11.80.54,1,40
203.77.45.174,1,40
202.204.62.169,153,91052
163.33.253.222,1,40
203.77.51.99,1,40
133.149.29.123,1,40
163.33.20.44,2,84
203.77.8.153,1,40
203.77.121.216,6,1455
133.149.9.99,1,40
133.149.218.94,1,40
203.77.30.121,1,40
203.77.8.209,3,128
202.198.12.227,1,40
133.149.11.160,1,40
202.198.47.204,1,40
163.33.24.55,1,44
133.149.11.250,1,40
133.149.58.233,1,40
163.33.174.26,4,991
203.77.84.27,2,80
133.149.99.98,1,40
203.77.125.61,2,80
163.33.15.231,1,40
202.198.11.170,1,40
203.77.49.251,1,40
133.11.70.142,134,14237
203.77.125.33,1489,2233500
133.11.92.244,1,40
150.75.85.156,1,44
150.75.85.31,1,44
163.33.203.125,7,391
203.77.115.33,47,2068
203.77.113.192,5,353
150.75.30.232,1,48
133.11.112.105,1,40
203.77.24.237,1,44
133.11.86.48,1,40
163.33.100.170,46,21980
133.11.70.152,81,8775
133.11.70.198,3,324
150.75.50.159,1,40
203.77.120.28,9,432
202.198.25.114,1,40
150.75.240.104,1,40
150.75.198.188,1,40
133.11.70.194,1,44
150.75.191.42,1,40
133.149.230.81,1,40
133.149.219.230,1,40
133.11.70.150,122,12424
163.33.254.24,1921,2634700
133.11.70.187,4,231
203.77.22.97,1,40
150.75.72.145,1,40
163.33.239.203,1,40
163.33.104.133,1,40
150.75.127.14,1,40
202.198.20.51,1,40
133.11.67.61,2,80
203.77.106.236,6,766
203.77.115.51,17,1596
202.204.62.172,1,187
133.11.83.110,1,60
203.77.81.55,1,40
163.33.61.141,1,40
163.33.85.163,1,40
203.77.120.143,10,1246
202.198.26.105,1,40
133.149.239.67,1,40
150.75.249.147,1,40
133.149.242.28,1,44
133.149.74.28,1,40
133.11.70.155,85,9384
203.77.58.174,1,40
150.75.157.125,1,40
150.75.236.208,1,40
133.149.109.91,1,40
203.77.126.80,153,7996
133.11.70.195,67,4040
203.77.36.21,1,40
150.75.15.37,1,40
163.33.57.10,45,63265
133.149.20.31,1,44
133.11.94.3,1,40
203.77.118.37,1,52
150.75.22.68,1,40
203.77.8.53,1,40
133.149.10.121,1,44
150.75.244.177,1,40
133.149.253.206,1,40
202.25.109.221,1,40
150.75.244.136,1,40
202.198.43.78,1,40
202.198.4.222,1,40
163.33.228.161,3,579
163.33.48.125,1,40
133.149.164.136,1,40
203.77.47.26,1,40
133.149.134.192,1,40
133.149.110.253,1,40
163.33.249.190,1,52
133.11.70.207,1,60
150.75.3.153,1,40
133.149.255.87,1,83
150.75.200.10,1,40
163.33.117.81,1,40
150.75.65.75,1,40
163.33.158.14,1,40
150.75.61.154,1,40
203.77.4.105,1,40
133.149.214.13,1,40
163.33.94.67,1,112
150.75.163.10,1,48
163.33.57.34,8,416
150.75.103.217,1,40
202.198.4.24,1,40
163.33.202.55,1,40
202.204.58.197,1,930
163.33.21.232,1,40
150.75.219.208,1,40
133.149.65.136,2,80
150.75.89.186,1,44
133.149.236.253,1,40
150.75.60.43,1,40
203.77.30.25,1,40
202.198.60.224,1,40
133.11.70.148,105,10904
163.33.50.203,1,40
202.198.52.150,1,40
203.77.28.164,1,40
133.149.55.252,1,40
203.77.15.70,1,40
150.75.38.160,1,40
133.11.70.134,71,6844
203.77.7.159,1,44
203.77.46.71,1,40
133.149.131.209,1,40
150.75.164.136,1,40
133.11.70.138,56,5360
163.33.109.40,2,152
150.75.240.136,1,40
202.198.54.221,1,44
163.33.54.86,1,40
133.11.67.234,1,60
150.75.30.111,1,44
133.149.0.218,1,40
133.149.233.206,1,40
163.33.139.207,1,40
133.11.70.137,86,8551
133.149.59.39,2,80
163.33.94.163,1,80
133.149.160.0,1,40
133.149.186.153,1,40
203.77.122.220,4,232
163.33.5.79,1,40
163.33.74.8,1,44
150.75.100.200,1,60
150.75.126.173,1,576
133.11.70.158,97,10005
133.149.92.148,1,40
163.33.57.55,4,160
150.75.203.28,1,40
163.33.12.234,1,44
203.77.122.153,8,358
150.75.143.156,1,40
163.33.60.182,2,80
202.198.14.162,1,40
163.33.54.90,1,40
150.75.221.210,1,40
163.33.50.126,1,40
150.75.151.20,1,40
203.77.0.203,1,40
150.75.205.219,1,40
163.33.24.141,1,52
150.75.15.34,1,40
163.33.134.224,1,40
133.149.240.185,1,40
133.11.69.239,1,60
163.33.214.106,1,44
133.11.72.126,1,44
133.11.96.170,1,40
133.149.197.115,1,40
163.33.23.124,1,40
203.77.99.188,1,40
133.149.222.36,1,40
163.33.140.242,434,587147
150.75.70.78,1,40
150.75.253.133,1,40
163.33.37.178,1,40
203.77.28.228,1,44
202.25.107.202,1,52
150.75.179.150,1,40
202.198.10.51,3,144
163.33.116.50,9,905
133.149.186.166,1,40
163.33.95.52,11,1642
202.198.54.225,1,40
163.33.165.251,1,40
163.33.45.3,1,40
202.198.38.239,1,40
203.77.96.40,1,40
203.77.95.75,1,40
133.149.76.57,1,44
203.77.101.154,1,40
163.33.99.51,1,52
203.77.28.183,1,40
202.198.27.97,1,40
202.198.58.43,1,40
150.75.119.24,1,40
133.11.70.129,58,6080
150.75.10.152,1,40
203.77.73.67,2,100
133.11.70.131,20,2164
163.33.93.135,14,2912
150.75.178.231,1,40
133.149.243.103,1,40
163.33.159.13,1,40
133.11.70.140,67,6968
150.75.84.237,1,40
133.149.81.194,1,44
150.75.86.112,1,40
150.75.69.205,1,40
203.77.7.249,1,40
203.77.120.249,256,336699
133.11.70.215,12,691
163.33.50.58,1,40
202.198.29.91,1,40
163.33.182.215,1,40
203.77.76.82,1,40
163.33.139.33,1,40
202.198.35.9,2,120
163.33.91.194,1,40
150.75.150.151,1,40
150.75.6.46,1,40
202.198.46.38,1,40
150.75.231.251,1,40
150.75.72.125,1,44
203.77.66.244,1,44
203.77.67.35,1,40
150.75.83.85,1,40
203.77.116.214,11,1806
133.11.85.8,1,40
163.33.245.185,1,40
150.75.115.188,1,40
133.11.70.143,73,7244
133.11.78.226,2,84
150.75.164.79,1,40
150.75.142.152,1,40
203.77.50.144,1,40
203.77.22.148,1,40
133.149.186.0,1,40
150.75.50.131,1,40
133.149.128.201,1,40
203.77.3.154,1,40
163.33.35.133,1,40
133.149.203.97,1,44
163.33.203.76,1,76
203.77.17.66,1,40
150.75.166.180,1,40
133.149.139.72,1,40
133.149.0.178,1,40
150.75.219.68,1,40
150.75.240.217,1,40
202.204.60.245,807,1047271
133.149.243.184,9,1176
150.75.82.122,1,40
203.77.34.173,1,40
133.11.86.223,1,40
203.77.47.107,1,40
163.33.92.241,1,44
150.75.102.138,1,44
163.33.141.126,1,40
203.77.5.160,1,40
150.75.88.55,1,40
203.77.42.107,1,40
150.75.152.81,1,127
133.149.125.18,1,40
150.75.219.45,1,40
163.33.238.45,18,10723
133.149.53.104,1,28
163.33.138.173,344,274138
133.11.70.135,88,8820
202.198.51.14,1,40
203.77.17.73,1,40
202.198.52.140,1,44
163.33.129.96,1,44
150.75.102.115,1,40
203.77.39.121,1,40
133.149.247.89,1,40
133.11.70.144,105,10810
150.75.155.171,1,40
133.149.123.204,4,160
150.75.68.249,1,40
202.198.22.224,1,40
163.33.12.29,1,40
203.77.52.119,1,40
203.77.43.24,1,40
133.149.130.93,1,44
163.33.111.112,1,40
163.33.239.117,92,68272
163.33.95.103,11,1516
133.149.141.120,1,44
133.149.220.184,1,40
133.149.38.245,1,69
163.33.92.59,740,998644
150.75.91.109,1,40
202.198.63.253,1,44
133.149.70.232,1,40
150.75.94.77,1,40
133.149.149.148,3,152
203.77.55.205,1,44
150.75.251.53,1,40
150.75.33.51,1,121
133.149.33.188,1,40
163.33.92.5,1,180
133.11.70.136,46,4327
203.77.15.166,1,40
133.11.101.231,1,40
202.204.60.85,14,1978
150.75.155.75,1,40
150.75.161.50,1,40
150.75.187.138,1,40
163.33.201.247,1,52
202.198.57.70,1,40
203.77.23.155,1,40
133.11.70.159,83,8523
133.11.87.192,1,40
133.149.87.133,1,40
203.77.126.59,4,160
133.149.12.46,1,40
203.77.92.233,1,40
133.149.169.194,1,40
133.149.31.4,1,40
150.75.202.53,1,40
150.75.250.205,1,40
202.198.47.203,2,80
203.77.5.229,1,40
150.75.189.51,1,40
150.75.34.231,1,40
203.77.49.160,1,40
133.149.211.92,1,40
133.149.27.73,2,88
163.33.104.190,1,40
202.25.107.140,1,40
163.33.109.231,1,44
203.77.86.145,1,437
203.77.86.196,1,435
150.75.235.225,1,44
133.149.84.14,1,44
203.77.127.32,12,920
133.149.151.176,1,52
150.75.64.137,1,40
203.77.120.125,1,136
163.33.10.50,1,40
203.77.120.229,8,1006
133.149.219.234,1,40
163.33.141.224,16,902
133.11.87.198,1,40
202.198.0.148,9,391
163.33.201.230,1,44
133.11.91.67,1,52
163.33.38.154,1,40
133.149.15.216,1,40
150.75.250.184,1,40
133.11.70.157,76,7438
202.198.40.65,1,44
163.33.141.46,33,19947
133.11.94.39,1,40
203.77.86.212,1,437
203.77.86.218,1,437
163.33.201.116,1,44
133.11.118.50,1,40
203.77.64.48,1,40
203.77.86.202,1,437
150.75.203.152,1,40
150.75.82.235,1,40
203.77.86.220,1,438
163.33.254.181,6,302
203.77.118.176,13,4951
203.77.86.200,1,437
203.77.86.205,1,435
203.77.86.149,1,437
203.77.5.136,1,40
203.77.86.142,1,435
133.149.89.191,1,48
163.33.166.255,1,40
163.33.167.5,1,40
203.77.86.197,1,434
150.75.177.90,1,40
163.33.252.120,1,52
203.77.86.156,1,437
203.77.8.183,1,44
133.11.70.128,60,6204
203.77.86.158,1,436
203.77.86.242,1,438
203.77.86.204,1,434
133.149.75.53,1,52
163.33.217.109,1,40
203.77.86.206,1,434
163.33.201.199,7,336
133.149.17.46,1,40
150.75.168.39,1,40
203.77.86.208,1,435
163.33.107.219,7,723
203.77.86.193,1,436
133.149.121.185,1,40
163.33.141.90,9,1326
133.11.94.31,1,40
133.11.97.238,1,40
203.77.86.235,1,435
203.77.86.192,1,437
203.77.86.159,1,436
202.198.48.12,1,44
203.77.86.247,1,436
203.77.86.243,1,438
203.77.74.30,1,40
163.33.18.162,1,40
203.77.86.255,1,436
163.33.93.219,1,44
133.11.76.24,1,40
202.198.34.121,1,40
203.77.86.70,1,439
203.77.86.228,1,436
202.198.44.222,5,2727
163.33.131.207,2,88
203.77.80.170,2,80
150.75.123.196,1,40
203.77.86.246,1,437
150.75.107.145,1,44
163.33.198.21,1,40
150.75.3.139,1,40
203.77.114.151,1,40
163.33.74.65,1,59
203.77.86.143,1,435
203.77.86.222,1,437
203.77.86.154,1,437
150.75.145.232,1,40
203.77.86.210,1,437
203.77.86.80,1,439
133.149.126.36,1,40
150.75.250.234,1,40
150.75.183.161,1,40
203.77.86.85,1,435
163.33.95.100,9100,12929348
203.77.86.252,1,437
150.75.43.208,1,40
203.77.86.251,1,438
133.149.221.99,1,40
203.77.86.211,1,437
203.77.86.213,1,437
163.33.97.158,1,40
203.77.86.216,1,435
203.77.86.232,1,439
203.77.86.249,2,478
203.77.34.112,1,40
203.77.86.244,1,435
150.75.70.138,1,44
133.149.25.215,1,44
203.77.86.147,1,437
203.77.86.150,1,435
203.77.86.254,2,478
203.77.46.75,1,40
150.75.250.75,1,29
133.11.80.88,1,60
150.75.146.34,1,44
203.77.86.140,1,437
202.25.107.232,1,52
203.77.86.237,1,438
203.77.118.191,8,1145
203.77.86.79,1,438
203.77.25.66,1,44
203.77.9.206,1,44
203.77.86.198,1,438
203.77.14.213,1,40
202.198.10.11,1,40
150.75.206.218,1,40
203.77.86.65,1,436
150.75.6.110,1,40
133.149.63.212,1,40
203.77.86.250,1,438
150.75.62.43,1,40
203.77.86.203,1,438
203.77.86.146,1,437
150.75.135.54,1,40
133.149.64.229,1,40
150.75.172.130,1,44
203.77.86.224,1,438
203.77.86.207,1,437
163.33.77.185,1,40
203.77.13.219,1,40
203.77.86.227,1,437
150.75.243.41,1,40
203.77.86.240,1,438
133.149.148.16,1,40
203.77.86.155,1,436
203.77.86.229,1,438
133.149.92.196,1,44
150.75.179.152,2,84
203.77.62.215,1,40
163.33.255.221,1,52
203.77.86.67,1,437
163.33.72.5,2,80
133.149.86.107,1,40
203.77.86.234,1,437
203.77.86.86,1,438
150.75.152.36,1,44
163.33.177.253,1,40
163.33.83.2,1,40
202.198.34.41,1,40
203.77.17.120,1,40
163.33.5.101,1,60
203.77.86.151,1,438
203.77.86.201,1,437
203.77.122.189,1,40
203.77.86.144,1,436
150.75.40.55,1,44
203.77.122.231,3,144
133.149.185.224,1,40
202.204.61.186,1,40
202.198.4.73,1,40
203.77.86.84,1,439
150.75.148.8,1,40
150.75.67.85,1,40
163.33.174.91,1,40
133.149.143.7,1,40
203.77.61.225,1,40
203.77.86.221,2,475
203.77.86.217,1,437
203.77.86.89,1,438
203.77.86.241,1,439
150.75.78.153,1,44
202.198.54.194,1,40
203.77.86.226,1,438
133.149.156.83,1,40
203.77.86.148,2,475
203.77.74.172,1,44
203.77.84.174,1,40
163.33.190.126,1,40
150.75.44.8,1,40
133.149.117.104,1,40
203.77.86.214,1,435
203.77.53.108,2,80
163.33.94.56,2,80
203.77.86.74,1,438
203.77.86.209,1,437
133.149.180.248,1,40
163.33.199.43,1,40
202.198.16.92,1,40
203.77.86.153,1,438
203.77.86.157,1,436
203.77.86.66,1,437
203.77.86.194,1,437
133.11.70.130,22,2218
203.77.49.68,1,40
133.11.94.106,1,40
203.77.86.219,1,437
163.33.184.222,1,40
163.33.149.104,1,40
203.77.32.12,1,40
163.33.108.9,1,40
150.75.187.226,1,40
202.204.58.237,1,40
150.75.210.130,1,40
203.77.86.253,1,436
203.77.86.72,1,438
203.77.86.199,1,434
133.149.11.61,1,40
150.75.58.203,1,40
202.25.109.165,1,40
202.198.40.73,1,40
163.33.249.199,1,40
203.77.86.152,1,437
133.11.71.181,1,40
150.75.236.253,1,40
203.77.86.64,1,438
203.77.86.88,1,439
163.33.174.25,1,69
203.77.86.75,1,438
150.75.11.211,1,40
203.77.86.71,1,438
150.75.7.173,1,40
163.33.166.167,1,40
150.75.217.93,1,40
150.75.215.164,1,40
150.75.131.220,1,40
150.75.80.19,1,40
203.77.86.236,1,437
203.77.86.195,2,474
133.149.17.1,1,40
150.75.75.133,1,44
163.33.206.2,1,40
133.11.118.116,1,40
133.149.254.57,1,40
133.11.84.83,1,60
163.33.72.123,1,40
203.77.118.142,7,1057
203.77.86.245,1,438
163.33.141.177,6,1837
163.33.210.105,2,84
133.149.39.145,1,40
203.77.86.90,1,436
150.75.55.83,1,40
133.149.4.215,1,60
203.77.86.248,1,437
133.149.199.126,1,40
203.77.86.83,1,433
133.149.172.213,1,40
163.33.100.116,1,40
163.33.236.243,1,40
163.33.95.181,1,40
203.77.86.223,1,437
203.77.86.225,1,438
150.75.151.86,1,44
203.77.121.54,1,40
150.75.221.143,1,40
203.77.86.87,2,478
203.77.2.181,1,40
203.77.86.231,1,438
203.77.86.233,1,438
203.77.86.215,1,437
133.11.80.22,1,52
203.77.13.195,1,40
150.75.163.215,1,40
150.75.95.93,1,40
203.77.86.239,1,438
202.204.62.234,2,108
163.33.147.243,1,40
163.33.181.115,1,40
163.33.57.28,1,40
203.77.43.120,1,58
203.77.86.69,1,435
203.77.41.156,1,40
163.33.92.44,19,5134
150.75.62.48,1,40
133.149.182.182,1,52
202.198.55.55,1,40
203.77.95.114,1,40
202.198.60.35,1,40
133.149.3.210,1,40
203.77.86.73,1,438
203.77.60.163,1,40
163.33.228.105,17,1812
163.33.235.36,2,80
133.149.34.75,1,40
203.77.86.81,2,476
150.75.108.81,1,40
203.77.98.52,1,40
203.77.89.49,1,40
133.11.117.121,1,40
163.33.142.8,1,40
133.149.57.94,1,40
203.77.86.68,1,438
203.77.86.230,1,438
202.198.61.241,1,40
163.33.233.91,1,40
163.33.75.30,1,40
150.75.98.53,1,40
203.77.1.231,1,44
203.77.86.77,1,438
202.198.19.196,1,40
163.33.63.129,3,928
203.77.86.76,1,438
203.77.86.78,1,439
203.77.86.238,1,438
133.149.61.251,1,40
133.149.230.183,1,40
150.75.44.147,1,40
163.33.140.103,114,114736
202.198.55.64,3,164
150.75.13.79,1,40
163.33.246.97,1,40
163.33.113.132,1,40
133.149.52.58,1,40
163.33.105.22,1,40
203.77.86.91,1,439
203.77.124.123,1,40
150.75.78.152,1,40
163.33.63.169,2,373
202.198.21.205,1,40
203.77.117.67,2,168
202.198.22.100,1,40
203.77.86.82,1,435
202.198.42.226,1,40
150.75.64.165,1,40
150.75.153.212,1,40
163.33.132.4,1,40
163.33.90.143,1,40
133.149.184.137,1,44
163.33.251.84,2,80
202.198.44.171,4,215
150.75.98.109,1,40
133.11.74.107,3,120
150.75.2.193,2,88
163.33.208.144,1,40
202.198.45.96,1,40
163.33.72.6,1,40
163.33.191.187,1,44
150.75.68.136,1,44
150.75.118.6,1,40
163.33.203.33,15,1162
163.33.211.159,2,104
133.149.240.111,1,40
163.33.160.108,1,40
150.75.204.192,1,40
203.77.101.147,1,40
133.149.136.234,1,40
203.77.121.121,1,40
163.33.167.107,1,40
133.149.61.17,1,44
133.149.1.176,1,40
163.33.96.216,1,40
133.149.200.44,1,40
163.33.19.183,8,1893
133.11.121.87,1,40
133.149.29.216,1,44
163.33.176.234,1,40
202.204.58.236,1,40
133.149.96.72,1,40
163.33.70.88,1,40
203.77.83.110,1,40
202.198.62.166,1,40
133.11.89.254,1,60
163.33.45.146,1,40
133.149.16.182,1,40
202.198.12.244,1,40
163.33.178.10,1,52
150.75.126.239,1,40
150.75.106.242,1,44
150.75.166.224,1,40
163.33.125.5,1,44
163.33.95.215,1,44
150.75.70.161,1,44
150.75.20.132,1,40
133.11.70.141,49,5216
150.75.208.29,1,44
133.149.95.235,1,40
203.77.103.140,1,44
203.77.66.240,1,40
163.33.92.174,1,44
163.33.141.185,12,798
163.33.63.172,3,539
133.11.65.193,1,40
133.149.251.0,8,1024
133.149.154.25,1,44
202.204.56.155,9,9876
202.198.49.147,1,40
203.77.72.205,1,40
133.149.75.160,1,40
163.33.217.13,6,288
163.33.12.129,1,40
163.33.113.60,1,60
133.149.181.11,1,52
163.33.109.180,1,44
163.33.12.243,1,40
163.33.204.222,1,40
163.33.115.55,1,40
150.75.125.129,1,40
150.75.23.45,1,40
163.33.161.137,1,40
203.77.7.109,1,52
163.33.9.248,1,40
163.33.191.204,43,13421
163.33.52.73,1,44
163.33.178.35,1,52
150.75.65.28,1,40
202.198.44.248,10,1180
163.33.25.8,1,40
163.33.235.113,1,40
150.75.146.139,1,33
133.11.87.123,2,1152
150.75.66.182,1,40
133.149.187.197,1,40
150.75.64.196,1,40
150.75.49.144,1,40
133.149.63.209,1,40
150.75.89.72,1,40
163.33.216.198,1,44
133.11.111.74,1,40
150.75.72.232,1,40
163.33.20.143,1,40
202.198.18.59,1,40
203.77.63.85,1,40
163.33.93.98,9,1567
150.75.20.215,1,40
133.11.111.59,1,40
163.33.175.141,3,734
203.77.64.218,1,40
203.77.45.58,1,40
202.204.56.142,11,1341
133.11.71.241,1,136
163.33.69.131,1,40
163.33.9.80,5,260
202.204.58.74,1,40
203.77.63.178,1,40
133.11.125.204,1,40
163.33.148.239,1,44
202.198.50.180,1,40
163.33.174.23,3,2804
133.149.109.84,1,40
150.75.73.50,1,40
203.77.120.206,1,40
203.77.111.4,1,40
133.149.230.239,3,152
133.149.25.162,1,40
133.11.91.11,1,52
133.149.234.186,1,40
202.204.63.72,1,40
163.33.88.244,1,40
133.11.67.123,1,40
133.149.46.164,1,40
150.75.176.252,1,40
133.149.64.36,1,40
203.77.76.13,1,44
133.149.166.238,1,40
133.149.94.11,1,40
150.75.97.73,1,44
150.75.176.11,1,40
202.204.60.228,2,80
133.149.91.8,1,40
150.75.33.155,1,40
202.198.12.182,1,40
133.11.79.162,1,40
163.33.98.187,1,58
163.33.248.242,1,40
163.33.140.91,1,1002
163.33.96.83,1,40
133.149.200.114,1,40
203.77.17.94,1,40
203.77.98.78,1,40
133.149.241.204,1,40
202.204.62.178,13,706
133.149.101.190,1,44
133.11.117.111,1,40
133.149.146.215,1,76
202.198.61.96,1,40
163.33.43.195,1,40
163.33.39.188,1,40
163.33.105.121,1,40
203.77.39.4,1,52
163.33.8.120,1,40
163.33.131.5,2,641
202.198.23.178,1,40
150.75.143.34,1,40
202.198.32.36,1,44
203.77.110.216,1,40
150.75.120.154,1,60
203.77.75.39,1,60
150.75.190.71,1,40
133.149.242.158,1,40
133.149.194.210,1,40
133.149.249.60,1,40
150.75.153.84,1,40
150.75.218.133,1,60
202.204.58.211,2,1540
163.33.24.100,1,40
202.198.52.93,1,40
133.149.135.173,1,40
133.149.135.238,1,40
202.198.42.115,1,40
202.15.129.197,1,40
133.149.101.97,1,40
150.75.126.24,1,40
163.33.81.224,1,40
150.75.128.119,1,40
163.33.107.137,1,28
163.33.192.181,1,40
163.33.174.35,1,40
133.149.152.22,1,40
133.149.101.184,1,40
202.198.48.152,1,44
133.11.100.165,1,40
203.77.93.212,1,44
150.75.19.165,1,40
163.33.51.59,1,40
150.75.240.143,1,40
150.75.242.34,1,40
133.149.236.209,1,40
163.33.29.151,9,1473
150.75.95.248,1,40
133.149.226.119,1,40
203.77.60.92,1,40
202.198.23.202,1,44
202.198.27.170,1,40
203.77.7.181,1,40
133.149.218.139,1,40
203.77.113.54,1,76
133.11.77.7,1,52
163.33.204.4,1,40
163.33.29.38,1,40
203.77.40.158,1,40
133.11.77.243,1,40
163.33.141.145,11,4104
150.75.166.138,1,40
202.204.62.117,1,44
203.77.118.159,4,193
150.75.86.94,1,40
163.33.237.121,1,40
133.149.217.176,1,40
202.198.54.27,1,40
133.149.8.193,1,40
203.77.112.91,1,40
203.77.10.136,1,40
203.77.102.242,1,40
163.33.138.119,1,40
150.75.11.227,1,52
133.149.149.156,1,40
133.149.73.35,1,40
133.149.127.105,1,44
133.149.107.243,1,44
133.149.26.208,1,40
150.75.169.177,1,40
163.33.140.210,401,408609
202.198.42.65,1,40
133.149.254.231,1,40
203.77.121.183,1,40
202.198.15.91,1,44
163.33.90.197,1,40
133.149.182.70,1,40
133.149.196.19,1,40
150.75.242.164,1,40
203.77.60.126,1,40
202.198.19.102,1,40
150.75.244.239,1,40
133.149.175.251,1,40
133.149.248.168,2,80
163.33.141.20,241,342472
133.11.75.158,1,40
150.75.18.17,1,40
163.33.181.234,1,40
133.149.8.93,1,40
133.11.101.205,1,52
150.75.32.207,1,40
203.77.102.211,1,40
202.198.24.206,1,40
150.75.113.195,1,40
163.33.153.120,1,40
133.11.102.229,1,40
203.77.100.140,1,40
150.75.141.60,1,40
163.33.232.192,2,104
163.33.116.17,1,40
202.198.46.253,1,40
133.149.104.68,1,40
163.33.95.36,8,658
203.77.80.128,1,40
163.33.89.208,1,40
203.77.49.138,1,40
150.75.252.56,1,40
150.75.113.32,1,40
133.149.102.5,1,40
203.77.54.74,1,40
133.149.65.16,1,40
163.33.90.57,1,40
133.149.108.247,1,40
150.75.219.84,1,40
133.149.197.203,1,44
203.77.11.54,1,44
203.77.96.56,1,40
150.75.157.253,2,80
163.33.93.112,1,1002
163.33.140.153,2,337
163.33.118.123,1,76
150.75.14.74,1,40
163.33.231.66,1,40
133.149.152.175,1,40
203.77.100.162,1,40
133.149.249.157,1,40
133.11.89.44,1,40
203.166.184.154,6,868
133.149.208.186,1,40
133.149.152.88,1,52
133.149.225.18,1,40
202.198.54.91,1,40
133.149.109.36,1,40
150.75.193.189,1,40
133.149.250.196,1,40
163.33.59.170,10,5677
163.33.34.90,1,40
150.75.216.213,1,40
163.33.125.218,1,40
133.149.40.151,1,40
202.198.10.98,1,40
163.33.240.24,1,40
202.204.60.2,2,149
163.33.212.189,1,40
133.149.149.23,1,40
150.75.134.50,1,44
150.75.58.46,1,40
133.149.211.124,1,576
150.75.223.192,1,40
133.149.213.50,1,40
203.77.34.192,1,40
150.75.50.54,5,2173
133.149.72.237,1,40
133.11.118.133,1,40
150.75.81.124,1,40
163.33.78.201,1,40
163.33.13.79,1,40
133.149.65.4,1,40
163.33.123.112,1,40
163.33.29.211,1,40
203.77.17.228,1,40
133.149.34.232,1,40
150.75.44.62,1,40
150.75.249.109,1,40
133.11.107.231,1,40
133.149.10.90,1,40
150.75.57.91,1,40
202.204.59.96,1,40
203.77.98.182,1,44
163.33.175.12,2,116
150.75.50.53,6,2213
163.33.40.230,1,40
150.75.50.52,5,2172
203.77.54.3,1,40
163.33.157.153,1,40
202.204.59.92,2,80
203.77.33.187,1,40
133.11.79.68,1,40
163.33.229.17,1,40
163.33.235.215,2,132
133.149.70.55,1,40
202.198.10.21,1,40
163.33.166.98,1,44
133.149.229.36,1,40
163.33.215.239,1,220
203.77.93.35,1,40
163.33.94.62,2,167
202.204.60.250,2,80
163.33.92.3,77,91861
163.33.107.205,8,1002
133.11.77.255,1,60
163.33.83.247,1,44
202.198.50.69,1,40
150.75.50.50,5,2172
163.33.218.156,1,40
203.77.92.51,1,40
133.149.38.175,1,58
150.75.248.55,1,40
150.75.207.191,1,40
163.33.227.145,1,44
203.77.14.6,1,40
150.75.202.57,1,40
150.75.50.51,5,2176
203.77.27.127,1,40
203.77.42.163,1,40
163.33.94.143,1,40
163.33.147.140,1,40
202.198.0.15,1,40
133.149.141.186,1,40
163.33.143.80,1,40
150.75.50.49,5,2175
202.198.26.253,1,40
150.75.50.48,5,2172
150.75.133.165,1,40
202.198.22.11,1,40
150.75.24.217,1,40
163.33.203.126,1,40
133.11.91.31,1,52
203.77.103.234,1,40
150.75.30.37,1,40
150.75.215.58,1,40
150.75.147.153,1,40
150.75.219.8,1,44
163.33.92.39,17,1301
163.33.68.246,1,40
203.77.85.212,1,40
202.198.8.238,1,48
133.11.67.115,1,60
150.75.50.41,6,2209
133.149.208.248,1,40
150.75.66.171,1,44
163.33.65.71,1,56
133.11.88.79,1,44
163.33.143.12,1,40
203.77.92.12,1,40
150.75.206.206,1,40
203.77.19.92,1,40
163.33.100.154,1,44
163.33.231.77,1,40
163.33.122.78,1,44
203.77.50.190,1,40
163.33.142.180,1,40
133.149.103.85,1,40
133.149.105.105,1,40
150.75.149.170,1,40
150.75.86.56,1,44
133.11.75.33,1,40
202.204.56.171,1,40
133.11.102.28,1,40
150.75.126.63,1,40
163.33.44.155,1,121
163.33.177.200,1,40
150.75.94.116,1,40
203.77.63.63,1,40
150.75.120.34,1,40
203.77.34.145,1,40
163.33.79.198,1,40
203.77.27.86,1,40
203.77.41.192,1,40
150.75.94.228,1,40
150.75.239.46,1,40
163.33.219.113,1,40
133.149.89.50,1,40
150.75.135.67,1,44
163.33.119.242,1,40
133.149.206.209,1,40
150.75.39.101,1,40
133.149.117.116,1,52
163.33.17.3,1,40
133.149.137.137,1,40
133.149.184.42,1,40
163.33.63.168,4,381
203.77.24.157,1,40
133.149.60.187,1,40
202.198.53.238,1,44
150.75.35.83,1,40
150.75.80.161,1,40
163.33.75.97,2,80
133.149.237.91,1,40
163.33.84.31,1,40
133.149.67.121,1,40
203.77.34.214,1,40
150.75.214.134,1,40
133.149.218.2,1,40
203.77.21.151,1,60
133.149.96.194,1,40
203.77.5.149,1,40
133.149.149.41,1,40
163.33.143.237,1,40
150.75.43.182,1,40
133.149.198.49,1,40
150.75.30.179,1,40
202.198.47.127,1,40
202.25.109.124,1,40
150.75.229.155,1,44
163.33.205.73,1,40
133.11.86.251,1,40
133.149.192.101,1,40
150.75.32.203,1,40
150.75.200.23,1,40
203.77.106.149,67,20113
203.77.75.252,1,44
133.149.172.112,1,40
150.75.75.34,1,60
133.149.251.51,1,40
150.75.211.230,1,40
163.33.97.103,1,40
163.33.142.233,1,40
163.33.63.128,5,820
203.77.68.208,1,40
163.33.199.157,2,111
150.75.152.12,1,40
163.33.62.173,1,83
150.75.254.108,1,40
133.11.70.80,1,40
133.149.144.37,1,40
163.33.132.39,14,6951
150.75.176.100,1,40
203.77.80.27,1,40
202.198.9.214,1,40
163.33.162.104,1,44
150.75.209.140,1,44
203.77.100.169,1,40
202.198.21.23,1,40
133.149.192.132,1,40
202.198.46.37,1,40
150.75.152.228,1,52
202.198.32.137,1,40
150.75.191.77,1,40
163.33.52.181,1,40
163.33.0.235,11,924
150.75.40.111,1,40
150.75.231.14,1,40
133.149.221.24,1,40
150.75.219.189,1,40
150.75.24.30,1,40
150.75.67.213,1,40
163.33.201.49,1,40
150.75.13.32,1,40
133.149.38.205,1,40
150.75.217.26,1,40
133.149.194.245,2,84
133.149.214.239,5,390
133.11.97.200,1,40
150.75.219.90,2,80
203.77.44.19,1,40
203.77.96.38,1,40
163.33.93.231,1,40
202.204.61.109,1,40
163.33.120.106,1,40
150.75.242.2,1,40
150.75.153.189,1,40
163.33.208.200,1,40
133.11.85.149,1,60
133.149.39.32,1,40
150.75.231.4,1,40
163.33.94.228,2,135
203.77.121.78,2,256
150.75.131.105,1,40
163.33.103.128,1,40
133.149.65.219,1,40
163.33.128.39,1,40
202.198.0.124,1,44
150.75.169.57,1,40
163.33.224.43,1,40
163.33.84.207,1,78
150.75.199.17,1,44
150.75.21.59,1,44
163.33.110.9,1,40
150.75.211.167,1,40
202.198.60.217,1,60
202.198.33.179,1,40
133.149.220.229,1,44
133.11.68.246,1,40
150.75.121.206,1,40
150.75.173.194,1,40
133.149.212.166,1,44
150.75.77.237,1,40
163.33.234.231,2,96
150.75.156.61,1,44
133.149.150.129,1,40
133.149.93.135,1,40
150.75.159.2,1,40
150.75.133.138,1,40
163.33.223.124,1,40
133.11.65.91,1,60
133.11.113.50,1,40
203.77.82.187,1,40
133.149.41.23,1,40
133.149.192.137,1,40
133.11.126.233,2,616
133.149.248.110,1,40
150.75.10.226,1,40
163.33.168.0,2,80
133.11.71.220,1,40
163.33.126.179,1,40
133.149.45.227,1,58
203.77.60.204,1,40
150.75.64.162,1,44
150.75.186.21,1,40
163.33.106.132,1,40
150.75.98.115,1,40
150.75.152.53,1,60
203.77.113.25,1,40
202.198.40.63,1,52
133.149.141.167,1,40
133.149.162.48,1,40
150.75.85.227,1,40
150.75.150.115,1,40
202.198.5.198,1,40
133.11.118.248,1,52
150.75.129.181,1,40
163.33.82.15,1,40
133.149.166.47,1,40
133.11.79.191,1,44
150.75.94.117,1,40
163.33.102.91,1,40
163.33.151.66,1,44
133.11.68.1,1,60
150.75.54.122,1,40
133.149.228.215,1,40
150.75.224.150,1,44
203.77.111.210,1,40
150.75.131.186,1,40
150.75.216.248,1,40
163.33.203.69,7,677
163.33.45.60,1,40
150.75.24.205,1,40
163.33.128.4,1,40
150.75.131.174,1,40
203.77.89.35,1,40
163.33.29.12,5,731
202.198.19.11,2,80
133.11.93.9,1,60
202.198.9.15,1,40
150.75.114.134,1,44
150.75.91.245,1,40
163.33.62.27,1,40
150.75.231.60,1,40
133.149.54.218,1,40
133.149.170.197,1,40
203.77.76.173,1,40
150.75.10.175,1,40
150.75.131.203,1,40
150.75.76.117,1,40
163.33.182.137,6,312
202.198.62.126,1,40
203.77.118.167,3,488
202.204.58.208,2,80
150.75.63.115,1,40
133.11.108.198,1,40
202.204.56.110,1,40
150.75.124.45,1,40
203.77.109.243,1,40
203.77.55.112,1,44
163.33.178.11,1,52
163.33.67.1,1,40
150.75.255.172,1,40
150.75.40.80,1,40
133.11.126.168,1,40
133.149.59.107,1,40
133.149.106.124,1,40
203.77.84.226,1,40
150.75.4.186,3,120
133.149.19.198,1,40
203.77.59.25,1,40
163.33.168.120,1,40
150.75.174.111,1,30
203.77.63.74,1,40
163.33.162.121,1,40
163.33.250.231,5,702
150.75.241.190,1,40
150.75.220.57,2,84
150.75.37.50,1,40
163.33.140.65,1,115
150.75.161.238,1,40
150.75.170.95,1,40
133.11.87.165,1,60
133.149.250.242,2,80
133.11.96.149,1,40
133.149.88.122,1,44
133.149.251.114,1,40
163.33.244.187,5,524
133.149.112.42,1,40
150.75.132.78,1,40
150.75.218.104,1,40
150.75.255.188,1,40
133.11.84.82,1,40
133.11.76.177,1,60
133.11.76.190,1,60
163.33.113.117,1,40
133.11.84.8,1,40
163.33.92.93,1,40
203.77.25.60,1,40
150.75.139.136,1,44
163.33.101.190,1,48
150.75.131.71,1,40
133.11.64.47,1,60
133.11.107.160,7,336
150.75.146.71,1,40
203.77.70.199,1,40
133.149.59.186,1,40
163.33.247.143,110,158190
163.33.186.52,1,40
203.77.25.101,1,40
133.149.208.76,1,44
203.77.46.58,1,40
163.33.217.53,1,40
133.11.113.100,1,40
150.75.77.156,1,44
150.75.50.241,1,40
163.33.106.86,1,52
163.33.160.236,1,40
150.75.6.56,1,40
203.77.48.123,1,40
150.75.20.8,2,80
150.75.217.40,1,40
150.75.59.156,1,40
133.149.102.52,1,40
203.77.124.7,1,40
203.77.111.113,1,40
150.75.139.49,1,40
202.198.11.215,1,40
150.75.255.11,1,40
150.75.199.246,1,40
133.149.248.167,1,40
150.75.24.176,1,44
163.33.194.100,1,40
163.33.122.94,1,40
150.75.23.83,1,40
163.33.201.96,1,40
203.77.25.91,1,40
133.149.245.45,1,40
133.149.50.21,1,40
150.75.19.111,1,40
203.77.96.136,8,1225
133.11.115.177,1,40
133.149.155.16,1,40
202.204.63.14,1,40
163.33.249.213,323,433595
133.11.117.82,1,44
133.149.211.190,1,40
202.198.15.198,1,40
150.75.158.193,1,44
163.33.62.137,1,40
133.149.80.116,1,40
150.75.8.42,1,40
150.75.16.71,1,44
163.33.153.244,1,40
203.77.2.226,1,40
133.11.101.89,1,52
203.77.4.35,4,192
203.77.25.126,1,44
150.75.175.237,1,40
163.33.29.11,1,40
203.77.42.166,1,40
163.33.99.39,2,216
133.11.90.137,1,60
150.75.10.96,1,40
202.198.13.49,1,40
203.77.118.149,2,240
163.33.154.14,1,40
163.33.114.17,1,40
150.75.248.162,1,40
150.75.124.162,5,260
163.33.173.74,1,40
163.33.8.102,3,120
163.33.154.99,1,44
150.75.61.9,1,44
203.77.127.81,4,336
150.75.253.215,1,40
133.11.70.197,3,208
150.75.225.169,1,40
202.204.62.6,6,394
163.33.213.110,1,40
150.75.100.248,1,40
133.149.250.12,1,40
203.77.124.51,1,40
150.75.53.20,1,40
133.149.108.196,1,40
203.77.82.66,1,40
133.149.21.172,1,52
150.75.221.12,1,40
163.33.117.10,1,40
133.11.66.85,1,40
163.33.140.118,2,92
133.149.12.48,1,40
163.33.28.240,1,40
150.75.72.78,1,40
202.198.22.196,1,40
163.33.172.4,1,40
150.75.83.92,1,44
150.75.248.29,1,40
203.77.78.23,1,40
150.75.204.32,1,40
150.75.65.27,1,44
150.75.43.112,1,40
133.149.144.210,1,44
163.33.183.58,1,40
133.149.111.219,1,40
203.77.52.172,1,40
133.149.39.131,1,40
163.33.225.85,1,44
163.33.54.62,1,40
163.33.203.10,1,40
203.77.7.39,1,40
133.11.121.67,1,40
202.198.7.92,1,44
150.75.158.194,1,40
133.149.168.193,1,40
150.75.190.139,2,80
202.198.61.22,1,40
150.75.95.55,1,40
203.77.124.20,4,260
150.75.214.126,1,40
163.33.233.175,1,44
163.33.203.32,1,52
150.75.13.82,1,40
163.33.58.93,1,40
163.33.210.213,1,40
163.33.51.195,1,40
150.75.166.209,2,80
150.75.31.63,1,40
150.75.72.86,1,40
133.149.0.204,1,40
163.33.94.190,2,263
150.75.193.77,1,40
150.75.189.82,1,40
150.75.190.184,1,40
150.75.20.44,1,40
203.77.55.65,1,60
203.77.77.202,1,40
150.75.116.56,1,40
203.77.63.72,1,40
150.75.59.42,1,121
203.77.91.81,2,475
150.75.82.90,1,40
150.75.243.229,1,40
202.204.60.248,1,40
150.75.21.43,1,40
150.75.105.121,1,40
150.75.177.5,1,44
133.149.86.28,1,60
203.77.71.178,1,40
202.198.2.150,1,40
133.149.191.22,1,44
150.75.111.49,1,40
133.149.92.158,1,44
202.198.16.136,1,40
150.75.125.60,2,192
163.33.153.35,1,91
133.11.81.42,1,40
163.33.84.110,1,40
133.11.99.48,1,40
203.77.82.153,1,40
203.77.87.8,1,40
163.33.141.152,25,3314
133.11.66.119,1,40
133.149.239.15,1,44
163.33.84.23,2,84
150.75.87.138,1,44
163.33.134.53,1,40
163.33.27.180,1,40
150.75.81.12,1,40
203.77.67.152,1,40
203.77.123.253,1,40
163.33.110.119,1,40
150.75.71.21,1,40
150.75.181.184,1,40
203.77.86.98,1,437
163.33.176.144,1,52
150.75.153.75,1,40
163.33.171.197,1,40
202.198.40.176,1,40
163.33.112.16,1,40
163.33.119.209,1,40
163.33.174.71,1,40
203.77.86.110,1,436
163.33.57.237,1,44
133.149.107.43,2,80
203.77.72.134,1,40
163.33.56.242,1,40
163.33.220.109,1,40
150.75.251.102,1,44
163.33.114.103,1,44
133.149.213.97,1,40
133.11.98.16,1,40
203.77.86.123,1,437
203.77.29.182,1,40
133.149.170.219,1,40
133.149.174.85,1,44
163.33.92.18,986,1337286
133.149.182.181,2,88
133.11.106.140,1,44
133.149.71.248,1,40
203.77.86.96,1,437
133.149.51.121,1,40
150.75.157.127,1,52
203.77.116.244,12,4832
203.77.124.255,1,40
133.149.10.21,2,84
133.149.125.17,1,40
133.11.107.191,1,40
163.33.57.161,5,526
150.75.6.104,1,40
163.33.141.236,2,527
150.75.194.99,1,40
133.149.147.92,1,44
203.77.53.142,1,44
150.75.34.181,1,52
203.77.54.69,1,40
163.33.169.58,1,40
203.77.86.104,1,437
203.77.86.109,1,437
203.77.86.46,1,436
133.149.82.223,1,44
203.77.81.184,1,40
150.75.117.235,1,40
133.11.116.190,1,44
203.77.86.61,1,438
163.33.203.23,1,40
202.198.27.234,1,40
133.149.107.114,1,40
203.77.86.127,1,438
133.149.51.35,1,40
133.149.75.250,1,40
202.198.43.6,1,40
150.75.51.95,1,40
133.149.105.50,1,40
203.77.86.51,1,436
150.75.152.78,1,40
203.77.30.215,1,40
203.77.86.111,1,435
203.77.86.102,1,438
203.77.86.97,1,436
133.149.109.200,1,40
203.77.86.107,1,438
133.11.88.153,1,52
163.33.240.166,1,40
163.33.205.59,1,40
133.149.224.34,1,53
150.75.138.148,1,40
203.77.86.56,1,438
203.77.86.36,1,436
203.77.86.54,1,438
163.33.138.75,2,213
150.75.10.39,1,40
203.77.86.121,1,437
203.77.86.115,1,437
163.33.15.69,1,44
203.77.84.137,2,80
163.33.75.36,2,704
133.149.227.150,2,80
203.77.86.92,1,438
203.77.86.124,1,438
150.75.34.221,1,40
203.77.86.42,1,438
203.77.86.60,1,437
133.149.218.162,1,40
202.198.2.135,1,40
203.77.86.94,1,439
163.33.122.207,1,40
203.77.86.58,1,438
203.77.86.55,1,437
133.149.171.132,1,40
150.75.158.238,1,40
203.77.86.116,1,438
202.198.39.241,1,40
163.33.163.221,1,40
203.77.86.63,1,436
133.11.84.100,1,52
203.77.86.119,1,438
150.75.81.59,1,40
203.77.86.48,1,438
133.11.81.31,1,40
203.77.86.30,1,437
203.77.86.28,1,438
203.77.86.100,1,438
133.149.173.236,1,40
133.149.165.78,1,44
133.11.86.91,5,200
150.75.208.199,1,44
203.77.86.43,1,438
133.149.65.75,1,40
202.198.21.163,1,40
133.11.97.52,1,44
203.77.86.40,1,436
203.77.86.93,1,438
203.77.86.39,1,437
133.149.96.100,1,40
203.77.86.126,1,438
163.33.97.56,1,40
203.77.86.57,1,437
203.77.95.115,1,40
203.77.86.38,1,438
203.77.86.122,1,438
203.77.86.35,1,439
163.33.224.139,1,40
203.77.86.118,1,434
163.33.244.152,18,987
203.77.86.105,1,435
163.33.82.14,1,44
203.77.86.95,1,437
203.77.86.49,1,436
163.33.240.55,1,40
203.77.86.13,1,437
163.33.82.35,1,40
203.77.86.29,1,437
203.77.86.108,1,438
163.33.202.150,1,40
203.77.86.62,1,438
150.75.235.72,1,40
133.11.76.179,1,60
203.77.30.0,1,40
150.75.25.87,1,40
133.11.75.20,1,40
202.204.60.61,1,75
203.77.86.2,1,438
163.33.81.44,1,40
133.11.86.71,1,52
203.77.23.75,1,40
203.77.86.12,1,436
203.77.86.117,1,438
150.75.187.248,1,40
133.149.101.186,1,40
133.149.91.216,1,40
203.77.86.33,1,437
203.77.86.44,1,434
203.77.86.106,1,439
203.77.91.124,1,432
133.149.196.190,1,40
203.77.91.123,1,436
203.77.0.159,1,40
163.33.163.61,1,40
203.77.14.61,1,40
150.75.39.219,1,40
203.77.91.125,1,436
203.77.91.122,1,436
203.77.91.127,1,436
203.77.86.41,1,436
202.198.33.147,1,40
163.33.146.122,1,40
163.33.77.85,1,40
163.33.239.214,6,1281
163.33.182.205,1,40
202.198.7.151,1,40
203.77.86.52,1,439
133.149.227.190,1,40
150.75.17.227,2,104
203.77.86.32,1,436
163.33.92.140,2,143
133.11.75.35,1,60
150.75.203.98,1,40
163.33.232.169,1,40
203.77.118.182,1,40
203.77.86.112,1,437
203.77.57.11,1,40
203.77.2.99,1,44
150.75.162.13,1,40
150.75.85.140,1,40
163.33.76.177,1,40
163.33.86.114,1,44
133.149.248.243,1,40
203.77.86.113,1,434
203.77.116.34,1,40
133.149.114.134,1,40
203.77.70.35,1,40
133.149.213.193,1,40
133.149.82.248,1,40
133.11.116.102,1,40
133.149.139.65,1,40
163.33.55.188,1,40
133.149.117.249,1,40
133.149.174.159,1,40
150.75.191.78,1,40
203.77.86.4,1,438
133.11.70.196,3,452
133.11.110.213,1,40
202.198.57.103,1,40
150.75.108.20,1,40
150.75.79.57,1,40
203.77.56.51,1,40
163.33.229.116,1,40
133.149.72.204,1,40
133.149.164.89,1,40
203.77.54.144,1,40
203.77.86.9,1,435
133.149.138.152,1,60
202.198.35.6,1,40
163.33.10.252,1,40
203.77.86.99,1,439
202.25.107.215,2,92
133.149.66.50,1,40
133.149.254.247,1,40
163.33.140.167,6,353
133.149.63.105,6,288
133.149.161.244,1,40
150.75.142.171,1,40
203.77.86.101,1,438
163.33.53.10,1,40
133.11.110.38,1,40
203.77.86.7,1,438
150.75.134.204,1,40
163.33.251.69,1,40
203.77.86.3,1,437
163.33.238.234,1,40
163.33.98.194,1,40
203.77.86.0,1,436
203.77.91.119,1,434
203.77.86.26,1,438
202.198.46.67,2,80
150.75.164.140,1,40
203.77.86.22,1,434
133.149.216.199,1,40
150.75.218.230,1,40
203.77.86.15,1,437
203.77.86.14,1,436
163.33.208.247,1,40
203.77.86.25,1,436
133.149.0.225,2,80
163.33.230.48,1,40
203.77.57.94,1,40
163.33.137.40,1,44
150.75.112.141,2,80
133.11.71.98,1,40
203.77.86.125,1,439
203.77.91.126,3,516
150.75.172.69,1,40
203.77.12.182,1,29
150.75.4.27,1,40
133.149.107.77,1,40
133.11.71.62,1,40
203.77.23.38,1,40
163.33.116.84,45,67500
203.77.86.103,1,438
203.77.86.17,1,435
203.77.86.1,1,438
203.77.127.86,1,40
202.198.50.226,2,164
203.77.91.120,2,496
163.33.68.184,1,40
203.77.86.50,1,439
203.77.118.206,2,188
133.149.115.84,1,40
203.77.86.10,1,438
203.77.86.114,1,438
163.33.147.48,1,40
203.77.126.2,3,868
150.75.243.221,1,40
203.77.86.8,1,436
203.77.86.59,1,438
163.33.108.72,1,40
133.149.37.89,1,44
203.77.86.11,2,482
203.77.86.24,1,437
150.75.208.121,1,40
163.33.76.75,1,40
163.33.165.179,1,40
163.33.122.180,6,288
133.149.28.79,1,40
203.77.86.53,1,437
203.77.86.120,1,436
203.77.86.16,1,435
163.33.235.69,1,40
133.11.73.47,1,60
202.204.60.12,4,277
203.77.63.103,1,40
203.77.86.6,1,435
133.149.238.133,1,40
203.77.86.45,1,436
163.33.195.138,195,279632
203.77.86.47,1,436
133.149.129.134,1,40
203.77.94.6,1,40
163.33.3.246,1,40
163.33.29.157,1,40
163.33.165.188,1,40
163.33.96.232,1,40
150.75.233.166,1,40
150.75.104.176,1,40
203.77.86.31,1,438
203.77.86.27,1,438
150.75.170.216,1,40
163.33.245.25,6,898
133.149.115.49,1,40
202.198.11.241,1,40
203.77.86.20,1,437
203.77.86.21,1,439
150.75.71.11,1,40
133.149.111.47,1,44
133.149.243.211,1,40
203.77.86.37,1,438
203.77.124.182,1,136
203.77.86.23,1,439
150.75.70.149,1,40
150.75.43.125,1,40
202.204.62.48,3,327
203.77.86.18,1,438
150.75.209.55,1,40
203.77.86.19,1,437
163.33.12.182,9,1444
203.77.86.34,1,437
203.77.86.5,1,435
133.149.196.182,1,40
163.33.204.115,1,121
163.33.98.144,1,40
163.33.95.255,5,7487
203.77.3.233,1,40
133.149.240.245,1,40
163.33.246.46,1,40
150.75.133.81,1,40
150.75.164.33,1,40
133.149.14.38,1,40
150.75.175.156,1,40
203.77.98.191,1,40
133.149.240.82,1,40
150.75.157.109,3,120
133.149.245.74,1,40
203.77.48.192,1,40
150.75.44.65,1,40
203.77.3.123,1,40
133.149.99.68,1,40
163.33.96.112,1,40
203.77.91.121,1,436
203.77.50.113,1,40
163.33.72.111,1,40
150.75.48.209,1,40
163.33.174.180,1,40
150.75.254.136,1,40
202.204.57.208,1,44
203.77.14.196,1,40
133.149.87.147,1,576
202.198.58.180,1,40
133.149.114.151,1,40
203.77.92.41,3,120
163.33.186.93,1,40
150.75.145.176,1,40
150.75.145.223,1,40
203.77.82.149,1,40
150.75.181.26,1,40
150.75.148.7,1,40
133.149.121.155,1,40
202.204.60.180,1,40
150.75.78.201,1,40
150.75.200.41,1,40
150.75.86.72,1,40
163.33.38.157,1,40
150.75.180.166,1,40
163.33.6.157,1,40
133.149.160.233,1,44
150.75.43.160,1,40
133.11.103.237,1,48
133.149.12.72,1,40
150.75.213.23,1,28
150.75.185.35,1,40
163.33.188.88,1,44
133.149.250.33,1,40
133.149.85.153,1,92
150.75.248.236,1,40
150.75.164.150,1,40
150.75.168.112,1,40
150.75.230.197,1,40
163.33.197.61,1,40
163.33.103.90,1,40
163.33.35.165,1,40
203.77.36.185,1,40
150.75.242.140,1,40
203.77.87.155,1,44
150.75.96.93,1,40
133.149.60.149,1,44
150.75.144.134,1,44
150.75.30.141,1,40
163.33.17.131,2,80
163.33.97.22,1,44
150.75.78.128,1,40
133.149.99.113,1,40
202.198.8.100,1,40
163.33.175.110,1,40
163.33.177.183,1,40
202.198.58.168,1,40
133.11.69.227,1,40
133.11.77.222,1,60
133.149.124.164,1,40
133.11.70.106,1,52
133.149.185.4,1,44
163.33.13.72,1,40
202.25.109.24,1,40
163.33.234.104,1,40
133.149.26.183,1,40
203.77.120.185,8,462
133.11.86.148,1,52
133.11.87.182,1,40
163.33.200.67,1,40
163.33.10.74,1,40
150.75.156.80,1,40
150.75.73.198,1,40
202.204.62.182,443,659506
133.149.244.133,1,40
163.33.237.113,4,701
133.149.175.43,1,40
133.149.159.193,1,40
150.75.164.185,1,40
202.198.7.47,1,40
202.198.20.205,1,40
133.149.57.31,1,40
163.33.126.73,1,40
150.75.49.198,1,40
150.75.5.154,1,40
203.77.46.38,1,40
163.33.31.8,1,40
163.33.192.144,1,40
133.149.8.153,1,60
163.33.218.93,1,40
202.198.59.189,1,40
133.11.84.86,1,40
133.149.118.54,1,40
202.198.48.99,1,40
150.75.253.113,1,40
203.77.8.252,1,40
133.149.193.1,1,40
133.149.251.199,1,40
203.77.99.22,1,40
163.33.13.63,1,40
150.75.251.84,1,44
202.198.3.18,1,40
163.33.149.53,1,40
203.77.111.120,1,40
163.33.78.103,2,161
150.75.170.44,2,80
163.33.68.44,1,44
203.77.35.255,1,40
150.75.157.241,1,40
203.77.31.11,1,44
133.149.249.176,1,40
203.77.43.253,1,40
163.33.104.233,1,60
163.33.180.119,1,40
133.149.40.77,2,80
202.198.36.144,1,40
203.77.79.162,1,40
203.77.89.200,1,44
163.33.92.77,1,828
163.33.98.175,1,28
163.33.138.138,1,40
150.75.43.242,1,40
163.33.68.0,1,44
133.149.38.238,1,40
150.75.36.205,1,40
133.149.231.71,1,40
150.75.130.64,1,40
133.149.10.95,1,40
163.33.6.106,1,40
150.75.242.147,1,40
133.11.122.5,1,40
203.77.45.180,1,40
133.149.192.57,1,40
203.77.113.247,102,151797
163.33.162.106,1,40
150.75.146.50,1,40
203.77.0.212,1,40
163.33.41.120,1,54
133.11.77.201,1,52
150.75.144.171,1,40
163.33.95.49,2133,2999016
203.77.108.55,1,40
150.75.144.192,2,96
202.198.60.93,1,40
133.149.192.2,1,40
163.33.43.80,1,40
203.77.38.12,2,84
150.75.109.47,1,40
133.11.76.71,1,40
133.149.58.75,1,40
150.75.47.96,1,40
150.75.160.242,1,40
202.198.38.143,1,44
203.77.41.210,1,40
163.33.236.124,1,40
133.149.196.69,1,40
150.75.63.109,1,40
133.149.241.215,1,40
150.75.243.14,1,40
203.77.68.112,1,40
133.11.86.33,1,52
150.75.51.98,1,40
163.33.66.180,1,40
150.75.224.196,1,40
150.75.210.64,1,40
163.33.123.83,1,40
202.198.14.169,1,40
163.33.228.201,1,40
133.11.124.14,1,40
163.33.87.131,1,40
133.11.97.101,1,48
163.33.80.221,1,1004
203.77.122.135,1,40
133.11.87.202,1,40
150.75.145.248,1,40
133.149.153.7,1,40
163.33.240.204,1,40
202.198.22.17,1,40
203.77.43.139,2,80
150.75.29.25,1,40
150.75.50.154,1,40
163.33.92.162,1,40
202.198.61.248,1,40
203.77.121.102,4,260
203.77.51.56,1,40
163.33.19.8,1,40
150.75.126.38,1,40
203.77.56.246,1,40
202.198.21.28,1,40
133.149.64.92,2,80
133.149.30.166,1,40
163.33.43.253,1,40
163.33.198.86,1,40
163.33.239.233,1,40
133.149.177.217,1,74
203.77.96.102,1,40
163.33.7.37,1,40
202.198.20.17,1,40
133.11.87.162,1,40
163.33.169.252,1,40
133.149.229.65,1,40
133.149.119.6,1,40
163.33.148.45,1,40
203.77.70.121,1,40
163.33.185.32,2,80
150.75.27.221,1,40
150.75.60.57,1,40
133.149.215.203,1,40
202.198.37.128,1,40
150.75.66.230,1,40
133.149.15.18,1,44
150.75.66.82,1,40
203.77.59.141,1,40
133.149.220.208,1,40
163.33.62.237,1,40
133.149.14.3,1,40
150.75.107.104,1,40
163.33.116.86,1,52
133.149.254.94,1,40
202.198.25.101,1,40
150.75.36.138,1,40
133.149.219.250,1,40
163.33.140.137,1,50
133.149.230.6,1,44
133.149.238.217,2,616
202.198.18.163,1,40
163.33.177.53,1,40
150.75.70.222,1,44
202.198.5.177,1,40
202.198.54.24,1,40
163.33.186.102,1,40
133.149.222.240,4,312
163.33.208.24,1,40
133.149.25.118,1,40
163.33.84.35,1,40
133.149.83.19,1,40
202.198.5.53,1,40
163.33.113.116,1,40
150.75.11.45,1,40
203.77.124.94,1,40
133.149.158.218,1,40
163.33.44.143,1,40
203.77.48.88,1,40
150.75.230.167,1,92
163.33.33.247,1,40
163.33.191.243,1,103
150.75.223.8,1,40
163.33.28.130,1,44
163.33.12.78,1,40
163.33.225.176,1,40
150.75.103.25,1,576
150.75.4.71,1,40
150.75.242.10,1,40
163.33.217.169,1,44
163.33.17.244,1,40
133.149.109.149,1,40
150.75.194.117,1,40
133.149.238.136,1,40
202.198.49.96,1,40
163.33.72.27,1,40
133.149.247.43,1,40
133.149.60.209,1,60
163.33.26.212,4,160
150.75.13.91,1,40
133.149.171.78,1,40
163.33.130.44,1,40
133.149.85.174,1,44
203.77.124.16,1,40
163.33.44.179,1,40
203.77.118.116,7,1049
163.33.166.148,1,40
150.75.184.4,1,40
150.75.58.25,1,40
203.77.21.17,1,44
133.149.41.14,1,40
202.198.21.123,1,40
133.149.204.172,1,40
133.149.68.214,1,40
150.75.132.197,1,52
133.149.217.135,1,40
133.11.110.221,1,40
203.77.91.254,2,475
150.75.118.42,1,40
150.75.231.137,1,40
163.33.33.53,2,80
150.75.187.240,1,40
163.33.62.221,1,40
150.75.199.111,1,40
203.77.62.83,1,40
150.75.1.230,1,40
150.75.48.108,1,40
163.33.28.143,1,40
133.149.212.88,1,40
133.11.108.38,1,40
163.33.158.170,1,40
163.33.143.48,1,40
202.198.1.134,1,40
203.77.61.15,1,40
133.149.52.101,1,40
163.33.178.34,1,52
203.77.46.100,1,40
150.75.224.116,1,40
163.33.34.16,1,44
133.149.10.77,1,40
150.75.97.114,1,40
133.149.188.199,1,40
150.75.67.195,1,40
133.11.110.101,2,80
163.33.61.207,1,40
163.33.168.88,2,108
133.11.110.112,1,40
150.75.212.72,1,44
202.204.63.254,1,40
150.75.147.171,1,40
163.33.124.180,2,84
163.33.60.125,1,44
133.149.112.245,1,121
150.75.118.186,1,40
163.33.244.65,4,288
163.33.102.30,1,40
133.11.64.10,1,40
163.33.124.9,1,40
202.204.62.152,7,832
133.149.135.70,1,40
203.77.67.230,1,40
133.11.116.240,1,40
203.77.66.146,1,40
163.33.36.249,1,1003
133.149.42.229,1,40
150.75.79.200,1,40
150.75.212.208,1,40
203.77.124.70,3,252
133.149.227.63,1,40
133.149.19.167,1,40
163.33.14.197,1,40
150.75.226.8,1,40
202.198.21.121,1,40
163.33.81.112,1,40
163.33.166.187,1,40
163.33.28.109,2,142
150.75.253.3,1,40
150.75.105.66,1,40
133.11.112.15,1,40
202.198.34.20,1,40
133.149.228.199,1,40
133.11.70.164,1,87
150.75.190.114,1,40
133.11.114.174,1,40
163.33.123.132,1,44
133.149.12.178,1,40
150.75.92.228,1,40
203.77.120.202,9,420
163.33.160.245,1,40
163.33.84.205,3,184
203.77.32.195,1,44
163.33.131.24,1,40
163.33.191.251,8,964
163.33.170.34,1,40
163.33.97.88,1,40
203.77.44.235,1,40
203.77.92.96,1,40
150.75.83.52,1,40
133.149.12.206,1,40
163.33.83.138,1,44
133.149.154.207,1,40
202.198.57.202,1,58
203.77.82.176,1,40
163.33.230.150,1,44
163.33.197.7,1,40
163.33.92.243,1,40
202.198.63.46,1,40
150.75.102.104,1,40
163.33.209.16,1,40
202.198.63.28,1,40
150.75.109.194,1,40
163.33.148.54,1,58
163.33.169.177,1,40
150.75.233.209,1,40
150.75.2.141,1,48
163.33.103.27,1,40
202.198.55.255,1,40
163.33.31.70,1,44
133.149.2.51,1,40
203.77.115.54,1,40
202.198.61.213,1,40
203.77.109.175,1,40
203.77.127.30,1,60
133.149.29.149,1,40
203.77.9.15,1,40
150.75.177.80,1,40
202.198.48.23,2,80
150.75.116.88,1,44
150.75.212.92,2,84
203.77.25.92,1,40
203.77.122.93,1,40
203.77.96.142,1,40
163.33.225.171,1,40
163.33.191.208,4,1802
133.11.78.57,1,48
203.77.96.177,1,60
163.33.62.172,1,113
163.33.94.63,2,92
163.33.62.175,1,113
163.33.254.25,1,49
150.75.138.100,1,40
202.198.3.125,1,40
150.75.101.242,1,40
163.33.242.6,1,105
203.77.45.59,1,40
203.77.109.88,1,40
133.11.79.51,1,40
202.204.62.203,1,44
202.198.33.19,1,40
150.75.77.34,1,40
203.77.93.138,1,40
163.33.250.114,1,40
163.33.115.3,1,44
133.149.116.130,1,40
203.77.84.196,1,40
203.77.12.20,1,40
150.75.13.183,1,40
202.198.25.189,1,40
203.77.118.188,6,1277
133.11.74.128,1,40
203.77.125.89,1,40
150.75.14.155,1,40
150.75.240.202,1,44
150.75.73.135,1,40
203.77.73.228,1,40
150.75.241.155,1,40
203.77.125.30,1,44
202.198.48.164,1,40
150.75.92.232,1,40
163.33.215.37,1,40
163.33.57.230,1,40
133.149.42.200,1,40
163.33.248.117,2,111
133.11.105.48,1,40
150.75.168.56,1,40
133.149.27.3,1,40
203.77.124.138,2,92
163.33.206.214,1,40
163.33.146.35,1,40
150.75.229.136,1,40
133.11.97.124,1,40
133.11.68.76,1,40
133.11.126.214,1,40
150.75.67.185,1,40
163.33.154.165,1,44
133.149.175.32,1,60
133.149.33.196,1,40
133.11.87.201,1,48
150.75.229.177,1,40
133.11.64.45,1,40
202.25.107.181,1,40
133.11.83.103,1,48
163.33.35.236,2,80
203.77.6.140,1,40
133.11.75.18,1,40
133.149.50.89,1,40
133.149.234.42,1,40
203.77.59.92,1,40
203.77.112.29,1,220
163.33.39.23,1,40
163.33.53.74,1,60
133.149.234.107,1,48
202.198.45.50,1,40
163.33.84.85,1,40
203.77.28.238,1,40
202.198.51.91,1,40
133.11.64.73,1,40
150.75.151.243,1,40
150.75.90.95,1,40
163.33.213.78,1,44
150.75.7.222,1,40
203.77.29.170,1,40
150.75.242.185,1,40
203.77.39.70,1,40
150.75.104.113,1,40
203.77.70.108,1,40
133.149.133.18,1,40
163.33.3.91,1,40
202.198.45.38,1,40
163.33.27.144,1,40
203.77.43.200,1,40
150.75.134.140,1,44
133.149.57.189,1,40
163.33.246.156,4,864
163.33.219.85,1,40
133.149.37.69,1,40
163.33.198.18,1,40
150.75.57.152,1,40
150.75.23.182,1,44
202.198.35.151,1,52
133.149.219.78,1,40
203.77.78.171,1,40
133.149.33.8,1,44
203.77.110.155,1,40
150.75.31.78,1,58
202.204.58.86,1,136
203.77.74.119,1,44
163.33.179.6,1,40
163.33.10.149,1,40
163.33.232.101,1,69
150.75.235.200,1,40
163.33.173.100,1,44
133.149.126.122,1,40
203.77.60.102,1,40
150.75.57.64,1,40
203.77.62.165,1,40
163.33.44.157,1,40
202.198.20.125,1,76
163.33.24.196,1,40
133.149.163.209,1,44
133.11.86.63,1,92
133.149.61.153,1,44
150.75.156.75,1,40
133.149.73.32,1,40
163.33.167.182,1,44
163.33.155.140,1,40
203.77.87.202,1,40
133.149.202.162,1,40
133.149.38.212,2,84
163.33.195.186,35,16101
133.149.207.206,1,40
163.33.147.236,1,40
150.75.49.10,1,40
203.77.75.130,1,40
163.33.255.85,1,44
133.149.171.93,1,576
163.33.102.40,1,40
203.77.62.69,1,40
202.25.107.234,1,52
150.75.57.177,1,40
150.75.124.125,1,40
150.75.61.50,1,40
163.33.145.211,1,40
150.75.101.142,1,44
202.198.17.191,1,40
163.33.191.23,1,121
163.33.199.126,1,40
150.75.111.169,1,40
163.33.137.67,1,40
203.77.52.103,1,44
203.77.87.162,1,60
150.75.232.46,1,40
150.75.244.255,1,40
133.149.54.115,1,40
163.33.255.108,1,40
163.33.32.247,1,40
150.75.232.197,1,40
202.198.0.17,1,44
163.33.163.99,1,60
150.75.149.249,1,40
133.149.95.84,1,40
133.11.73.35,1,40
150.75.183.104,1,40
203.77.90.23,2,475
163.33.44.172,1,40
163.33.29.84,1,40
203.77.115.34,4,608
163.33.139.251,1,52
150.75.150.221,1,40
133.149.185.164,1,48
150.75.61.61,1,40
133.11.121.183,2,80
203.77.87.73,1,40
150.75.14.28,1,40
163.33.155.165,1,40
133.11.110.33,1,40
150.75.97.122,2,80
150.75.137.198,1,40
202.204.56.153,2,188
203.77.124.2,1,136
163.33.235.61,3,463
163.33.133.68,1,40
163.33.90.68,1,40
133.149.58.58,1,60
163.33.141.36,6,491
133.149.95.49,1,40
150.75.138.84,1,44
133.11.126.44,1,40
203.77.69.203,1,40
133.149.104.253,1,40
202.198.61.169,1,40
163.33.67.50,1,40
133.149.95.168,1,40
133.11.127.109,1,40
150.75.8.219,1,40
203.77.123.254,1,44
150.75.15.70,1,40
133.149.78.129,1,40
163.33.157.45,1,48
202.198.22.181,1,40
133.11.80.251,1,40
203.77.39.26,1,40
150.75.119.122,1,40
133.149.178.63,1,40
163.33.128.180,1,40
202.198.4.94,1,40
202.198.55.34,1,40
133.149.233.190,1,40
163.33.229.39,1,40
133.11.67.231,1,44
133.149.83.149,1,40
150.75.145.75,1,40
163.33.61.166,1,40
163.33.63.130,1,259
163.33.95.108,6,385
203.77.60.117,1,40
163.33.84.157,1,40
202.198.6.122,1,40
203.77.67.89,1,40
150.75.72.226,1,40
133.11.123.250,1,44
202.198.20.65,1,44
203.77.88.83,2,475
202.204.60.135,1,40
163.33.143.45,1,40
150.75.132.148,1,40
163.33.9.249,1,40
133.11.112.127,1,40
163.33.12.23,1,40
163.33.193.195,1,52
163.33.54.214,1,40
203.77.84.22,1,40
150.75.198.152,1,40
163.33.31.196,1,40
202.198.23.29,2,80
133.149.67.232,1,40
133.149.141.131,1,40
150.75.23.169,1,40
203.77.18.162,1,40
150.75.231.94,1,40
133.149.56.47,1,40
163.33.100.112,1,40
133.149.25.204,1,40
163.33.84.48,1,40
202.198.17.138,1,40
150.75.148.74,1,40
163.33.78.11,1,40
163.33.213.179,1,40
163.33.45.139,1,40
150.75.243.53,1,40
150.75.76.168,1,40
202.198.57.224,1,40
203.77.19.8,1,44
163.33.26.191,1,72
163.33.80.224,1,40
202.15.129.18,1,40
203.77.118.28,2,122
133.149.196.140,1,40
150.75.42.115,1,40
163.33.69.109,1,40
163.33.224.121,1,40
203.77.103.207,1,40
203.77.16.9,1,48
203.77.22.87,1,40
163.33.140.178,1,40
133.149.104.255,1,40
163.33.118.112,1,40
163.33.58.209,1,44
163.33.55.213,1,40
163.33.42.128,1,40
150.75.190.141,1,40
133.11.105.43,1,40
133.149.252.21,1,40
133.149.198.114,1,44
133.149.240.117,1,40
150.75.253.140,1,40
133.149.141.217,1,40
163.33.155.28,1,40
163.33.22.142,1,40
150.75.113.95,1,40
150.75.235.50,1,40
203.77.72.104,1,40
150.75.137.171,1,40
133.149.241.33,1,40
150.75.186.110,2,80
133.149.113.16,1,40
203.77.36.100,1,60
163.33.49.84,1,40
133.11.70.180,3,438
150.75.174.5,1,44
203.77.102.109,1,44
163.33.27.53,1,40
133.11.88.137,1,40
163.33.225.70,1,40
133.149.160.176,1,40
203.77.88.203,1,40
203.77.33.130,1,40
203.77.95.97,1,40
133.149.227.200,1,40
163.33.52.56,1,40
163.33.231.62,1,40
163.33.167.123,1,40
150.75.192.171,1,40
150.75.236.229,1,40
133.149.249.119,1,40
203.77.109.199,1,40
150.75.153.152,1,40
203.77.95.137,1,40
202.198.41.242,1,40
202.198.21.90,1,40
133.11.88.2,1,44
133.11.80.15,1,40
163.33.92.67,2,84
150.75.147.69,2,100
203.77.118.230,1,40
202.15.129.217,1,40
133.149.154.143,1,40
133.149.41.37,1,40
133.11.113.243,1,40
133.149.71.189,1,40
133.149.12.144,1,40
163.33.93.153,3,785
163.33.94.200,8,1056
133.11.67.247,1,40
202.204.59.245,1,40
133.149.221.236,1,40
203.77.71.88,1,40
150.75.129.139,1,40
133.149.210.122,1,40
150.75.140.212,1,40
163.33.196.245,1,40
150.75.141.48,1,40
202.198.49.37,1,40
202.198.61.122,1,40
133.11.101.60,1,52
163.33.202.59,1,40
202.198.4.145,1,40
133.149.218.32,1,40
203.77.90.112,2,478
163.33.78.128,1,44
163.33.255.146,1,40
163.33.188.83,1,44
150.75.130.5,1,40
133.149.87.163,1,40
150.75.232.14,1,40
163.33.243.100,1,40
133.11.90.207,1,40
163.33.183.181,1,40
150.75.104.219,1,40
203.77.45.184,1,40
133.149.103.158,1,60
163.33.80.4,3,247
202.198.58.1,1,40
133.149.14.187,1,44
133.11.93.254,1,40
163.33.157.87,1,40
203.77.62.135,1,40
163.33.67.138,1,40
133.149.100.143,2,80
202.198.60.84,1,40
163.33.114.142,1,40
202.204.60.201,2,188
133.149.212.174,1,40
163.33.215.55,1,40
133.11.100.193,1,44
133.149.108.152,1,40
133.149.124.203,1,44
133.149.232.252,1,40
133.149.198.239,1,40
150.75.78.219,2,104
163.33.180.133,1,40
133.11.99.136,1,40
133.149.83.49,1,40
150.75.123.9,1,44
202.198.6.52,1,40
150.75.252.134,1,44
163.33.218.176,1,40
163.33.172.5,2,84
133.149.196.132,1,40
133.149.104.105,1,40
133.149.133.155,1,40
203.77.5.248,1,60
150.75.169.130,1,40
163.33.92.142,6,1005
133.149.109.185,1,40
203.77.64.124,1,53
133.149.243.59,2,84
163.33.205.97,1,44
163.33.62.135,1,57
163.33.84.57,1,40
133.149.41.75,1,40
150.75.135.58,1,44
163.33.8.35,1,40
163.33.188.57,1,44
133.149.152.131,1,40
202.198.47.212,1,40
203.77.98.86,1,44
203.77.64.231,1,40
163.33.94.199,1,44
202.198.50.167,1,40
202.198.49.83,1,40
163.33.221.164,1,44
163.33.123.117,1,40
150.75.98.118,1,40
202.198.28.118,1,40
150.75.71.97,1,40
133.149.227.99,1,576
150.75.214.91,1,60
150.75.206.203,1,45
203.77.59.108,1,40
133.149.203.215,1,40
203.77.119.181,2,204
150.75.243.138,1,44
163.33.172.35,1,40
202.198.28.142,1,40
163.33.93.114,1,115
133.149.192.123,1,40
150.75.107.48,1,40
163.33.23.182,4,160
150.75.203.70,1,40
163.33.95.251,1,52
150.75.127.53,1,40
203.77.19.47,1,40
163.33.93.195,17,4553
150.75.50.42,5,2169
133.11.119.6,1,40
203.77.122.213,2,204
163.33.80.207,1,40
163.33.253.168,1,44
203.77.19.140,1,40
133.149.23.131,1,40
203.77.127.61,1,40
202.198.40.121,1,40
163.33.141.114,1,40
150.75.125.240,1,40
163.33.141.79,1,40
150.75.153.9,1,40
133.149.204.44,1,40
150.75.153.202,1,40
133.149.245.145,1,40
163.33.94.136,21,19369
163.33.169.189,1,40
133.149.37.156,1,40
163.33.70.108,1,40
133.149.79.230,3,120
163.33.182.220,1,40
150.75.209.165,1,40
133.149.23.138,1,40
203.77.64.240,1,40
163.33.57.51,6,4895
150.75.193.250,2,104
150.75.50.46,5,2173
150.75.207.123,1,40
203.77.5.254,1,40
133.11.76.108,1,40
133.11.76.99,1,60
150.75.174.133,1,48
150.75.50.47,5,2173
133.11.79.158,1,40
150.75.44.146,1,40
133.149.187.161,1,40
133.149.76.93,1,40
163.33.199.159,3,182
133.149.166.250,1,40
163.33.124.168,2,80
163.33.183.204,1,40
203.77.62.85,1,40
133.149.13.104,2,248
203.77.78.92,1,40
133.149.112.224,1,40
133.149.158.98,1,40
150.75.118.121,1,40
202.198.10.39,1,40
133.149.112.6,1,40
150.75.50.45,5,2169
163.33.118.35,1,40
203.77.49.122,1,40
163.33.118.36,1,40
150.75.50.36,5,2174
150.75.117.162,1,40
150.75.50.43,5,2172
163.33.218.242,1,40
202.198.62.115,1,40
150.75.50.40,5,2172
150.75.47.66,1,40
133.149.166.60,2,80
163.33.69.202,1,52
133.11.116.46,1,44
203.77.71.214,1,40
203.77.37.224,1,40
150.75.50.44,5,2170
133.149.83.172,1,40
163.33.124.164,1,40
203.77.120.228,1,174
163.33.101.45,1,40
203.77.62.204,1,40
163.33.12.151,1,40
133.149.108.68,1,40
133.11.125.48,1,40
150.75.68.180,1,40
163.33.12.45,1,40
150.75.222.243,1,40
163.33.67.183,1,40
163.33.207.210,1,40
163.33.71.154,1,40
163.33.253.58,1,40
133.11.95.4,1,48
150.75.74.117,1,40
133.149.246.93,1,40
163.33.176.14,1,44
133.149.116.224,1,40
150.75.98.213,1,40
203.77.102.111,1,40
203.77.91.118,1,436
150.75.218.4,2,84
150.75.50.37,5,2173
203.77.61.198,1,44
202.198.40.201,1,40
133.11.92.35,1,60
163.33.196.244,1,40
133.11.83.69,1,40
133.149.80.12,1,40
202.198.27.229,2,120
150.75.126.79,1,48
150.75.239.155,1,40
163.33.49.24,1,44
202.198.25.41,1,40
133.149.242.107,1,40
133.149.117.102,1,40
133.149.5.135,1,44
150.75.200.201,1,40
202.198.9.248,1,40
150.75.240.94,1,40
133.149.242.5,1,40
163.33.72.245,1,40
150.75.206.88,1,40
163.33.108.119,1,40
133.11.67.105,3,180
150.75.202.121,1,40
163.33.152.124,1,40
133.149.108.72,1,40
203.77.91.70,1,436
150.75.164.0,1,40
133.11.111.43,1,121
133.149.4.56,1,45
150.75.207.185,1,44
133.149.44.1,1,40
203.77.91.116,1,435
150.75.131.245,1,40
133.149.75.238,1,76
150.75.2.27,1,40
163.33.37.235,1,40
202.198.27.211,1,40
203.77.91.98,1,437
133.149.8.77,1,40
203.77.91.75,1,438
133.149.47.34,1,40
203.77.91.66,1,435
150.75.185.139,1,40
203.77.91.105,1,436
203.77.91.113,1,436
150.75.147.151,1,40
133.11.104.198,1,40
150.75.164.178,1,40
133.149.166.134,1,40
202.198.15.163,3,384
163.33.62.161,2,263
163.33.96.106,1,40
150.75.228.100,1,40
203.77.104.174,1,40
133.11.113.55,1,40
163.33.122.183,1,40
202.198.26.199,1,40
133.11.70.179,7,351
163.33.27.97,1,40
133.149.87.105,1,40
163.33.120.253,1,44
203.77.42.213,1,40
203.77.91.112,1,437
163.33.76.128,1,40
163.33.169.13,1,40
133.149.38.209,1,40
150.75.37.195,1,40
203.77.91.100,1,435
163.33.178.13,1,52
203.77.75.63,1,40
150.75.75.1,1,40
203.77.91.110,1,437
150.75.229.160,1,40
150.75.142.21,2,84
150.75.240.76,1,40
150.75.148.75,1,40
150.75.173.225,1,40
203.77.65.160,1,40
163.33.140.9,10,597
150.75.208.38,1,40
150.75.11.161,1,52
133.11.104.221,1,44
202.204.60.91,1,40
150.75.51.231,1,40
203.77.91.108,1,434
163.33.83.237,1,40
203.77.91.71,1,436
203.77.91.83,1,437
163.33.101.49,1,52
203.77.91.91,1,435
203.77.91.73,1,436
202.198.40.190,1,40
203.77.91.107,1,437
163.33.138.237,1,44
203.77.91.88,1,437
203.77.126.30,1,40
203.77.91.103,1,437
202.198.15.223,4,414
163.33.169.161,1,40
203.77.91.63,1,438
203.77.91.79,1,431
133.11.72.98,1,40
163.33.93.236,2,175
133.149.112.232,1,44
133.149.42.16,1,40
163.33.10.166,1,40
133.149.55.227,1,40
203.77.91.114,1,434
133.11.116.117,1,40
203.77.91.89,1,437
133.149.159.209,1,40
203.77.91.115,1,436
203.77.78.82,1,40
203.77.91.93,1,437
203.77.111.36,1,40
203.77.91.94,1,436
133.11.88.35,1,40
202.198.18.100,1,40
202.198.8.50,1,40
203.77.91.99,1,431
203.77.91.74,2,477
203.77.91.87,1,438
203.77.91.64,1,437
203.77.91.86,1,437
203.77.91.97,1,436
163.33.29.105,1,40
163.33.169.136,1,40
163.33.238.245,8,548
133.149.131.45,1,40
150.75.95.3,1,40
133.149.35.204,1,40
133.149.162.42,1,40
133.149.179.181,1,40
203.77.91.101,1,430
203.77.91.111,1,435
150.75.186.59,1,40
203.77.95.84,1,44
150.75.245.121,1,40
202.198.14.245,1,40
203.77.91.61,1,437
203.77.91.78,1,433
203.77.54.238,1,40
203.77.91.117,1,435
150.75.50.21,1,40
203.77.91.84,1,437
203.77.91.56,1,436
203.77.91.59,1,435
133.149.80.197,2,652
203.77.91.72,1,437
202.198.37.147,1,44
150.75.97.88,1,40
163.33.165.111,1,40
203.77.91.54,1,437
203.77.91.104,1,437
150.75.14.102,2,80
203.77.77.54,1,40
203.77.29.189,1,40
163.33.4.43,1,40
150.75.178.154,1,121
133.149.220.123,1,40
150.75.216.79,1,40
150.75.55.22,1,44
150.75.184.170,1,40
203.77.91.67,1,437
203.77.79.130,1,40
203.77.91.55,1,437
150.75.147.62,1,40
202.204.62.186,13,9098
203.77.125.100,1,40
150.75.118.155,1,40
203.77.91.95,1,438
150.75.242.215,1,40
203.77.91.90,1,437
202.198.4.10,1,40
163.33.210.76,1,40
203.77.32.137,1,40
203.77.24.106,1,40
163.33.80.174,1,40
163.33.141.78,1,60
133.149.127.86,1,40
163.33.173.192,1,40
133.11.89.224,1,52
163.33.185.228,1,911
203.77.91.76,1,435
203.77.91.96,1,437
203.77.7.122,1,40
202.198.40.70,1,40
133.149.52.5,1,40
203.77.121.97,3,296
203.77.17.40,1,40
133.149.18.124,1,40
150.75.201.71,1,40
203.77.91.109,1,436
202.204.60.71,1,60
150.75.97.91,1,40
163.33.87.83,1,40
133.149.108.160,1,40
203.77.111.43,1,40
150.75.65.120,1,40
133.149.14.127,1,40
202.198.58.64,1,40
203.77.91.106,1,434
163.33.97.222,1,40
203.77.91.69,1,437
133.11.94.132,1,40
203.77.91.102,1,437
150.75.67.80,1,40
202.198.49.68,1,40
163.33.6.54,1,40
163.33.201.21,1,40
203.77.91.62,1,435
163.33.238.255,2,124
150.75.232.64,1,40
203.77.67.151,1,40
203.77.71.203,1,40
133.11.74.73,1,44
203.77.91.65,1,435
203.77.91.248,2,481
203.77.87.10,1,40
133.149.88.71,1,40
150.75.239.174,1,40
203.77.91.58,1,438
133.149.63.246,1,40
133.149.120.80,1,40
150.75.102.65,1,40
203.77.91.92,1,437
203.77.118.207,1,40
133.11.95.168,1,44
203.77.108.159,1,40
203.77.91.85,1,437
133.149.159.251,1,40
163.33.139.189,1,40
203.77.110.204,1,40
133.11.126.86,1,40
203.77.14.212,1,44
163.33.195.45,1,40
163.33.75.33,1,40
163.33.180.146,1,40
133.149.64.160,1,40
202.198.10.3,1,40
133.149.161.206,1,40
203.77.91.68,1,437
150.75.84.58,1,40
203.77.106.194,1,44
202.198.28.235,1,44
150.75.146.213,1,40
203.77.91.80,1,438
133.149.67.148,1,40
150.75.14.110,1,40
150.75.255.167,1,40
150.75.220.126,1,44
203.77.91.60,1,437
203.77.91.77,1,437
133.149.162.84,1,40
133.149.146.156,1,40
150.75.136.8,1,40
202.198.46.80,1,40
203.77.91.82,1,437
150.75.152.14,1,40
163.33.65.72,1,56
133.11.74.142,1,40
150.75.104.150,1,40
150.75.170.181,1,40
133.11.105.206,1,44
203.77.125.120,1,40
150.75.147.9,1,40
203.77.116.138,1,40
150.75.203.133,1,40
133.149.62.54,1,40
133.149.153.103,1,40
133.149.88.252,1,40
150.75.186.34,1,60
163.33.160.68,1,40
133.11.94.149,1,40
203.77.87.1,1,44
133.11.73.144,1,44
203.77.66.179,1,40
150.75.117.208,1,40
203.77.95.252,1,40
163.33.212.216,1,40
202.204.57.105,2,118
133.149.189.233,1,40
133.149.67.218,1,40
163.33.61.9,1,40
203.77.91.57,1,436
150.75.232.252,1,40
133.149.64.68,2,80
150.75.219.17,1,40
150.75.63.126,1,40
150.75.13.200,1,40
150.75.138.2,1,40
150.75.192.226,1,52
163.33.8.214,1,40
203.77.91.52,1,436
150.75.141.99,1,40
163.33.61.228,1,44
203.77.58.87,1,40
150.75.85.150,1,40
150.75.114.208,1,40
150.75.138.15,1,40
202.198.55.19,1,52
203.77.109.90,1,40
202.25.109.83,1,40
163.33.253.229,1,40
202.198.45.244,1,48
163.33.216.181,1,40
150.75.243.240,1,121
203.77.49.77,1,40
202.204.63.117,1,40
203.77.23.173,1,40
163.33.62.182,1,40
163.33.63.161,1,219
203.77.91.53,1,434
133.149.228.136,1,40
150.75.13.75,1,40
133.11.96.200,1,40
163.33.232.79,3,1218
150.75.5.94,1,40
133.149.212.135,1,40
202.198.3.7,1,40
163.33.180.126,1,40
202.198.42.102,1,40
150.75.92.159,1,40
150.75.48.30,1,44
150.75.193.15,1,40
203.77.78.49,1,44
133.149.161.231,1,40
202.198.57.120,1,40
150.75.122.138,1,40
150.75.6.181,1,44
202.198.13.118,1,44
150.75.34.183,1,40
150.75.224.160,1,40
163.33.61.154,1,40
163.33.144.62,1,40
202.204.61.95,1,40
150.75.77.181,1,40
133.149.37.100,1,40
203.77.55.216,1,44
202.198.5.10,1,40
163.33.118.147,1,40
163.33.93.211,1,52
150.75.94.13,1,40
150.75.56.226,1,40
150.75.88.83,2,88
202.198.40.135,1,44
203.77.41.185,1,40
133.149.183.150,1,40
163.33.194.178,1,40
203.77.21.82,1,40
133.11.126.39,1,40
150.75.37.87,1,40
203.77.73.131,1,40
202.198.58.155,1,40
203.77.3.243,1,40
203.77.53.248,1,40
133.149.141.122,1,40
133.149.139.27,1,40
150.75.67.120,1,40
163.33.198.26,1,40
133.11.85.246,1,60
202.198.27.156,1,40
202.198.13.85,1,40
163.33.237.36,2,116
133.149.189.62,1,40
133.149.243.247,1,40
133.149.150.56,1,44
150.75.219.35,2,80
150.75.66.67,1,40
163.33.214.212,1,52
133.149.59.131,1,40
163.33.225.53,1,40
133.149.21.170,1,40
150.75.195.53,1,40
203.77.0.137,1,40
163.33.51.232,1,40
202.198.1.146,1,40
133.149.105.92,1,44
150.75.79.210,1,40
202.198.59.123,1,40
203.77.73.149,1,40
163.33.112.241,1,40
202.198.11.57,1,40
202.198.26.88,1,40
203.77.127.88,1,40
133.149.11.120,1,40
163.33.197.31,1,40
133.149.29.15,1,40
133.149.69.116,1,40
203.77.107.161,1,40
150.75.239.28,1,40
163.33.212.1,1,44
133.149.93.234,1,40
163.33.191.157,1,40
203.77.4.187,1,40
150.75.226.22,1,40
150.75.156.39,2,80
203.77.83.16,1,40
163.33.89.50,2,80
163.33.182.13,1,40
203.77.93.177,2,80
163.33.133.239,1,40
133.149.64.113,1,40
203.77.6.51,1,40
150.75.85.90,1,40
133.149.235.150,1,40
203.77.117.70,1,40
150.75.185.156,2,80
150.75.195.66,1,40
133.149.15.150,1,40
203.77.16.236,1,40
203.77.87.88,1,44
150.75.130.61,1,44
203.77.121.117,1,52
133.149.167.233,1,44
163.33.190.156,1,40
150.75.67.119,1,40
133.149.104.29,1,40
203.77.35.192,1,40
150.75.175.141,1,40
150.75.110.74,1,40
163.33.90.241,1,40
150.75.47.115,1,40
203.77.23.171,1,40
163.33.129.120,1,40
163.33.167.163,1,40
163.33.11.121,1,40
203.77.29.113,1,40
203.77.125.13,1,40
203.77.105.224,1,40
150.75.128.21,1,40
150.75.74.161,1,40
150.75.227.116,1,40
163.33.131.4,5,990
150.75.143.23,1,44
203.77.112.179,1,91
163.33.10.236,1,40
150.75.61.251,1,40
163.33.132.99,1,44
163.33.96.35,1,40
150.75.142.237,1,40
163.33.74.12,1,44
163.33.92.103,16,2612
163.33.93.4,1,115
203.77.83.95,1,40
202.198.38.217,1,40
133.149.171.76,1,40
133.149.255.85,8,2048
163.33.158.54,1,40
150.75.129.252,1,40
133.11.106.132,2,80
133.149.132.151,1,40
133.149.215.165,1,44
202.204.62.177,29,1774
133.11.118.210,1,40
203.77.36.129,1,40
133.149.231.170,1,40
150.75.178.34,2,80
133.149.28.60,1,40
163.33.124.96,1,40
150.75.125.37,3,168
133.11.86.244,1,40
150.75.221.189,1,40
133.149.244.244,1,40
163.33.130.21,1,40
150.75.24.108,1,40
133.149.9.71,1,40
202.198.56.115,1,40
133.11.117.240,1,40
133.149.52.86,1,40
133.149.94.237,1,40
150.75.154.33,1,44
150.75.240.243,1,40
150.75.197.202,1,40
133.149.19.40,1,44
150.75.42.144,1,40
163.33.2.185,2,80
163.33.13.126,1,44
203.77.15.54,1,40
133.149.147.186,1,40
203.77.110.103,1,40
150.75.252.100,1,40
163.33.184.248,1,40
150.75.201.209,1,44
150.75.189.215,1,40
150.75.20.64,1,40
150.75.10.119,1,44
163.33.204.141,1,40
150.75.29.146,1,40
163.33.138.37,1,71
150.75.205.20,1,40
150.75.9.238,1,40
163.33.31.69,1,40
163.33.232.138,6,810
203.77.76.208,1,40
150.75.176.149,1,44
150.75.125.93,1,40
150.75.192.111,1,40
150.75.87.145,1,40
150.75.216.74,1,76
133.149.192.1,1,40
133.11.83.32,1,40
163.33.174.190,1,60
133.149.140.83,1,40
150.75.139.216,1,40
133.149.183.163,1,40
163.33.194.212,1,40
133.149.164.127,1,40
133.149.4.141,1,40
163.33.236.102,12,1525
203.77.11.105,1,44
203.77.33.57,1,40
150.75.24.155,1,220
202.198.1.77,1,40
150.75.197.191,1,40
163.33.127.192,1,40
203.77.85.30,1,40
203.77.108.42,1,40
163.33.106.169,1,40
163.33.208.188,1,44
163.33.94.10,5,746
150.75.17.87,1,40
203.77.96.8,1,40
133.149.181.39,1,576
163.33.167.26,1,40
202.204.60.1,1,40
150.75.71.174,1,40
163.33.79.126,1,40
163.33.154.100,1,40
163.33.147.77,1,40
163.33.1.107,1,40
163.33.79.88,1,40
163.33.134.74,1,40
163.33.151.163,1,44
133.149.223.225,1,40
163.33.97.27,1,40
150.75.42.70,1,40
203.77.70.110,1,40
203.77.114.91,1,40
150.75.184.221,1,44
133.149.246.255,1,40
133.149.167.48,1,40
150.75.3.38,1,40
150.75.40.24,1,40
133.149.169.3,1,40
163.33.95.33,1,52
203.77.35.216,1,40
150.75.39.53,2,92
163.33.170.46,1,40
163.33.135.61,1,40
150.75.152.223,1,40
133.149.213.47,1,40
163.33.74.89,1,40
150.75.32.124,1,40
133.149.68.190,1,40
133.149.13.37,1,40
163.33.50.224,1,44
150.75.137.24,1,40
202.198.0.66,1,40
202.198.40.42,1,40
163.33.36.252,10,2549
163.33.95.129,5,965
163.33.96.45,1,40
203.77.90.24,2,479
133.149.234.173,1,44
150.75.140.141,1,40
150.75.30.78,1,40
163.33.115.246,1,127
163.33.22.227,1,40
150.75.40.194,1,40
133.149.7.70,1,40
163.33.147.190,1,40
133.149.56.88,1,40
202.198.48.214,1,40
163.33.179.254,1,44
163.33.239.230,1,40
150.75.70.114,1,40
163.33.70.212,1,40
203.77.17.38,1,40
203.77.12.229,1,40
150.75.47.208,1,44
203.77.43.41,1,121
150.75.193.244,1,40
203.77.0.31,1,40
203.77.60.74,1,40
133.149.1.203,1,40
163.33.73.133,1,40
133.149.108.178,1,40
150.75.148.87,1,40
150.75.165.102,1,40
150.75.246.5,1,44
133.149.10.156,1,44
163.33.221.202,1,40
150.75.43.229,1,40
163.33.26.238,1,40
150.75.106.250,1,40
133.149.169.186,1,40
133.149.181.226,1,40
133.149.101.165,1,40
163.33.253.78,1,52
150.75.109.237,1,40
150.75.178.131,1,40
203.77.80.80,1,40
203.77.121.41,1,40
150.75.48.157,1,40
203.77.119.88,1,44
150.75.65.172,1,92
150.75.214.15,1,44
203.77.83.54,1,40
203.77.85.36,1,48
150.75.70.96,1,44
133.149.153.158,1,40
202.198.28.106,1,40
150.75.36.16,1,40
163.33.164.184,1,44
150.75.215.101,1,40
203.77.82.183,1,40
150.75.115.42,1,40
202.198.59.56,1,40
150.75.36.214,1,40
133.149.205.47,1,40
163.33.214.239,1,68
150.75.102.202,1,40
133.11.71.76,1,40
150.75.19.229,1,40
203.77.122.74,1,128
133.149.20.162,1,40
150.75.103.178,1,40
163.33.77.253,1,40
133.11.101.169,1,40
133.149.225.168,1,40
150.75.157.193,1,40
150.75.60.7,1,40
133.149.56.170,1,40
163.33.174.16,1,40
163.33.75.176,1,40
202.198.0.223,1,40
150.75.197.196,1,40
150.75.192.194,1,40
133.149.169.202,1,40
163.33.89.144,1,40
150.75.205.141,1,40
163.33.126.44,1,40
133.149.213.68,1,40
163.33.54.45,1,40
150.75.6.174,1,40
202.198.9.254,1,40
203.77.69.19,1,44
150.75.96.174,1,44
163.33.70.84,1,40
163.33.107.199,1,40
133.149.158.187,1,40
133.11.91.54,1,60
163.33.31.143,1,40
163.33.134.73,1,52
150.75.3.129,1,40
150.75.171.248,1,40
203.77.59.56,1,40
150.75.110.39,1,40
150.75.246.199,1,40
203.77.66.243,1,40
203.77.121.217,4,424
163.33.40.155,1,40
133.149.191.196,1,40
202.198.45.90,1,40
163.33.141.231,2,146
150.75.3.28,1,40
150.75.69.98,1,40
133.149.51.94,1,44
133.149.153.244,1,44
150.75.79.133,1,40
133.149.84.37,1,44
150.75.157.66,1,40
133.149.2.93,1,40
163.33.140.250,32,7072
163.33.45.26,1,40
150.75.87.150,1,40
202.198.34.158,1,40
202.204.60.112,33,7463
150.75.127.40,1,40
133.149.253.212,1,40
150.75.136.114,1,40
150.75.155.219,1,40
150.75.234.190,1,40
163.33.165.67,1,40
163.33.124.149,1,40
163.33.168.146,1,52
203.77.66.144,1,40
163.33.148.130,1,40
150.75.171.177,1,52
150.75.102.209,1,44
202.198.8.242,2,80
133.11.86.243,1,40
133.11.71.151,1,40
163.33.152.222,1,44
163.33.174.19,719,1077336
150.75.223.6,1,40
163.33.105.226,1,44
133.11.102.128,1,48
150.75.180.89,1,40
150.75.203.113,1,44
133.11.92.150,1,40
133.149.117.75,1,40
150.75.192.222,1,40
203.77.14.30,1,40
163.33.178.33,2,92
150.75.65.123,1,44
150.75.2.3,1,40
202.204.58.154,1,40
133.149.58.142,1,40
203.77.127.243,1,40
150.75.46.213,1,40
163.33.36.173,1,40
133.149.210.56,1,40
133.149.75.170,1,40
150.75.129.63,1,44
163.33.229.47,1,48
163.33.148.227,1,40
150.75.39.138,1,40
163.33.189.44,1,40
163.33.89.93,1,40
203.77.108.76,1,40
133.149.217.68,1,40
202.198.44.118,1,40
163.33.215.247,1,40
203.77.80.145,1,40
150.75.213.185,1,60
203.77.20.59,1,40
203.77.29.180,1,40
203.77.113.165,1,99
150.75.26.71,1,40
133.149.156.59,1,52
150.75.179.127,1,40
203.77.6.67,1,40
133.149.108.85,1,40
203.77.82.206,2,80
163.33.101.245,1,40
163.33.60.1,1,52
163.33.126.187,1,40
133.11.125.192,1,40
150.75.238.72,1,44
133.149.20.133,1,44
163.33.210.58,1,40
163.33.214.149,1,40
150.75.222.194,1,40
150.75.168.136,1,40
163.33.141.192,1,1003
163.33.218.76,1,40
203.77.123.3,1,40
202.198.52.119,1,40
133.149.89.84,1,40
150.75.75.240,1,40
163.33.140.13,1,83
133.149.128.137,1,40
202.198.40.199,2,68
203.77.39.228,1,40
150.75.171.13,1,40
163.33.234.252,1,40
133.149.75.70,1,40
163.33.193.43,1,40
163.33.95.11,2,115
133.11.84.176,1,48
133.149.155.79,1,40
163.33.170.185,1,44
163.33.89.113,1,40
203.77.53.40,1,40
133.11.71.38,1,44
150.75.71.131,1,40
133.149.214.54,1,40
163.33.61.231,1,40
150.75.218.88,1,40
163.33.153.162,1,40
133.149.78.108,1,40
202.198.35.25,1,40
133.149.40.103,1,40
163.33.245.206,1,40
202.198.3.242,1,40
202.198.62.194,1,40
163.33.12.100,1,164
133.149.143.88,1,40
203.77.98.187,1,40
163.33.224.196,1,40
203.77.118.58,2,80
133.149.209.110,1,40
150.75.33.31,1,40
203.77.123.179,1,40
133.149.248.160,1,44
203.77.74.244,1,40
150.75.185.203,1,40
203.77.14.40,1,40
202.198.34.49,1,40
163.33.92.170,2,2004
163.33.245.169,1,40
133.149.233.66,1,92
163.33.60.98,1,40
133.11.115.128,1,40
163.33.64.11,1,40
163.33.138.223,1,40
150.75.126.92,1,40
163.33.95.88,1,115
150.75.28.63,1,40
150.75.243.225,1,92
203.77.101.211,1,40
163.33.134.239,1,44
133.149.77.247,1,40
202.198.18.148,1,40
150.75.1.78,1,40
163.33.148.109,1,40
133.149.3.219,1,40
163.33.188.47,4,1039
163.33.238.123,1,40
133.149.113.166,2,88
163.33.98.10,1,60
163.33.100.22,1,40
203.77.106.152,1,40
163.33.234.236,1,40
203.77.39.197,1,40
203.77.121.11,1,40
163.33.62.166,1,131
150.75.48.255,1,40
203.77.20.190,1,40
203.77.87.243,2,80
163.33.138.245,1,40
163.33.0.74,1,40
203.77.8.117,1,40
163.33.218.19,1,40
202.198.40.94,1,40
133.11.89.101,1,40
150.75.216.131,1,44
203.77.11.66,1,40
163.33.146.243,1,40
203.77.117.184,1,40
163.33.7.209,1,40
163.33.242.182,2,100
133.149.2.233,1,40
133.149.144.40,1,40
202.198.27.252,1,40
163.33.25.192,1,40
203.77.88.43,2,478
150.75.185.196,1,40
133.149.67.231,1,40
150.75.94.253,1,40
133.149.230.213,1,40
133.11.103.195,1,40
150.75.175.166,1,40
133.149.206.231,1,40
133.149.200.15,1,44
163.33.198.216,4,160
133.149.2.98,1,40
163.33.33.97,1,40
163.33.234.234,1,40
150.75.17.21,1,40
150.75.46.40,1,40
133.11.123.36,1,40
133.149.65.146,1,44
150.75.161.64,1,40
133.149.156.187,1,40
133.149.58.63,1,40
150.75.161.87,1,40
150.75.203.121,1,40
202.198.58.108,1,60
133.11.113.72,1,44
203.77.106.105,1,40
150.75.97.77,1,40
133.149.152.169,1,40
150.75.163.51,1,44
150.75.152.82,1,44
202.25.109.26,1,40
133.149.3.157,1,40
150.75.141.2,1,121
202.198.23.238,1,40
163.33.207.99,1,40
150.75.142.135,1,40
163.33.27.243,1,40
203.77.78.225,1,40
133.149.176.135,1,40
133.149.196.241,1,40
150.75.78.171,1,121
133.149.4.97,1,44
202.198.50.140,1,40
163.33.202.165,1,40
133.11.88.143,1,40
203.77.7.45,1,40
203.77.103.155,1,40
133.149.50.73,1,52
202.204.60.220,1,40
163.33.176.231,1,40
150.75.211.103,1,40
150.75.147.200,1,40
163.33.25.149,2,80
150.75.12.175,1,40
203.77.28.106,1,40
202.198.16.25,1,40
150.75.121.220,1,40
203.77.9.252,2,80
163.33.50.82,1,40
150.75.205.134,1,40
163.33.83.37,1,40
163.33.25.231,1,40
203.77.41.52,1,40
202.198.27.9,1,40
202.198.16.19,1,40
150.75.146.226,1,40
150.75.102.206,1,40
150.75.249.146,1,40
150.75.44.51,1,40
163.33.198.41,6,1780
150.75.43.126,1,40
133.149.185.196,1,40
203.77.21.129,1,40
133.149.242.98,1,44
150.75.160.32,1,40
150.75.112.164,1,40
133.11.104.25,1,40
133.149.61.196,1,40
133.149.98.114,1,40
133.11.75.138,1,40
163.33.146.74,1,40
163.33.48.207,1,40
150.75.134.49,1,40
150.75.12.217,2,80
150.75.216.199,1,40
150.75.0.174,1,40
133.149.116.28,1,40
150.75.64.60,1,44
203.77.52.246,1,40
202.198.34.52,1,40
163.33.203.65,1,40
150.75.17.34,1,40
202.198.40.35,1,40
202.198.42.84,1,40
163.33.143.59,1,40
203.77.117.74,2,100
163.33.53.228,1,40
203.77.10.1,1,40
133.149.255.137,1,40
163.33.44.104,1,40
163.33.79.40,1,48
203.77.68.230,1,40
202.198.54.239,1,40
202.198.0.156,5,806
202.198.37.37,1,44
202.198.11.200,1,44
133.149.238.12,1,40
203.77.88.62,2,477
163.33.193.142,1,40
133.149.160.19,1,40
163.33.197.216,1,52
150.75.212.121,1,40
133.11.72.131,1,40
133.11.83.48,1,40
203.77.27.15,1,40
163.33.242.206,1,40
163.33.92.119,5,313
133.149.127.95,1,40
133.11.125.155,1,40
150.75.115.81,1,40
163.33.104.196,1,40
163.33.251.252,1,40
163.33.137.157,1,40
150.75.193.89,1,40
133.149.81.156,1,40
150.75.141.205,1,44
133.149.104.62,2,80
163.33.252.114,3,425
150.75.37.17,1,576
133.11.97.183,1,40
133.149.49.46,1,44
133.149.236.202,1,40
133.11.65.49,1,60
133.149.255.165,2,80
133.149.236.224,1,40
163.33.29.198,1,44
133.11.103.204,1,48
203.77.117.96,2,80
163.33.100.152,1,40
163.33.219.28,1,40
150.75.217.134,1,40
150.75.19.103,1,40
203.77.82.33,1,40
163.33.63.164,1,131
150.75.75.58,1,40
133.149.249.58,1,40
163.33.191.200,3,590
203.77.94.59,1,40
163.33.94.130,8,380
163.33.175.64,1,52
203.77.15.33,1,40
150.75.71.130,1,40
150.75.99.214,1,40
133.149.255.128,2,80
133.149.223.216,1,40
203.77.68.28,1,40
163.33.224.120,1,40
202.198.61.112,1,40
203.77.60.147,1,40
163.33.150.199,1,44
202.204.63.77,1,44
203.77.93.100,1,40
203.77.52.194,1,40
203.77.77.193,1,40
133.149.32.206,1,40
133.149.245.7,1,40
150.75.161.8,1,40
163.33.68.27,2,84
150.75.68.135,1,30
150.75.114.58,1,40
133.149.148.60,1,40
163.33.76.124,1,40
150.75.254.5,1,40
150.75.199.76,1,40
150.75.10.215,1,40
163.33.35.97,1,40
133.149.238.121,1,40
163.33.189.101,1,40
133.149.231.177,1,40
133.11.70.109,1,52
133.11.103.104,1,40
150.75.76.67,1,40
163.33.41.22,1,40
163.33.64.95,1,40
163.33.68.54,1,40
150.75.230.250,1,40
203.77.59.9,1,40
133.149.254.122,1,40
203.77.58.249,1,40
133.149.13.240,1,40
163.33.177.175,1,40
163.33.161.25,1,40
133.149.8.161,1,40
133.149.178.138,1,40
202.198.51.156,1,40
150.75.87.57,1,40
133.149.41.197,1,40
203.77.108.136,1,40
163.33.34.135,1,40
133.149.1.47,1,40
133.11.92.57,1,40
133.149.170.164,1,40
202.198.20.15,1,40
150.75.101.210,1,40
203.77.107.184,1,40
133.149.189.41,1,121
163.33.191.226,1,142
202.198.51.215,1,40
203.77.50.202,1,40
163.33.36.88,1,40
203.77.63.25,1,40
133.149.111.95,1,40
150.75.247.197,1,40
133.11.82.118,1,40
163.33.215.42,1,40
150.75.21.189,1,40
163.33.163.60,1,40
163.33.64.25,1,40
150.75.147.71,1,40
163.33.78.151,1,40
150.75.84.85,1,40
163.33.130.78,2,80
150.75.32.28,1,40
163.33.57.24,4,1555
150.75.186.127,1,40
133.149.106.145,1,40
202.198.8.127,2,80
203.77.70.196,1,40
202.198.37.201,1,40
133.149.87.239,1,40
150.75.143.217,1,40
163.33.225.170,1,40
150.75.114.235,1,40
150.75.62.167,1,40
163.33.126.212,1,40
163.33.142.78,1,40
133.149.40.223,1,40
133.149.82.23,1,40
133.11.115.170,1,40
163.33.132.74,2,135
203.77.8.12,1,40
133.149.151.240,1,44
150.75.6.12,1,40
133.149.112.158,1,40
163.33.233.223,3,209
163.33.16.2,1,40
133.149.112.117,1,40
133.149.128.58,1,40
203.77.48.24,2,92
150.75.213.53,1,40
203.77.127.176,1,40
202.198.12.8,1,40
203.77.127.37,1,116
150.75.199.115,1,40
203.77.5.177,1,40
150.75.19.73,1,40
133.149.111.238,1,40
163.33.207.58,1,40
133.149.35.193,1,40
133.149.225.150,1,40
163.33.165.74,1,40
133.149.49.254,1,40
150.75.241.116,1,76
163.33.178.12,1,52
163.33.65.133,1,44
203.77.67.49,1,40
150.75.87.183,1,40
150.75.101.202,1,40
202.198.60.218,1,52
150.75.154.163,1,40
150.75.65.125,1,40
150.75.182.18,1,40
203.77.70.125,1,40
203.77.70.170,1,40
163.33.117.167,1,40
163.33.29.234,2,80
150.75.108.15,1,40
203.77.77.53,1,40
163.33.236.20,1,40
163.33.107.129,1,40
202.198.16.36,1,40
163.33.137.153,1,40
150.75.245.205,1,40
133.149.252.18,2,80
163.33.168.177,2,366
202.198.38.139,1,40
163.33.140.114,17,5039
133.11.107.97,1,60
203.77.85.186,1,40
203.77.104.127,1,40
133.149.173.28,1,44
133.149.29.121,1,40
163.33.146.34,1,40
133.149.60.75,1,44
202.198.26.150,1,40
163.33.90.35,1,44
202.198.37.29,1,40
133.149.63.138,1,40
203.77.57.34,1,40
150.75.201.219,1,40
133.149.138.98,1,40
163.33.214.159,1,44
203.77.126.61,2,70
202.198.4.36,1,40
150.75.230.199,1,40
203.77.113.27,1,40
150.75.115.191,1,40
133.149.5.210,1,40
203.77.106.145,1,40
202.198.37.88,1,40
163.33.131.149,1,44
202.198.34.27,1,40
133.149.211.217,1,40
150.75.20.207,1,40
163.33.182.69,1,40
150.75.171.221,1,76
150.75.134.7,1,40
163.33.199.225,1,44
133.149.123.124,1,40
163.33.162.138,1,40
150.75.165.171,1,40
202.204.62.39,1,40
203.77.95.237,1,44
202.198.35.121,1,40
133.149.159.102,1,40
163.33.94.206,1,40
150.75.78.18,1,40
163.33.83.86,1,40
163.33.251.175,1,40
202.198.22.41,1,40
203.77.50.158,1,40
133.149.14.237,1,40
163.33.237.32,1,40
150.75.224.245,1,40
202.198.62.28,1,40
202.198.61.144,1,40
163.33.34.99,1,40
203.77.121.70,2,188
202.198.32.144,1,40
150.75.176.20,1,40
133.11.79.69,1,40
150.75.163.62,1,60
163.33.178.23,1,40
150.75.40.65,1,40
150.75.173.120,1,40
163.33.66.189,1,40
163.33.153.204,1,40
133.149.201.243,1,40
150.75.237.226,1,40
203.77.31.0,1,40
150.75.150.119,1,40
163.33.236.178,1,40
150.75.232.11,1,40
133.149.122.134,1,40
133.11.98.228,1,44
163.33.182.33,1,40
133.11.122.78,1,40
163.33.192.25,1,51
202.198.26.151,1,40
150.75.87.3,1,40
163.33.30.144,1,40
150.75.202.192,1,40
150.75.221.48,1,40
203.77.91.20,1,438
163.33.195.222,1,40
150.75.68.240,1,40
203.77.48.3,1,40
203.77.91.38,1,435
203.77.50.218,1,40
203.77.76.27,1,40
150.75.104.86,1,40
203.77.89.240,1,40
150.75.42.237,1,44
133.11.118.233,1,40
203.77.125.114,1,40
150.75.102.7,1,40
202.204.57.163,1,40
203.77.91.5,1,434
163.33.214.62,1,40
202.198.1.139,2,80
163.33.41.200,1,40
203.77.91.137,1,438
133.11.70.70,1,40
202.198.25.128,1,40
203.77.82.72,1,40
203.77.43.89,1,40
150.75.241.5,1,40
203.77.91.47,1,436
203.77.48.99,1,40
203.77.91.32,1,437
163.33.46.245,1,40
150.75.240.110,1,40
133.11.96.236,1,44
203.77.91.36,1,437
163.33.32.8,1,40
133.11.96.239,1,44
163.33.112.184,1,40
163.33.238.212,8,2502
203.77.91.141,2,477
203.77.91.3,1,433
163.33.41.40,1,40
203.77.91.138,1,438
133.149.251.213,1,40
163.33.246.85,1,40
163.33.34.26,1,40
203.77.91.44,1,436
133.11.119.76,1,40
163.33.11.240,2,80
163.33.107.234,1,44
133.149.25.7,1,40
133.149.189.59,1,40
203.77.91.161,1,437
203.77.87.199,1,40
203.77.91.17,1,437
133.149.253.214,1,40
203.77.92.163,1,40
203.77.91.135,1,437
163.33.97.175,1,52
203.77.91.21,1,436
203.77.91.7,1,434
203.77.91.139,1,439
163.33.31.89,1,40
133.11.66.73,1,40
203.77.91.8,1,437
133.149.228.10,1,48
203.77.91.30,1,437
203.77.91.187,1,436
203.77.91.185,1,439
203.77.79.73,1,40
163.33.142.142,1,40
203.77.91.50,1,437
133.149.61.217,1,40
133.149.71.28,1,40
133.149.97.27,1,40
203.77.91.162,1,438
163.33.17.10,2,80
202.198.52.216,1,40
202.198.14.130,1,40
203.77.91.28,1,439
203.77.91.151,1,438
150.75.72.195,1,44
163.33.93.223,2,128
203.77.89.45,1,40
133.149.45.138,1,40
150.75.73.178,1,40
203.77.91.49,1,436
203.77.91.35,1,435
203.77.91.33,1,437
203.77.91.134,1,438
133.149.103.227,1,44
203.77.8.177,1,44
150.75.253.158,1,40
203.77.62.170,1,40
203.77.91.169,1,438
150.75.137.158,1,40
203.77.91.153,1,438
133.11.75.53,1,60
150.75.170.158,1,40
203.77.91.10,1,438
203.77.81.112,1,40
203.77.91.174,1,438
202.198.28.96,1,40
133.11.79.160,1,60
203.77.91.166,1,438
203.77.91.128,1,438
203.77.91.40,1,437
150.75.233.22,1,40
203.77.91.46,1,437
203.77.91.0,1,436
203.77.91.155,1,437
203.77.91.34,1,438
163.33.20.47,1,40
163.33.165.122,1,52
150.75.216.84,1,40
203.77.91.37,1,437
150.75.86.160,1,40
163.33.199.50,1,40
163.33.193.112,1,40
163.33.193.61,1,40
150.75.151.162,1,40
203.77.91.26,1,438
203.77.91.27,1,437
203.77.50.4,1,40
150.75.187.5,1,40
203.77.91.171,1,439
203.77.91.29,1,438
203.77.91.149,1,437
150.75.73.14,2,80
133.149.228.138,1,40
203.77.115.62,1,44
203.77.91.145,1,435
203.77.91.14,1,438
203.77.91.45,1,437
150.75.251.61,1,40
203.77.91.129,1,438
203.77.91.167,1,438
150.75.73.191,1,40
203.77.91.1,1,436
203.77.91.43,1,437
202.198.50.203,1,44
203.77.91.16,1,438
150.75.155.252,1,40
203.77.91.189,1,439
163.33.246.54,1,40
203.77.91.51,1,437
203.77.91.4,1,438
203.77.59.65,1,40
203.77.91.2,1,437
203.77.91.23,1,437
133.149.100.157,1,40
150.75.191.187,1,40
133.149.102.245,1,40
163.33.76.99,1,44
202.198.29.171,1,44
203.77.91.170,1,438
203.77.91.186,1,436
203.77.91.183,1,438
150.75.98.151,1,40
203.77.91.182,1,434
203.77.91.177,1,437
163.33.198.66,1,40
133.149.200.177,1,40
203.77.91.130,1,437
203.77.91.41,1,437
203.77.91.133,1,434
150.75.176.189,1,44
133.149.254.250,2,80
150.75.204.17,1,40
150.75.137.13,1,40
133.149.157.211,1,40
203.77.91.147,1,434
203.77.91.146,2,478
150.75.107.164,1,40
203.77.91.140,1,439
163.33.193.220,1,44
203.77.91.142,1,438
203.77.91.159,1,438
133.11.68.203,1,40
202.198.6.60,1,40
133.11.92.159,1,40
203.77.91.6,1,437
203.77.91.163,1,437
203.77.7.232,1,40
203.77.91.132,1,438
150.75.104.95,1,40
203.77.4.211,1,40
163.33.126.147,1,40
150.75.86.45,1,40
203.77.91.13,1,437
133.149.143.34,1,52
163.33.210.31,1,40
202.198.18.169,1,40
163.33.198.255,1,40
203.77.91.148,1,437
133.11.104.108,1,40
203.77.91.48,1,435
150.75.106.119,1,40
203.77.91.131,1,435
133.149.24.133,1,40
150.75.109.134,1,40
163.33.227.152,1,40
202.198.29.84,1,40
150.75.73.193,1,40
133.149.101.66,1,40
150.75.209.92,1,40
203.77.74.77,1,60
163.33.142.171,1,40
133.149.94.26,1,40
203.77.91.24,1,438
163.33.3.97,1,40
203.77.91.136,1,438
203.77.91.190,1,437
203.77.91.9,1,439
133.11.96.120,1,40
133.149.195.84,1,40
163.33.83.6,1,40
203.77.91.11,1,438
203.77.91.42,1,438
163.33.44.90,1,40
203.77.91.15,1,435
203.77.91.173,1,438
203.77.91.154,1,438
150.75.130.215,1,40
133.149.173.94,1,40
133.11.96.114,1,60
203.77.91.39,1,436
203.77.91.184,1,439
163.33.0.248,1,52
133.11.73.141,1,40
150.75.234.20,1,40
203.77.91.191,1,436
150.75.229.38,1,44
163.33.93.237,2,292
203.77.91.158,1,435
150.75.38.171,1,40
203.77.91.12,1,437
163.33.81.111,1,40
203.77.118.178,2,188
203.77.91.19,1,436
150.75.49.224,1,40
163.33.121.231,1,40
150.75.240.119,1,40
203.77.91.18,1,439
203.77.91.179,1,435
133.149.9.141,1,40
150.75.0.148,1,121
150.75.2.123,1,40
203.77.61.13,2,84
163.33.100.107,1,40
150.75.61.185,1,40
150.75.99.164,1,40
203.77.91.25,1,438
150.75.167.159,1,40
203.77.53.126,1,52
150.75.142.10,1,60
203.77.91.143,1,437
202.204.56.113,1,40
133.11.95.233,1,40
150.75.36.196,1,40
203.77.91.31,1,439
133.149.87.44,1,40
203.77.91.156,1,438
202.198.16.114,1,40
150.75.17.168,1,40
203.77.91.22,1,437
150.75.208.36,1,40
202.204.61.63,1,84
133.149.210.78,1,40
163.33.142.111,1,40
203.77.56.131,1,40
150.75.202.77,2,80
150.75.152.26,1,40
163.33.199.65,1,40
203.77.91.157,1,438
150.75.174.22,1,40
203.77.48.214,2,80
163.33.57.13,3,244
202.198.18.173,1,40
203.77.91.152,1,439
203.77.91.168,1,438
203.77.91.150,1,438
133.149.182.186,1,40
203.77.91.175,1,435
163.33.116.155,1,40
203.77.91.144,1,437
203.77.38.248,1,40
163.33.183.153,1,40
203.77.91.164,1,438
203.77.91.188,1,438
203.77.91.160,1,438
163.33.39.163,1,40
203.77.11.190,1,52
203.77.91.181,1,436
203.77.127.56,17,2699
133.149.184.211,3,156
150.75.107.158,1,40
203.77.29.175,1,40
203.77.91.172,1,437
150.75.58.37,1,40
133.11.84.138,1,48
133.149.190.230,1,40
203.77.91.165,1,438
203.77.56.124,1,40
203.77.107.19,1,40
133.11.125.0,1,40
202.198.57.212,1,40
203.77.91.180,1,437
163.33.32.11,1,40
163.33.122.196,1,40
133.149.201.48,1,40
150.75.233.17,1,40
203.77.91.178,1,438
150.75.30.72,1,40
133.149.171.137,1,44
203.77.91.176,1,438
133.149.123.228,1,40
203.77.43.44,1,40
163.33.72.56,1,40
202.198.45.18,1,40
163.33.175.153,1,40
202.198.27.83,2,80
163.33.50.56,1,40
163.33.191.211,1,50
150.75.79.104,1,40
163.33.186.215,1,40
203.77.48.153,1,40
163.33.232.135,1,71
163.33.99.226,1,40
163.33.93.126,1,40
133.149.3.109,1,40
150.75.85.177,1,40
203.77.18.129,1,40
163.33.74.224,1,40
133.11.84.102,1,40
163.33.45.72,1,40
202.198.24.194,1,44
133.11.95.39,1,40
203.77.127.172,2,80
133.149.228.78,1,40
203.77.113.226,1,40
163.33.180.164,1,76
133.149.182.31,1,40
203.77.111.241,1,40
150.75.44.177,1,40
133.149.241.115,1,40
133.11.116.202,2,104
163.33.237.171,1,40
150.75.18.251,1,60
133.149.44.135,1,40
133.11.101.73,1,40
133.149.152.56,1,40
133.149.33.169,1,40
202.198.27.125,1,44
203.77.123.37,2,80
133.149.60.220,1,40
150.75.51.41,1,40
133.149.228.68,1,40
133.11.100.128,1,40
150.75.243.86,1,40
150.75.123.44,1,40
150.75.94.14,2,88
150.75.10.150,1,40
150.75.153.198,1,40
202.198.51.93,1,44
203.77.14.251,1,40
202.198.24.71,1,40
150.75.26.35,1,40
150.75.75.75,1,40
163.33.78.177,1,44
133.11.121.79,1,48
203.77.45.183,1,44
133.149.188.41,2,120
203.77.27.4,1,44
203.77.51.219,1,40
150.75.180.194,1,40
163.33.191.250,1,103
133.149.213.12,1,40
203.77.101.32,1,40
202.198.27.32,1,40
163.33.53.53,1,40
133.149.228.182,1,40
163.33.92.180,2,143
202.198.54.203,1,40
163.33.147.9,1,40
203.77.18.184,1,40
163.33.132.236,1,40
202.198.36.203,1,40
163.33.6.1,1,40
150.75.84.175,1,40
150.75.63.21,1,40
133.149.121.249,1,40
203.77.34.141,1,44
133.149.238.238,3,120
163.33.75.193,1,40
133.149.137.174,1,44
133.149.128.86,1,68
203.77.125.124,3,348
150.75.230.64,1,40
163.33.141.124,1,40
133.149.38.111,1,40
163.33.218.207,1,40
133.149.35.179,1,40
203.77.70.134,1,40
163.33.59.189,1,40
150.75.58.73,1,40
150.75.100.58,1,40
150.75.140.128,1,40
150.75.201.247,1,40
150.75.64.4,1,40
133.149.219.40,1,40
150.75.88.150,1,40
150.75.12.243,1,40
133.149.106.192,1,40
150.75.66.60,1,40
163.33.141.200,2,135
203.77.44.126,1,45
133.11.111.137,1,40
150.75.3.109,1,60
203.77.124.156,1,44
203.77.106.110,1,40
133.149.137.42,1,70
150.75.172.225,1,40
163.33.57.23,2,108
163.33.145.69,1,44
133.149.116.18,1,40
133.149.229.146,1,40
133.149.67.227,1,44
150.75.248.254,2,80
150.75.180.184,1,40
150.75.229.113,1,40
203.77.61.251,1,40
202.204.63.216,1,40
202.198.24.229,2,88
163.33.132.215,1,40
133.149.246.101,1,40
133.149.63.8,1,40
202.198.28.10,1,40
133.149.103.112,1,40
163.33.235.29,1,40
133.149.45.154,1,52
133.11.73.159,1,40
133.149.61.13,1,40
133.149.204.32,1,40
150.75.55.245,1,40
133.149.34.41,1,40
163.33.62.188,1,44
133.149.239.69,1,40
150.75.80.107,1,40
163.33.209.158,1,52
163.33.67.232,1,78
133.149.73.201,1,40
203.77.68.195,1,40
202.198.18.153,1,40
133.11.71.146,1,40
150.75.241.209,1,40
133.149.116.84,1,40
150.75.74.226,1,40
133.11.117.145,1,40
163.33.191.71,1,40
150.75.192.212,1,40
163.33.156.130,1,44
163.33.243.255,1,40
150.75.189.55,1,40
203.77.126.39,1,40
163.33.11.109,1,48
163.33.51.118,1,40
150.75.200.203,1,44
133.149.150.166,1,40
203.77.33.183,1,40
150.75.56.206,1,40
203.77.69.207,1,40
133.149.81.196,1,40
133.11.84.167,1,40
202.198.1.167,1,40
203.77.37.232,1,40
163.33.112.136,1,40
203.77.66.5,1,44
163.33.52.35,1,40
203.77.92.131,1,40
203.77.9.81,1,44
133.149.22.177,1,44
163.33.212.141,1,40
203.77.50.211,1,40
163.33.125.14,1,40
150.75.78.68,1,40
163.33.59.112,1,40
133.149.187.108,1,40
150.75.36.213,1,576
163.33.218.33,1,44
150.75.43.111,1,40
133.149.103.172,1,40
150.75.16.49,1,40
133.149.172.254,2,96
163.33.94.79,1,40
202.198.10.90,2,80
150.75.80.190,1,40
163.33.140.145,1,52
203.77.15.73,1,40
163.33.85.116,1,40
203.77.24.173,1,40
150.75.78.84,1,45
133.149.230.149,1,40
133.149.26.114,2,80
133.149.116.253,1,40
150.75.160.147,1,40
163.33.168.90,2,143
150.75.239.168,1,40
163.33.11.183,1,59
163.33.234.251,1,40
163.33.192.135,1,57
150.75.233.63,1,40
133.149.29.107,1,40
203.77.88.29,2,475
163.33.124.201,1,40
133.149.41.154,1,40
202.198.6.29,1,40
150.75.48.77,1,40
163.33.72.57,1,60
150.75.45.246,1,44
133.149.180.33,1,40
133.149.47.61,1,40
203.77.90.48,2,478
133.11.76.36,1,40
150.75.16.69,1,40
150.75.227.96,1,40
203.77.56.223,1,40
150.75.128.99,1,40
203.77.87.254,1,40
163.33.97.110,1,40
163.33.96.19,1,40
133.149.73.150,1,40
163.33.140.241,1,40
150.75.68.204,1,40
203.77.103.209,1,40
203.77.42.110,1,40
163.33.55.18,1,40
163.33.169.162,1,40
202.198.49.86,1,40
203.77.41.248,1,40
163.33.35.227,1,40
133.11.91.49,1,44
133.149.206.130,1,40
150.75.232.32,1,40
163.33.31.9,1,40
163.33.188.26,1,146
203.77.66.129,1,40
163.33.25.47,1,44
133.11.109.68,1,40
163.33.252.123,43,19791
202.198.28.105,1,40
150.75.201.119,1,44
150.75.7.153,1,68
133.149.56.118,1,40
133.149.213.199,1,40
133.149.20.214,1,40
150.75.74.11,1,40
202.198.60.113,1,40
133.11.66.19,1,60
133.149.29.26,1,40
202.198.58.241,1,40
203.77.121.206,1,40
133.149.96.24,1,40
133.149.109.255,1,40
150.75.68.111,1,40
203.77.97.62,1,40
133.149.97.116,1,40
163.33.95.46,8,905
163.33.124.189,1,40
202.198.21.49,1,40
133.149.122.187,1,40
133.149.251.170,1,40
163.33.189.51,1,40
202.15.129.65,1,44
150.75.236.32,2,88
150.75.212.185,1,40
133.149.21.109,1,52
150.75.179.217,1,40
163.33.181.17,1,40
163.33.137.190,1,40
150.75.175.206,1,40
163.33.235.208,1,40
150.75.106.144,1,40
150.75.24.126,1,44
202.198.21.203,1,40
203.77.68.147,1,40
163.33.128.174,1,40
133.149.189.110,1,40
203.77.38.245,1,40
133.149.254.173,2,80
163.33.102.78,1,52
150.75.22.189,1,40
150.75.156.65,1,40
150.75.43.184,1,40
202.198.33.215,1,40
150.75.117.131,1,40
163.33.168.189,1,40
150.75.77.8,1,40
202.198.21.127,1,40
203.77.113.245,3,510
202.198.21.48,1,40
203.77.123.41,1,40
133.149.11.93,2,80
150.75.60.19,1,40
202.25.107.222,1,52
133.149.98.100,1,40
150.75.246.188,1,40
133.149.244.185,1,40
133.149.111.215,1,40
163.33.45.66,1,40
150.75.20.100,1,40
133.149.85.111,1,40
163.33.146.172,1,44
133.149.208.131,1,40
150.75.17.247,1,40
133.11.117.216,1,40
150.75.76.112,1,40
203.77.90.37,2,478
163.33.152.242,1,40
163.33.158.255,1,40
133.149.230.212,1,40
163.33.120.196,1,40
203.77.115.85,1,40
150.75.50.39,5,2172
150.75.22.209,1,40
150.75.66.198,1,40
163.33.33.156,1,40
150.75.85.44,1,40
150.75.234.84,1,40
150.75.151.87,1,40
150.75.50.35,5,2172
133.11.90.72,1,40
203.77.80.235,1,40
133.149.16.219,1,40
150.75.50.34,5,2170
150.75.245.35,1,40
133.149.192.5,1,44
150.75.70.108,2,84
163.33.101.9,1,40
150.75.12.98,1,576
133.11.118.1,1,40
163.33.54.205,1,40
203.77.67.236,1,40
163.33.108.10,1,40
133.11.124.70,1,44
150.75.50.33,5,2178
163.33.66.68,1,40
150.75.50.38,5,2172
163.33.36.179,1,40
163.33.85.41,1,40
150.75.50.32,5,2170
133.149.52.106,1,40
150.75.168.166,1,40
150.75.171.144,1,40
133.149.93.171,1,40
163.33.94.13,4,441
150.75.226.214,1,40
133.149.69.87,1,40
203.77.108.167,1,40
133.149.132.38,1,40
150.75.166.62,1,40
150.75.50.7,5,2172
150.75.48.190,1,40
163.33.245.244,1,40
133.149.77.0,1,52
133.149.108.182,1,52
163.33.118.241,1,44
150.75.80.232,1,40
133.149.240.66,1,40
133.11.122.232,1,40
163.33.235.58,1,40
203.77.118.136,3,128
133.11.98.207,1,48
133.149.211.231,1,40
163.33.105.216,1,40
203.77.89.71,1,40
203.77.76.66,1,40
133.149.146.120,1,40
150.75.150.130,1,40
150.75.228.62,1,40
203.77.89.143,1,60
203.77.43.95,1,40
150.75.137.192,1,40
163.33.168.108,1,40
202.198.54.157,2,80
163.33.146.227,1,40
150.75.50.6,5,2169
133.11.120.24,1,40
203.77.24.178,1,40
163.33.167.140,1,40
150.75.133.86,1,40
203.77.80.98,2,84
203.77.46.90,1,40
133.149.10.170,1,40
133.149.77.22,1,40
133.11.95.146,1,40
163.33.165.23,1,40
150.75.70.234,1,40
203.77.0.91,1,40
133.149.124.191,1,40
133.149.210.2,1,40
133.149.252.115,1,40
163.33.243.135,1,40
202.198.57.247,1,44
203.77.42.234,1,40
203.77.49.217,1,40
163.33.44.6,1,40
150.75.143.56,1,40
133.149.126.182,1,60
133.11.84.175,1,48
133.149.18.253,1,44
202.198.63.200,1,40
150.75.8.214,1,40
202.198.19.12,1,40
150.75.233.179,1,40
163.33.59.252,1,40
163.33.245.39,1,40
163.33.170.205,1,40
133.11.85.76,1,40
150.75.113.167,1,40
150.75.223.79,1,40
203.77.8.238,1,40
163.33.202.151,1,40
133.11.104.34,1,40
150.75.222.253,1,40
203.77.20.49,1,40
203.77.124.47,2,80
150.75.151.100,1,40
202.198.42.120,1,40
133.149.190.222,1,40
133.149.66.234,1,40
202.198.13.125,1,40
163.33.88.132,1,40
133.149.105.245,1,40
150.75.164.197,1,44
150.75.21.58,1,40
203.77.56.113,1,40
150.75.173.138,1,40
203.77.70.169,1,40
203.77.112.70,2,80
163.33.113.179,1,40
202.204.62.225,1,112
133.11.66.214,1,40
150.75.43.218,1,40
163.33.200.222,1,44
163.33.193.222,1,40
163.33.28.161,1,40
163.33.188.98,1,40
203.77.121.7,1,40
150.75.22.167,1,40
203.77.114.47,1,40
150.75.213.169,1,40
203.77.30.143,1,40
163.33.153.7,1,44
202.198.10.145,1,40
203.77.47.174,1,40
163.33.150.135,1,40
203.77.6.253,1,44
202.198.6.14,1,40
203.77.18.182,1,40
163.33.224.115,1,40
203.77.58.239,1,40
202.204.58.225,1,40
150.75.22.28,1,40
150.75.109.217,1,40
133.149.220.176,1,40
133.149.91.0,1,40
150.75.159.68,1,76
163.33.212.50,1,44
203.77.20.79,1,40
150.75.162.27,1,40
163.33.65.73,1,56
203.77.8.180,1,40
150.75.118.31,1,40
150.75.16.113,2,80
203.77.11.89,1,40
150.75.236.98,1,40
203.77.31.67,1,40
150.75.55.216,1,40
202.198.11.23,1,40
133.149.143.103,1,40
163.33.109.1,1,60
202.204.60.218,1,40
202.198.13.174,1,40
133.149.62.163,1,52
163.33.155.35,1,44
203.77.114.141,1,44
202.198.43.216,1,40
150.75.58.187,1,40
133.11.70.203,1,44
163.33.54.231,1,40
150.75.48.145,1,40
133.149.55.79,1,40
203.77.78.117,1,44
150.75.237.199,1,40
133.149.143.137,1,40
163.33.152.86,1,40
150.75.47.138,1,40
150.75.158.226,1,40
163.33.75.102,1,40
163.33.92.150,17,4081
163.33.166.27,2,92
150.75.224.143,1,40
133.149.112.254,1,40
163.33.74.98,1,40
203.77.9.1,1,40
163.33.255.35,1,40
150.75.85.197,1,58
163.33.149.80,1,40
202.198.43.160,1,40
163.33.32.20,1,40
163.33.32.212,1,40
150.75.102.81,1,40
163.33.80.63,1,40
203.77.85.67,1,40
163.33.188.149,3,444
150.75.34.175,1,40
150.75.23.20,1,40
163.33.231.197,1,40
133.149.249.52,1,40
163.33.175.241,1,40
163.33.93.147,1,52
133.149.251.39,1,40
133.149.240.81,1,40
163.33.223.131,2,80
203.77.124.100,1,40
163.33.170.101,1,40
133.149.42.59,1,40
202.198.63.170,1,40
150.75.240.225,1,40
150.75.43.103,1,40
133.11.121.198,1,40
163.33.138.87,1,113
163.33.27.72,1,40
133.149.187.98,1,40
150.75.169.12,1,576
150.75.218.101,1,40
150.75.8.164,1,40
163.33.58.159,1,40
133.149.57.145,1,40
203.77.2.136,1,44
203.77.114.165,1,40
163.33.255.36,1,40
163.33.55.144,1,40
150.75.59.36,1,40
150.75.6.81,1,40
133.149.36.197,2,1152
150.75.67.240,1,40
133.149.22.237,1,40
133.149.50.82,1,40
150.75.23.107,1,40
150.75.17.219,1,40
202.198.20.71,1,40
133.149.197.5,1,40
150.75.210.248,1,60
163.33.188.216,1,40
203.77.77.103,1,40
163.33.132.173,1,40
150.75.192.234,1,40
203.77.44.104,1,40
150.75.148.43,1,44
150.75.121.232,1,40
203.77.24.16,1,40
202.198.56.172,1,40
163.33.179.51,1,40
133.11.99.209,1,40
133.11.101.149,1,40
163.33.238.119,1,40
163.33.93.33,9,923
202.198.47.126,1,44
203.77.75.227,1,40
150.75.49.218,1,44
133.149.159.21,1,44
150.75.69.126,1,40
150.75.4.37,1,44
150.75.243.110,1,44
203.77.81.42,1,40
163.33.214.48,1,44
203.77.114.187,1,40
203.77.11.149,1,40
150.75.82.110,1,40
202.198.53.174,1,40
202.198.26.110,1,40
150.75.242.53,1,40
150.75.243.219,2,80
150.75.10.241,2,104
133.149.255.209,2,80
202.204.61.214,1,40
133.11.117.45,1,52
203.77.27.141,1,60
163.33.255.94,1,40
150.75.75.97,2,88
163.33.57.86,1,44
163.33.73.136,1,40
203.77.22.113,1,40
163.33.193.123,1,40
163.33.25.6,1,40
133.11.98.236,1,40
150.75.186.195,1,40
150.75.55.199,1,40
163.33.93.83,1,40
133.149.82.7,1,40
133.149.77.201,1,40
203.77.126.62,1,40
202.198.12.146,1,40
202.204.63.53,3,132
202.198.36.186,1,40
133.149.125.96,1,40
150.75.232.61,1,40
133.149.70.62,1,44
163.33.25.49,1,40
163.33.57.187,1,40
150.75.55.30,2,84
202.198.61.16,1,40
133.149.179.51,1,40
150.75.162.82,1,40
163.33.165.71,1,40
150.75.160.219,1,40
163.33.245.111,1,48
133.149.0.132,2,120
163.33.185.202,1,40
150.75.36.154,1,40
163.33.101.187,1,40
163.33.255.42,1,58
133.149.214.227,1,40
150.75.250.148,1,40
203.77.73.246,1,40
203.77.13.76,1,40
133.149.53.170,1,40
133.149.102.59,1,40
203.77.76.46,1,40
133.149.76.63,1,40
163.33.163.100,1,40
133.149.26.131,1,40
163.33.77.208,1,40
133.149.73.59,1,40
133.149.231.178,1,40
133.149.94.73,1,40
150.75.242.27,1,40
133.149.162.35,1,44
163.33.117.241,1,40
133.149.72.15,1,40
133.149.57.144,1,40
163.33.81.223,1,40
163.33.38.60,1,40
133.149.5.232,1,28
203.77.43.110,1,40
163.33.96.204,1,40
203.77.69.155,1,44
203.77.24.123,1,44
133.149.162.248,1,40
150.75.160.185,2,80
133.11.101.140,1,40
163.33.164.226,1,40
202.198.35.184,1,40
203.77.29.206,1,40
133.149.0.88,1,40
150.75.111.90,1,40
203.77.113.164,1,98
133.149.33.243,1,40
133.149.215.251,1,44
150.75.194.105,1,40
203.77.101.78,1,40
133.11.81.20,1,40
150.75.242.127,1,40
203.77.9.61,1,40
133.149.13.38,1,44
163.33.162.39,1,44
163.33.36.235,1,40
150.75.201.133,1,40
163.33.30.184,1,40
150.75.12.55,1,44
163.33.44.233,1,40
133.149.205.91,1,44
133.149.169.142,1,40
150.75.115.69,1,40
203.77.71.235,1,40
203.77.82.115,1,40
203.77.109.198,1,40
163.33.27.156,1,40
203.77.112.166,1,40
133.149.217.202,1,40
150.75.191.228,1,40
150.75.28.193,1,44
203.77.78.81,1,40
150.75.172.196,1,44
150.75.146.101,1,40
163.33.169.59,1,121
163.33.213.99,1,40
150.75.241.196,1,40
150.75.86.134,1,60
202.198.28.182,1,40
203.77.120.171,1,40
133.149.142.235,1,40
133.149.218.77,1,40
150.75.209.208,1,40
203.77.79.226,1,44
203.77.108.47,1,40
150.75.136.56,1,40
150.75.38.91,1,40
203.77.100.27,1,40
203.77.0.181,1,40
163.33.67.89,1,44
202.198.18.25,1,40
163.33.13.129,1,40
133.149.186.193,1,40
203.77.89.160,1,40
202.198.23.30,1,40
133.11.78.103,1,40
203.77.20.13,1,40
163.33.211.185,1,40
133.11.78.111,1,40
163.33.79.16,1,40
150.75.139.230,1,40
150.75.35.48,1,40
203.77.78.212,1,40
203.77.59.137,1,40
203.77.103.57,1,40
202.204.57.87,1,40
163.33.124.159,1,40
133.11.119.94,1,44
133.149.114.214,1,40
133.149.134.55,1,40
150.75.90.52,1,40
163.33.94.179,2,80
163.33.91.250,1,40
133.11.109.97,1,40
133.11.127.207,1,40
133.11.87.157,1,40
150.75.226.139,1,40
203.77.3.215,2,80
133.149.76.167,1,40
203.77.74.44,1,40
150.75.1.7,1,40
133.149.212.53,1,40
133.149.79.165,1,40
150.75.136.45,1,40
202.198.14.7,1,40
133.149.159.213,1,40
163.33.0.144,1,40
163.33.84.74,1,40
150.75.33.6,1,40
202.198.8.206,1,44
203.77.53.13,1,40
150.75.170.15,1,40
203.77.3.192,1,40
133.149.166.133,1,40
203.77.3.164,1,40
133.11.76.1,1,40
163.33.76.93,1,40
163.33.126.163,1,40
133.11.75.175,1,40
150.75.193.144,1,40
203.77.123.56,1,40
203.77.37.133,1,40
133.149.2.155,1,40
133.149.114.101,1,40
150.75.10.47,1,40
203.77.45.144,1,44
203.77.127.253,1,40
163.33.130.124,1,40
203.77.121.3,1,40
133.149.166.85,1,40
133.11.121.49,1,40
150.75.72.231,1,40
203.77.8.106,1,40
133.11.108.77,1,40
163.33.36.68,4,481
163.33.106.50,1,40
150.75.233.223,1,40
202.198.36.158,1,40
133.149.205.110,1,40
133.149.33.203,1,40
150.75.249.188,1,40
150.75.96.198,1,44
163.33.244.42,1,44
203.77.6.44,1,40
150.75.17.104,1,40
150.75.63.116,1,40
203.77.39.255,1,40
133.149.195.182,1,40
150.75.34.163,1,40
163.33.9.65,1,40
133.149.155.8,1,40
133.149.178.105,1,40
150.75.93.173,1,576
150.75.238.86,2,84
163.33.200.244,1,40
150.75.221.217,1,40
150.75.120.43,1,40
202.25.107.176,1,40
150.75.215.112,1,40
150.75.242.45,1,40
133.149.15.228,1,40
150.75.139.35,1,40
150.75.196.61,1,40
163.33.237.63,363,511080
150.75.213.114,1,52
203.77.77.82,1,52
163.33.67.49,1,40
133.149.57.116,1,44
133.149.145.108,1,40
163.33.128.189,1,40
150.75.172.35,1,40
133.149.195.180,1,40
163.33.83.192,1,40
150.75.119.84,2,80
133.11.95.68,1,40
163.33.28.176,1,40
150.75.187.162,1,40
133.149.112.69,1,40
202.198.28.133,1,40
133.149.22.181,1,76
133.11.83.245,1,40
202.198.46.73,1,40
133.149.116.194,1,40
163.33.1.252,1,48
150.75.28.8,1,52
133.11.75.28,1,40
203.77.72.152,1,40
133.11.105.56,1,40
133.149.38.56,1,40
150.75.57.199,1,40
202.198.59.76,1,40
202.198.44.93,1,40
133.149.99.64,1,44
163.33.122.43,1,48
163.33.24.204,1,40
203.77.64.141,1,44
150.75.5.138,1,52
163.33.240.82,1,40
133.149.88.86,1,40
150.75.53.238,1,40
150.75.91.232,1,40
150.75.217.76,1,40
133.11.114.28,1,40
203.77.100.120,1,40
203.77.8.178,1,40
202.198.4.83,1,40
150.75.223.120,1,576
150.75.197.18,1,40
163.33.150.205,1,40
163.33.120.223,1,40
203.77.124.248,1,44
163.33.69.75,1,40
133.149.54.28,1,44
163.33.26.244,1,44
203.77.51.45,1,40
150.75.211.187,1,40
133.149.113.19,1,40
150.75.124.233,1,44
133.149.116.236,1,40
133.149.229.119,1,40
150.75.15.195,1,40
163.33.48.35,1,40
150.75.232.121,1,40
133.149.163.120,1,40
150.75.59.148,1,40
163.33.239.42,23,6103
163.33.168.207,1,40
150.75.213.234,1,40
133.11.71.67,1,40
150.75.34.79,1,40
202.198.7.98,1,40
203.77.123.75,1,40
133.149.18.98,1,40
203.77.7.155,1,28
150.75.54.223,1,40
133.149.194.66,1,92
133.11.81.101,2,120
203.77.92.188,1,40
203.77.6.206,1,40
202.198.3.233,1,40
163.33.114.126,1,40
203.77.49.224,1,40
133.149.11.231,1,40
163.33.99.135,1,40
203.77.117.48,1,40
150.75.244.194,1,40
150.75.80.109,1,40
150.75.171.229,1,40
163.33.148.62,1,40
150.75.111.52,1,40
133.149.122.3,1,40
150.75.37.158,2,80
133.149.27.231,1,40
203.77.110.2,1,40
203.77.62.77,1,40
202.198.38.190,1,40
163.33.72.162,1,40
133.149.240.78,1,40
133.11.104.38,1,40
133.149.249.189,1,44
203.77.6.228,1,44
203.77.48.76,1,40
150.75.121.142,1,40
202.198.20.175,1,40
202.198.29.207,1,40
150.75.88.232,1,40
133.149.133.23,1,44
163.33.118.131,1,40
202.198.32.209,1,40
203.77.91.198,1,437
202.198.20.101,1,40
202.198.33.163,1,40
133.149.173.123,1,40
163.33.219.6,1,40
133.149.96.153,1,40
203.77.103.235,1,40
163.33.61.84,1,40
203.77.6.235,1,44
203.77.122.25,1,40
203.77.26.23,1,92
203.77.91.202,1,437
150.75.242.93,1,40
163.33.148.16,1,40
133.149.199.13,1,40
133.149.14.206,1,40
150.75.3.211,1,40
150.75.117.71,1,40
133.149.232.213,2,100
203.77.91.205,1,438
202.204.62.173,5,1019
203.77.87.239,1,40
150.75.81.128,1,40
150.75.235.161,1,40
163.33.114.46,1,40
150.75.158.79,1,40
163.33.66.31,1,40
133.149.54.69,1,44
133.11.127.247,1,40
133.149.107.17,1,40
150.75.3.131,1,40
203.77.45.234,1,40
133.11.75.75,1,40
163.33.29.193,1,40
150.75.103.88,1,40
150.75.51.215,1,52
133.149.64.209,1,40
150.75.30.77,1,40
203.77.91.203,1,438
203.77.91.196,1,438
150.75.254.131,1,40
203.77.29.211,1,40
133.149.51.196,1,40
203.77.8.213,1,40
203.77.91.194,1,438
133.11.97.146,1,40
150.75.64.142,1,576
203.77.91.217,1,438
150.75.0.71,1,60
202.198.50.112,1,40
163.33.249.84,1,40
150.75.196.220,1,40
163.33.115.220,2,80
133.11.81.150,1,52
203.77.91.201,1,437
163.33.181.96,1,40
203.77.91.213,1,438
150.75.37.166,1,40
202.198.23.159,1,40
163.33.173.106,2,80
203.77.52.115,1,40
133.149.69.7,1,40
163.33.4.228,1,40
163.33.246.142,1,40
203.77.91.195,1,435
163.33.9.93,1,40
203.77.91.192,1,437
133.149.15.188,1,60
163.33.93.8,1,40
203.77.64.24,1,40
202.204.62.36,1,40
203.77.110.238,1,40
150.75.19.24,1,40
150.75.244.163,2,80
133.149.178.153,1,40
133.11.106.188,1,40
203.77.37.167,1,40
150.75.132.40,1,40
203.77.90.183,1,433
202.198.37.196,1,40
203.77.80.220,1,40
150.75.252.241,1,40
203.77.90.177,1,438
203.77.91.252,1,438
150.75.149.76,1,40
133.11.102.59,1,40
203.77.61.136,1,40
203.77.91.249,1,438
203.77.91.211,1,439
203.77.91.214,1,438
150.75.191.24,1,40
163.33.91.117,1,40
203.77.90.131,2,476
150.75.213.93,1,40
133.149.68.223,1,40
150.75.202.159,1,40
203.77.91.245,1,434
203.77.76.26,1,40
203.77.90.174,1,436
133.149.31.225,1,44
163.33.126.29,1,40
133.11.124.37,1,40
203.77.91.244,1,438
150.75.169.185,1,40
202.198.36.228,1,40
203.77.43.121,1,40
203.77.91.224,1,437
163.33.82.86,1,40
203.77.90.161,1,437
133.149.151.3,1,40
163.33.243.40,1,40
163.33.205.79,1,40
133.149.249.30,1,40
150.75.20.32,1,40
133.149.151.190,1,40
163.33.121.145,1,40
202.198.10.115,1,40
203.77.91.243,1,438
203.77.91.197,1,438
203.77.15.214,1,810
203.77.91.231,1,438
163.33.4.166,1,40
203.77.90.168,1,435
133.149.103.206,1,40
133.11.83.111,1,121
163.33.95.26,17,6837
202.198.61.99,1,40
203.77.91.253,1,438
203.77.90.182,1,438
203.77.91.238,1,438
203.77.70.200,1,52
163.33.29.171,1,40
203.77.91.215,1,437
133.149.10.8,1,40
163.33.29.51,1,40
133.149.37.145,1,40
203.77.91.207,1,437
150.75.116.79,1,40
133.149.103.157,1,40
203.77.91.210,1,438
203.77.90.187,1,436
203.77.91.219,1,438
203.77.91.218,1,436
203.77.116.9,1,40
163.33.232.191,1,44
203.77.91.220,1,436
133.149.27.110,1,40
203.77.91.200,1,436
133.11.125.175,1,40
133.149.197.62,1,40
203.77.90.164,1,436
163.33.237.180,4,191
203.77.91.222,1,438
150.75.85.144,1,40
163.33.36.33,1,40
203.77.90.160,1,437
133.149.153.65,1,40
203.77.91.212,1,437
133.11.101.44,1,40
203.77.90.169,1,437
150.75.166.108,1,40
203.77.91.241,1,438
150.75.59.208,1,40
203.77.91.255,1,436
202.198.45.22,1,52
203.77.90.167,1,437
133.149.78.184,1,40
163.33.131.238,1,44
163.33.156.225,1,40
163.33.29.177,1,40
202.198.4.185,1,40
203.77.91.193,1,438
150.75.69.161,1,40
203.77.91.230,1,437
203.77.91.242,1,439
203.77.91.229,1,437
133.149.99.175,1,40
203.77.90.191,1,432
203.77.91.208,1,436
150.75.16.10,1,40
163.33.233.121,1,52
150.75.110.151,1,40
133.11.69.168,1,40
203.77.91.234,1,437
133.149.10.23,1,40
203.77.90.162,1,437
133.149.82.206,1,40
202.198.17.252,1,40
203.77.91.199,1,438
163.33.115.186,1,40
133.149.12.26,1,40
133.11.103.120,2,88
203.77.90.170,1,437
133.149.42.144,1,40
203.77.91.239,1,439
202.198.54.62,1,40
150.75.220.78,1,40
203.77.91.251,1,438
203.77.42.79,1,40
133.11.114.146,1,40
150.75.134.34,1,40
203.77.91.227,1,438
203.77.90.163,1,436
203.77.90.176,1,437
203.77.90.179,1,437
163.33.84.115,1,40
202.198.1.225,1,40
203.77.91.209,1,439
150.75.129.58,1,40
150.75.75.85,1,44
133.11.91.16,1,40
203.77.91.216,1,438
150.75.190.36,1,40
133.149.85.13,1,48
133.149.68.64,2,80
203.77.72.133,1,40
163.33.35.20,1,40
150.75.16.155,1,40
203.77.114.219,1,40
203.77.90.181,1,434
163.33.191.241,3,377
203.77.90.180,1,435
150.75.69.190,1,40
203.77.91.204,1,435
163.33.103.147,1,40
163.33.201.9,1,40
133.149.255.211,1,40
150.75.84.163,2,88
163.33.159.123,1,40
203.77.127.178,1,40
150.75.138.53,1,40
133.11.119.133,1,40
202.198.29.108,1,40
133.149.137.133,1,40
203.77.90.188,1,435
133.149.95.143,1,40
203.77.72.230,1,40
133.149.204.122,1,40
163.33.212.101,1,40
150.75.68.221,1,40
203.77.91.250,1,438
203.77.90.175,1,436
203.77.91.221,1,438
150.75.36.66,1,40
133.149.244.161,1,40
203.77.90.172,1,437
163.33.22.118,1,40
133.149.73.30,1,44
203.77.111.140,1,40
203.77.91.246,1,437
163.33.180.218,1,40
133.11.82.70,1,40
133.149.3.117,1,40
203.77.91.206,1,437
203.77.50.55,1,40
133.11.68.42,1,60
150.75.69.32,1,40
133.149.216.29,1,44
163.33.40.91,1,40
202.198.47.225,1,40
203.77.91.240,1,438
133.11.84.33,1,60
150.75.40.114,1,40
150.75.2.152,1,40
133.149.20.249,1,40
150.75.187.81,1,40
203.77.90.173,1,437
203.77.91.233,1,435
203.77.91.237,1,438
203.77.91.232,1,438
203.77.91.223,1,438
150.75.157.87,1,40
150.75.130.171,1,40
203.77.91.236,1,438
203.77.48.111,1,40
150.75.10.210,1,40
163.33.53.104,1,48
202.198.42.158,1,40
133.149.79.162,1,40
150.75.124.167,1,40
150.75.224.118,1,40
203.77.90.166,1,436
203.77.91.225,1,438
203.77.91.235,1,439
133.11.119.159,2,80
203.77.90.185,1,429
133.149.230.42,1,40
150.75.91.182,1,40
203.77.92.97,1,40
203.77.91.247,1,438
203.77.90.190,1,435
150.75.75.184,1,52
163.33.80.117,1,40
150.75.68.118,1,40
133.11.67.221,1,576
150.75.113.20,2,1152
203.77.91.226,1,438
203.77.91.228,1,438
133.11.114.173,1,40
163.33.78.23,1,40
203.77.90.184,1,434
163.33.204.244,1,44
203.77.90.186,1,436
163.33.242.148,1,40
150.75.35.0,1,40
203.77.52.183,1,40
150.75.147.186,1,40
150.75.240.37,1,40
163.33.64.73,1,44
203.77.90.189,1,434
163.33.178.32,1,52
150.75.124.245,1,40
203.77.90.7,2,477
202.198.6.176,1,40
163.33.199.84,1,40
202.198.35.246,1,40
133.149.246.228,1,40
163.33.169.190,1,40
133.149.161.104,1,44
150.75.235.52,1,40
203.77.14.110,1,40
133.149.57.57,1,40
163.33.128.101,1,40
163.33.115.154,1,40
133.149.250.198,1,40
202.198.59.33,1,40
202.198.20.198,1,40
163.33.144.199,1,40
203.77.90.171,1,435
150.75.161.216,1,40
203.77.7.162,1,40
150.75.75.129,1,40
163.33.40.18,1,40
150.75.0.35,1,40
203.77.20.4,1,40
203.77.90.178,1,437
150.75.42.139,1,40
163.33.21.85,1,44
133.11.96.169,1,40
150.75.112.61,1,121
133.149.73.44,1,40
203.77.52.170,1,40
163.33.191.75,1,40
150.75.130.175,1,40
133.149.232.100,1,44
202.198.27.120,1,40
133.149.81.92,1,40
133.149.148.114,1,40
203.77.90.165,1,437
150.75.87.249,1,44
163.33.208.191,1,40
150.75.147.173,1,40
163.33.237.247,1,40
203.77.74.39,1,40
133.149.251.53,1,40
163.33.126.103,1,40
133.149.74.225,1,40
163.33.48.229,1,40
163.33.63.253,1,44
163.33.191.110,1,40
163.33.28.195,1,40
150.75.201.198,1,40
133.149.241.37,1,40
202.204.63.243,1,52
133.149.106.186,2,80
133.149.51.148,1,40
150.75.49.56,1,40
150.75.211.39,1,40
203.77.84.40,1,40
163.33.178.4,1,40
150.75.161.99,1,40
203.77.97.219,1,40
133.149.61.53,1,40
203.77.82.118,2,80
133.149.3.107,1,40
202.198.21.135,1,40
163.33.23.133,1,40
150.75.39.41,1,40
133.149.72.207,1,40
133.149.249.94,1,40
150.75.154.25,1,40
150.75.58.182,1,40
163.33.4.38,1,44
150.75.163.162,1,40
150.75.66.45,1,44
163.33.178.14,1,52
150.75.201.33,1,40
133.149.214.124,1,40
150.75.136.87,1,40
150.75.170.233,1,40
163.33.87.84,1,40
150.75.73.95,1,40
202.198.58.83,1,40
163.33.116.96,1,40
203.77.3.200,1,40
133.149.237.105,1,40
150.75.161.58,1,40
150.75.227.173,1,40
163.33.183.5,1,40
163.33.24.242,1,40
133.149.140.119,2,88
203.77.121.107,2,80
163.33.188.210,1,40
150.75.8.121,1,60
203.77.88.46,2,475
203.77.17.241,1,40
203.77.44.211,1,40
150.75.197.41,1,40
150.75.48.254,1,40
202.198.18.118,1,40
150.75.241.10,1,40
163.33.12.113,1,40
163.33.145.194,1,40
163.33.15.101,1,40
150.75.43.165,1,40
133.149.205.114,1,40
150.75.43.202,1,40
133.149.15.128,1,40
150.75.7.176,1,44
133.149.172.121,1,44
150.75.19.188,1,44
163.33.142.118,1,40
150.75.163.234,1,40
150.75.17.186,1,40
202.198.56.163,1,40
133.149.26.210,1,40
203.77.50.76,1,40
163.33.46.218,1,40
133.11.109.155,1,40
133.11.70.126,1,76
202.198.23.113,1,40
163.33.44.196,1,52
133.149.234.3,1,40
133.149.182.85,1,40
163.33.31.217,1,40
202.198.50.208,1,40
133.11.78.185,1,40
203.77.101.212,1,44
133.11.116.30,1,40
133.149.112.220,1,121
150.75.126.102,1,40
133.149.173.235,1,40
163.33.255.50,1,40
202.204.61.176,1,40
202.198.39.224,1,40
202.198.41.17,1,44
163.33.217.197,1,40
133.149.119.245,1,40
133.11.99.187,1,40
203.77.63.49,1,40
163.33.35.250,1,44
202.204.59.116,1,40
133.149.207.54,1,40
163.33.239.45,1,40
133.149.36.26,1,40
150.75.207.211,1,40
202.198.23.119,1,44
150.75.235.20,1,40
133.149.62.5,1,40
133.11.109.88,1,40
150.75.90.149,1,40
133.149.76.186,1,40
163.33.114.228,1,40
202.198.35.52,1,44
133.149.120.36,2,100
163.33.111.205,3,211
202.198.57.45,1,44
163.33.180.102,1,40
203.77.56.56,1,40
163.33.255.203,1,44
150.75.4.239,1,40
202.198.45.62,1,40
202.198.18.127,1,40
150.75.195.0,1,40
163.33.235.17,1,40
133.149.234.103,1,52
163.33.243.175,1,40
133.149.83.108,1,40
133.149.182.246,1,40
150.75.181.79,1,40
133.11.127.79,1,40
133.11.67.232,1,44
150.75.134.14,1,44
150.75.103.234,1,40
163.33.243.91,1,40
202.198.23.132,1,40
150.75.87.1,1,40
150.75.115.44,1,48
133.11.67.91,1,40
163.33.86.205,1,40
133.149.126.136,1,44
163.33.234.223,1,40
202.204.61.166,1,40
150.75.30.180,1,40
202.198.23.48,1,40
150.75.15.76,1,40
203.77.3.186,1,44
163.33.4.211,1,40
150.75.3.145,1,40
202.198.29.56,1,40
203.77.16.226,1,40
202.198.14.10,1,40
133.149.147.221,1,40
133.149.143.39,1,40
163.33.4.218,1,40
163.33.102.189,2,80
203.77.61.129,1,44
203.77.67.123,1,40
202.198.28.143,1,40
163.33.6.191,1,44
150.75.23.92,1,40
150.75.158.237,1,40
150.75.60.82,1,40
163.33.81.88,1,40
203.77.80.67,1,40
163.33.174.17,1,103
133.149.101.226,1,576
203.77.61.106,1,40
133.149.189.172,1,40
133.149.146.67,1,44
150.75.187.238,1,40
150.75.200.56,1,40
163.33.105.19,1,40
203.77.77.122,1,40
133.11.75.39,1,40
150.75.207.71,1,40
203.77.21.162,1,40
133.149.39.156,1,40
150.75.94.45,1,40
150.75.170.147,1,40
163.33.117.86,1,44
133.11.70.224,1,40
150.75.242.106,1,40
203.77.100.180,1,76
150.75.59.245,1,40
203.77.6.164,1,40
163.33.239.82,1,69
163.33.92.95,1,44
202.198.23.130,1,40
163.33.117.77,1,40
163.33.171.153,1,40
150.75.78.131,1,40
133.11.84.234,1,40
163.33.240.172,1,40
203.77.82.218,1,40
150.75.251.172,1,52
163.33.69.52,1,40
150.75.50.63,1,40
203.77.36.220,1,40
163.33.251.192,1,40
150.75.5.141,1,40
150.75.82.139,1,40
133.149.218.219,1,40
150.75.79.170,1,40
163.33.178.126,1,44
133.11.69.187,1,44
133.149.45.50,1,40
133.149.219.110,1,40
133.149.21.201,1,40
163.33.233.222,5,622
150.75.88.99,1,40
150.75.61.37,1,40
133.149.84.128,1,40
163.33.227.255,1,40
133.149.188.204,1,44
133.11.108.144,1,40
203.77.111.168,1,40
163.33.157.85,1,40
150.75.102.156,1,40
133.149.51.212,1,40
163.33.94.66,1,68
150.75.100.56,1,44
203.77.110.124,1,40
150.75.194.54,1,40
163.33.74.185,1,40
133.149.63.34,1,44
133.149.235.90,1,44
163.33.128.177,1,40
150.75.54.101,1,40
202.198.2.128,1,44
133.149.248.11,1,40
163.33.215.81,1,40
163.33.91.166,1,40
203.77.99.98,1,40
150.75.110.222,1,40
163.33.220.223,1,40
202.204.60.194,23,8036
163.33.102.15,1,40
150.75.71.243,1,40
202.198.53.202,1,40
163.33.115.182,1,40
150.75.120.20,1,40
163.33.230.239,1,40
202.198.58.7,1,40
150.75.118.143,1,40
150.75.224.147,1,60
150.75.190.131,1,40
202.198.8.20,1,40
150.75.135.160,1,40
203.77.98.61,1,40
203.77.74.117,1,40
163.33.74.97,1,40
133.149.73.11,1,40
202.198.56.252,1,40
133.11.83.180,1,132
203.77.28.200,1,40
163.33.179.234,1,40
203.77.37.70,1,40
150.75.169.163,1,40
203.77.25.221,1,40
163.33.224.60,1,40
133.149.240.72,1,40
133.149.154.205,1,40
203.77.107.101,1,40
203.77.122.235,3,391
203.77.89.5,1,40
163.33.239.64,1,40
203.77.5.246,1,40
163.33.123.93,1,40
163.33.113.109,1,52
163.33.213.228,1,40
150.75.178.63,1,44
133.149.189.3,1,40
203.77.100.189,1,40
203.77.36.66,1,40
150.75.13.165,1,40
163.33.225.146,1,40
133.11.94.11,1,40
150.75.95.86,1,44
150.75.212.14,1,40
150.75.207.229,1,40
163.33.56.183,1,40
150.75.3.113,1,40
150.75.221.230,1,44
203.77.71.206,1,40
133.149.242.242,1,40
163.33.67.214,1,40
150.75.183.130,1,40
163.33.154.129,1,40
133.11.84.52,1,40
150.75.185.229,1,40
133.149.156.88,1,40
203.77.34.104,1,40
133.149.255.86,1,120
150.75.117.192,1,40
133.11.73.213,1,60
150.75.59.23,1,40
163.33.95.130,3,159
163.33.81.10,1,52
203.77.28.204,1,40
150.75.113.237,1,40
203.77.66.190,1,40
133.149.121.41,1,40
202.198.12.55,1,40
133.149.155.12,1,40
150.75.68.74,1,40
202.198.9.216,1,40
150.75.253.228,1,40
203.77.76.251,1,40
150.75.78.184,1,60
203.77.99.6,1,40
133.11.105.85,1,40
150.75.17.225,1,40
133.11.105.98,1,40
150.75.28.36,1,40
133.149.213.71,1,40
163.33.143.19,1,86
150.75.165.29,1,40
150.75.38.172,1,40
150.75.85.36,1,40
163.33.148.131,2,80
150.75.218.11,1,40
133.149.62.23,1,52
150.75.82.69,1,40
133.149.228.221,1,576
133.149.160.110,1,44
133.149.224.118,1,52
150.75.192.110,1,40
163.33.87.168,1,40
133.149.254.111,1,40
133.11.84.170,2,80
133.149.229.117,1,40
202.198.8.112,1,40
150.75.85.51,1,40
150.75.78.20,1,40
203.77.57.111,1,40
203.77.105.185,1,40
133.11.115.213,1,40
133.149.147.22,1,40
133.149.3.98,1,52
133.149.90.97,1,40
133.149.22.186,1,40
163.33.198.38,1,40
163.33.29.191,1,40
163.33.122.44,1,52
163.33.130.80,1,44
163.33.84.99,1,40
163.33.230.41,1,44
133.149.156.61,1,40
133.11.78.251,1,40
163.33.129.132,1,40
202.198.13.100,1,40
133.149.188.229,1,40
202.198.16.56,1,40
163.33.19.95,1,40
203.77.123.86,1,40
203.77.118.190,1,40
133.149.180.5,1,92
150.75.102.216,1,40
202.198.14.164,1,44
133.11.101.57,1,40
163.33.114.180,1,40
133.149.250.165,1,40
163.33.143.230,1,44
163.33.70.112,1,40
163.33.24.130,1,40
133.149.63.101,1,40
150.75.85.69,1,40
202.198.43.153,1,40
163.33.26.22,1,40
202.198.6.109,1,40
203.77.11.172,1,40
203.77.12.29,1,40
150.75.164.213,1,40
133.149.27.230,1,40
150.75.28.14,1,40
133.149.234.66,1,40
203.77.117.122,1,40
133.149.2.202,1,40
150.75.117.84,1,40
163.33.181.255,1,44
133.11.84.21,1,48
133.149.25.147,1,40
203.77.4.29,1,40
202.198.0.64,1,40
133.149.253.242,2,80
163.33.255.227,1,40
203.77.8.111,1,40
150.75.23.199,1,40
163.33.87.248,1,121
163.33.224.94,1,40
150.75.129.23,1,40
133.11.77.146,1,40
203.77.59.63,1,44
150.75.11.116,1,40
150.75.154.76,1,40
202.198.41.189,1,40
150.75.145.200,1,40
133.149.84.204,1,40
203.77.35.191,1,52
150.75.236.216,1,40
150.75.227.67,1,40
150.75.242.207,1,40
133.149.137.96,1,44
133.11.111.15,1,40
150.75.6.40,1,40
133.149.39.79,1,40
150.75.220.34,1,40
150.75.67.23,1,44
163.33.195.27,1,40
150.75.82.105,1,40
150.75.55.23,1,576
150.75.142.22,1,40
202.198.63.167,1,44
133.11.68.118,1,40
203.77.9.71,1,40
133.149.108.1,1,40
203.77.122.228,1,76
203.77.44.28,1,40
163.33.10.115,1,44
203.77.43.154,1,40
133.149.4.209,1,40
202.198.28.68,1,40
150.75.236.71,1,40
150.75.84.30,1,40
202.198.20.66,1,40
202.198.17.172,1,40
202.198.18.217,1,40
133.149.175.112,1,40
150.75.205.79,1,40
163.33.138.83,1,40
150.75.202.182,1,576
133.149.167.139,1,40
163.33.92.172,1,44
150.75.133.149,1,40
150.75.102.109,1,40
150.75.63.121,1,40
163.33.114.171,1,40
150.75.238.149,1,40
133.149.133.238,1,40
203.77.18.157,1,40
163.33.169.12,1,44
150.75.186.56,1,40
133.149.21.25,1,44
133.149.128.104,1,40
150.75.143.75,1,40
150.75.77.77,2,84
202.198.48.120,1,40
133.149.10.130,1,44
133.11.111.130,1,40
202.198.45.237,1,44
163.33.85.121,1,44
150.75.66.219,1,40
150.75.229.213,1,44
163.33.26.202,1,40
203.77.69.1,2,104
150.75.143.160,1,44
150.75.171.249,1,44
133.149.110.193,1,44
163.33.76.98,1,40
202.198.58.39,1,40
163.33.50.11,1,40
133.149.182.80,1,44
150.75.54.43,1,44
133.11.70.209,2,116
133.11.79.67,1,40
203.77.43.53,1,40
163.33.72.94,1,40
150.75.10.61,1,40
133.149.130.19,1,40
133.149.20.104,1,40
133.149.88.5,1,40
203.77.20.241,1,40
163.33.115.194,1,44
150.75.56.140,1,40
133.149.127.53,1,40
133.149.41.198,1,40
133.11.79.102,1,40
133.11.88.194,1,40
133.149.196.207,1,40
133.149.34.122,1,40
203.77.54.83,1,40
203.77.111.101,2,80
150.75.146.97,1,40
133.149.173.124,1,40
163.33.116.208,1,40
133.11.65.37,1,40
203.77.87.240,1,40
133.149.41.203,1,40
150.75.115.56,1,40
133.149.167.250,1,40
202.198.48.38,1,40
133.11.120.114,1,40
150.75.0.200,1,40
150.75.135.16,1,44
133.149.64.38,1,40
203.77.33.160,1,44
150.75.117.38,1,40
203.77.43.173,1,40
163.33.225.198,1,40
133.11.106.75,1,60
133.149.19.13,1,40
202.198.34.38,1,40
150.75.230.49,1,44
150.75.58.94,1,44
133.149.146.97,1,40
150.75.220.152,1,40
203.77.34.16,1,40
203.77.34.99,1,40
203.77.118.141,2,112
150.75.103.110,1,44
150.75.7.188,1,40
133.149.60.160,1,40
150.75.193.61,1,40
163.33.236.128,11,440
202.25.109.31,1,40
163.33.26.155,1,40
150.75.127.135,1,40
202.198.16.60,1,40
133.149.215.6,1,40
133.149.11.247,1,40
133.149.26.33,1,40
150.75.237.12,1,40
202.198.41.4,1,40
203.77.85.239,1,40
150.75.177.145,1,40
150.75.233.170,1,40
163.33.98.128,1,40
203.77.102.10,1,40
133.149.172.20,1,40
133.149.6.171,1,40
133.149.242.41,1,40
133.149.129.223,1,44
150.75.50.118,1,52
203.77.0.16,1,40
163.33.13.100,2,80
202.198.35.243,1,40
150.75.173.163,1,40
150.75.46.104,1,44
150.75.131.106,1,40
202.198.27.254,1,58
163.33.93.104,2,230
163.33.50.134,1,40
203.77.58.61,1,40
203.77.116.197,2,112
163.33.132.232,2,84
150.75.137.86,1,40
163.33.140.143,2,164
150.75.194.2,1,40
133.149.173.104,1,40
150.75.166.242,1,40
202.25.109.109,1,40
163.33.95.116,1,48
202.198.51.52,1,40
163.33.165.193,1,48
163.33.133.25,1,40
203.77.123.73,1,40
163.33.0.79,1,40
203.77.68.74,1,40
163.33.50.135,1,40
203.77.68.200,1,40
202.198.48.62,1,40
150.75.9.226,1,40
163.33.75.86,1,40
163.33.89.251,1,220
133.149.63.4,1,40
163.33.117.228,1,40
150.75.32.129,2,80
163.33.10.51,1,40
202.198.38.87,1,40
203.77.70.157,1,40
163.33.183.36,1,40
133.11.122.240,1,40
133.149.170.160,1,40
150.75.125.115,1,40
133.11.75.58,1,40
203.77.16.138,1,40
203.77.35.1,1,40
203.77.105.135,1,40
203.77.112.181,1,40
133.149.139.172,1,40
163.33.57.92,1,40
150.75.26.180,1,40
163.33.15.27,1,40
133.149.95.59,1,40
133.149.180.88,1,40
150.75.156.124,1,40
202.198.34.210,1,40
150.75.57.42,1,52
163.33.219.211,1,40
163.33.100.203,1,40
203.77.104.53,1,40
150.75.4.47,1,40
150.75.77.129,1,40
203.77.34.216,1,40
163.33.50.185,1,40
133.149.81.20,1,40
150.75.176.183,1,40
163.33.114.48,1,40
163.33.209.85,1,121
150.75.232.84,1,40
163.33.12.240,1,40
133.11.92.36,1,40
202.198.62.212,1,40
163.33.117.87,1,40
163.33.64.187,1,44
203.77.13.176,1,40
150.75.4.53,1,40
133.149.20.154,1,40
203.77.73.186,1,40
133.149.75.199,1,40
150.75.7.2,1,40
133.11.79.142,1,40
163.33.28.42,1,40
203.77.4.126,1,40
203.77.28.180,1,40
133.11.84.10,2,1152
163.33.244.171,77,108309
133.11.94.4,1,60
203.77.109.108,1,40
150.75.44.66,1,40
163.33.53.18,1,44
150.75.141.55,1,40
150.75.93.128,1,45
203.77.36.133,1,40
150.75.96.225,1,40
133.149.211.32,1,40
133.149.4.65,1,44
163.33.3.174,1,40
133.11.78.131,1,40
203.77.105.172,1,44
133.149.193.206,1,40
133.11.115.205,1,40
203.77.99.217,1,60
133.149.58.239,1,40
163.33.84.146,1,40
150.75.50.4,5,2174
202.198.14.97,1,40
150.75.217.232,1,40
163.33.208.223,1,40
150.75.201.90,1,40
150.75.19.93,1,40
150.75.69.102,1,40
133.149.124.2,1,40
150.75.176.163,1,40
150.75.172.158,1,40
133.149.18.216,1,40
203.77.14.2,1,40
150.75.50.1,5,2170
163.33.46.12,1,40
150.75.176.191,1,40
133.149.4.251,1,40
163.33.54.210,1,40
150.75.41.191,1,40
203.77.102.222,1,40
150.75.181.87,1,44
163.33.183.109,1,40
150.75.253.153,1,40
150.75.50.2,5,2170
133.149.19.210,1,40
150.75.47.136,1,40
163.33.47.76,1,40
133.11.67.167,1,40
150.75.28.22,1,40
163.33.243.188,1,40
150.75.176.167,1,40
163.33.226.96,1,40
163.33.107.19,1,40
150.75.171.231,1,40
163.33.201.10,1,40
150.75.50.0,5,2175
150.75.50.5,5,2168
150.75.63.203,1,40
163.33.94.51,2,108
133.149.108.176,1,44
150.75.155.247,1,40
203.77.42.181,1,40
150.75.50.11,5,2173
163.33.209.124,1,40
203.77.89.89,1,40
150.75.42.64,1,40
150.75.50.3,5,2171
202.198.37.52,1,40
203.77.86.174,1,40
150.75.50.10,5,2174
150.75.141.6,1,40
163.33.98.14,1,40
150.75.176.112,1,40
163.33.191.20,1,40
203.77.94.210,1,40
203.77.50.201,1,40
203.77.97.116,1,40
203.77.66.107,1,40
133.149.197.123,1,40
203.77.105.35,1,40
203.77.120.78,1,40
203.77.124.15,1,40
150.75.86.60,1,40
150.75.154.45,1,40
203.77.86.139,1,40
203.77.126.183,1,60
150.75.167.93,1,52
133.149.75.123,1,40
133.149.38.187,1,40
150.75.235.7,1,40
133.149.130.134,1,40
133.11.97.222,1,40
150.75.160.20,1,40
163.33.80.218,1,40
163.33.133.218,1,40
150.75.82.151,1,40
202.198.2.254,1,40
133.149.177.250,1,40
150.75.156.215,1,40
163.33.183.45,1,40
150.75.16.73,1,40
203.77.52.121,1,40
203.77.7.250,1,40
150.75.251.83,1,60
163.33.183.113,1,40
133.149.140.99,1,40
150.75.176.65,1,40
133.149.177.80,1,40
150.75.200.45,1,40
163.33.230.16,1,40
150.75.213.25,1,40
163.33.114.16,1,44
203.77.112.82,1,40
133.149.126.236,1,40
150.75.235.176,1,40
203.77.87.217,1,40
202.204.63.205,1,40
133.11.70.199,1,136
163.33.124.81,1,40
203.77.121.235,3,377
150.75.254.16,1,40
133.149.61.245,1,40
133.149.29.131,1,40
202.198.8.147,1,44
203.77.6.207,1,40
133.11.99.29,1,40
150.75.53.119,1,40
133.11.69.129,1,44
133.149.31.125,1,40
163.33.87.2,1,40
133.11.69.210,1,40
150.75.38.88,1,40
203.77.104.196,1,40
163.33.132.44,2,448
150.75.26.76,1,44
133.149.64.195,1,40
163.33.115.42,1,44
202.25.109.135,1,40
133.149.10.123,1,40
203.77.18.220,1,40
133.149.13.206,1,40
202.198.14.95,1,40
150.75.138.19,1,40
203.77.98.35,1,40
150.75.90.147,1,40
150.75.230.58,1,40
133.11.118.44,1,40
133.11.83.36,1,40
133.149.0.219,1,40
203.77.123.18,1,40
163.33.177.180,1,52
163.33.116.159,1,40
163.33.214.144,1,40
150.75.240.18,1,40
150.75.151.228,1,44
203.77.60.149,1,40
203.77.6.174,1,44
133.149.111.192,1,44
133.149.217.44,1,40
150.75.62.59,1,40
150.75.58.231,1,40
163.33.7.199,1,40
203.77.85.19,1,74
150.75.220.74,1,40
163.33.220.62,1,40
133.149.99.20,1,60
203.77.17.37,1,40
133.149.39.72,1,40
133.149.206.248,1,60
163.33.114.147,1,40
150.75.218.56,1,40
202.15.129.152,1,40
202.204.63.196,1,40
202.198.37.187,1,40
163.33.200.135,1,40
150.75.138.31,1,40
150.75.124.64,1,40
150.75.26.157,1,40
203.77.9.175,1,40
163.33.160.46,1,40
150.75.26.50,1,44
203.77.111.148,1,40
163.33.120.144,1,40
150.75.216.48,1,40
133.11.96.247,1,40
150.75.161.96,1,40
163.33.53.169,1,40
150.75.14.89,1,40
133.11.67.183,1,40
202.204.59.253,1,40
163.33.101.67,1,40
203.77.31.71,1,40
150.75.119.42,1,40
133.149.184.44,1,40
133.11.92.167,1,40
133.11.102.42,1,40
163.33.166.80,1,40
133.149.164.83,1,40
163.33.176.200,1,40
133.149.53.131,1,40
203.77.4.15,1,40
163.33.100.119,1,40
133.149.146.4,1,44
163.33.80.45,1,40
133.11.75.14,1,40
203.77.49.35,1,40
203.77.57.12,1,40
150.75.255.22,1,40
203.77.90.129,1,437
133.149.236.193,1,40
150.75.1.191,1,40
203.77.67.250,1,40
163.33.178.15,1,52
150.75.15.84,1,40
203.77.74.127,1,40
202.25.107.195,1,52
202.204.56.81,1,40
150.75.9.26,1,44
203.77.90.140,1,437
202.198.37.193,1,40
150.75.27.207,1,40
150.75.162.73,1,44
163.33.92.194,1,115
163.33.244.23,1,40
163.33.154.5,1,40
150.75.97.155,1,40
150.75.68.123,1,40
133.11.82.72,1,60
163.33.188.35,1,40
163.33.59.93,1,40
150.75.192.9,1,40
203.77.124.237,1,44
150.75.5.69,1,44
133.11.109.239,1,44
133.149.65.144,1,44
163.33.66.46,1,40
150.75.153.210,1,40
150.75.92.6,1,44
150.75.225.22,1,40
203.77.123.57,1,40
150.75.62.225,1,40
203.77.90.158,1,438
133.149.122.110,1,32
163.33.197.74,1,40
133.149.8.36,1,40
133.149.129.221,1,40
203.77.90.130,1,436
150.75.79.154,1,40
133.11.83.162,1,48
150.75.33.4,1,40
133.149.172.225,1,40
163.33.30.191,1,40
203.77.90.141,1,437
203.77.90.156,1,437
163.33.158.160,1,40
133.149.210.10,1,40
133.11.95.210,1,60
203.77.90.132,1,438
150.75.124.180,1,40
203.77.114.58,1,40
133.11.111.188,1,44
150.75.71.110,1,40
150.75.179.89,1,44
203.77.90.128,1,435
150.75.254.79,1,40
133.149.246.241,1,40
203.77.33.162,1,40
163.33.194.111,1,40
203.77.90.203,1,437
203.77.20.117,1,40
163.33.114.196,1,40
203.77.90.142,1,435
202.198.7.142,1,40
163.33.241.182,1,40
133.149.16.199,1,40
133.149.101.151,1,40
150.75.248.247,2,80
203.77.90.193,2,477
203.77.90.194,1,437
133.149.178.242,1,40
203.77.33.33,1,40
203.77.90.233,2,478
203.77.67.11,1,40
150.75.38.118,1,40
150.75.40.205,1,40
133.149.15.183,1,40
133.149.84.76,1,40
150.75.61.147,1,40
203.77.90.146,1,437
150.75.95.167,1,40
150.75.56.177,1,40
203.77.90.192,1,438
150.75.9.163,1,40
133.149.60.110,1,40
163.33.212.160,1,40
150.75.153.132,1,40
163.33.117.4,1,40
150.75.53.3,1,40
133.149.160.35,1,40
163.33.202.45,1,40
150.75.64.67,1,40
133.149.127.164,1,40
202.198.7.194,1,40
150.75.46.193,1,40
202.204.56.3,1,40
133.11.75.153,1,40
202.198.40.138,1,248
203.77.90.199,1,438
150.75.139.251,1,44
150.75.224.231,1,40
203.77.90.207,1,437
203.77.90.135,1,436
203.77.90.206,1,437
203.77.90.230,1,436
133.11.69.164,1,40
203.77.67.190,1,40
203.77.90.120,1,439
133.149.26.223,1,40
203.77.90.227,1,438
203.77.90.247,1,438
202.198.5.222,1,40
163.33.67.41,1,40
150.75.192.55,1,44
203.77.90.222,1,438
203.77.90.220,1,435
203.77.18.74,1,40
133.149.241.145,1,44
150.75.239.137,1,40
133.149.216.2,1,40
203.77.90.238,1,434
203.77.90.211,1,436
203.77.90.136,1,437
163.33.60.167,1,40
133.11.66.10,1,40
133.149.180.32,1,40
203.77.90.204,1,438
203.77.90.254,1,438
163.33.232.33,1,40
133.149.9.120,1,44
150.75.79.211,1,52
203.77.90.134,1,437
203.77.90.124,1,438
203.77.90.133,1,437
203.77.90.248,1,439
203.77.90.226,1,438
203.77.90.155,1,437
203.77.90.116,1,439
203.77.90.149,1,437
203.77.90.113,1,436
203.77.90.243,1,438
163.33.203.73,1,60
203.77.90.139,1,434
150.75.108.191,1,40
203.77.90.215,1,436
203.77.90.137,1,434
150.75.213.60,1,40
163.33.63.174,3,615
203.77.25.230,1,40
203.77.90.253,1,438
203.77.90.255,1,437
203.77.90.195,1,437
203.77.90.159,1,435
133.11.77.32,1,60
163.33.247.144,1,44
163.33.81.192,1,60
163.33.99.241,1,40
203.77.90.246,1,435
203.77.90.212,1,437
150.75.220.131,1,40
203.77.90.202,1,436
202.204.58.151,1,40
133.149.172.29,1,40
150.75.108.134,1,40
203.77.37.27,1,40
203.77.90.126,1,438
133.11.85.173,1,60
203.77.90.242,1,438
203.77.90.127,1,439
203.77.90.216,1,436
163.33.118.84,1,40
203.77.90.144,1,437
150.75.210.14,1,40
203.77.90.147,1,435
203.77.80.198,1,44
203.77.90.110,1,436
203.77.90.250,1,437
203.77.81.191,1,44
202.198.59.55,1,40
203.77.90.157,1,435
150.75.40.241,1,40
133.11.86.194,1,40
203.77.90.223,1,437
203.77.90.196,1,437
133.149.183.23,1,40
133.11.82.69,1,60
133.149.89.16,1,40
203.77.90.201,1,438
202.198.17.199,1,40
133.149.142.45,1,40
150.75.254.224,1,40
163.33.237.237,1,40
203.77.90.200,1,437
150.75.182.162,1,40
150.75.150.28,2,80
203.77.90.150,1,437
150.75.217.43,1,40
163.33.72.166,1,40
150.75.46.118,1,40
133.11.93.253,1,60
163.33.63.126,1,44
203.77.90.240,1,434
203.77.90.152,1,437
163.33.70.197,1,44
150.75.51.102,1,44
133.149.5.176,1,40
203.77.90.148,1,435
133.149.148.131,1,40
203.77.90.219,1,437
133.11.70.177,1,60
203.77.8.35,1,40
203.77.90.232,1,438
133.149.237.238,1,44
203.77.115.250,1,48
203.77.90.105,1,438
133.149.243.5,1,40
163.33.77.21,1,40
203.77.90.252,1,438
203.77.90.229,1,437
133.149.202.155,1,40
133.149.206.50,1,40
202.198.34.42,1,40
163.33.29.217,1,40
150.75.222.169,1,40
203.77.57.192,1,40
150.75.51.49,1,40
203.77.90.234,1,438
203.77.90.115,1,437
203.77.16.14,1,44
203.77.90.236,1,437
163.33.25.108,1,40
150.75.199.144,1,40
203.77.90.210,1,436
203.77.43.46,1,40
150.75.245.229,1,40
203.77.127.60,1,40
202.198.33.248,1,40
150.75.162.190,1,40
203.77.84.236,1,40
133.149.26.105,1,48
203.77.90.198,1,437
203.77.90.123,1,433
150.75.164.44,1,44
133.149.222.207,1,40
202.198.12.191,1,40
203.77.90.121,1,438
203.77.17.215,1,44
150.75.242.52,1,40
150.75.232.208,1,40
203.77.90.118,1,438
202.198.50.32,1,40
203.77.90.138,1,434
203.77.90.151,1,438
163.33.154.16,1,40
163.33.240.7,1,40
163.33.244.153,1,40
203.77.34.251,1,40
133.11.86.206,1,60
203.77.90.143,1,437
203.77.117.99,1,40
150.75.20.253,1,44
163.33.31.63,1,40
202.25.107.153,1,60
203.77.90.122,1,438
203.77.90.153,1,436
203.77.109.91,1,40
163.33.120.137,1,40
150.75.42.93,1,40
163.33.126.130,1,40
133.149.137.111,1,40
203.77.90.213,1,437
133.11.94.215,1,60
150.75.120.133,1,40
202.198.63.80,1,40
203.77.90.119,1,439
203.77.90.208,1,436
133.149.5.38,1,40
150.75.30.117,1,40
150.75.167.90,1,40
203.77.90.218,1,437
203.77.90.145,1,437
150.75.0.126,1,52
203.77.90.106,1,439
202.198.16.93,1,40
203.77.90.125,1,436
203.77.93.213,1,44
203.77.90.235,1,437
203.77.90.154,1,435
163.33.141.202,2,157
133.149.46.210,1,40
150.75.11.22,1,48
133.11.82.175,1,60
133.149.229.199,1,40
203.77.90.239,1,438
133.149.171.145,1,40
203.77.90.209,1,437
203.77.90.205,1,435
150.75.185.202,1,44
203.77.90.228,1,436
202.198.39.106,1,40
203.77.105.39,1,40
202.204.63.197,1,40
203.77.15.205,1,40
133.149.100.104,1,40
133.149.21.116,1,40
133.11.74.94,1,60
203.77.90.197,1,437
133.11.80.100,1,40
203.77.95.43,1,40
203.77.90.221,1,437
150.75.9.88,3,156
203.77.105.243,1,40
203.77.90.107,1,437
163.33.178.0,1,52
150.75.191.142,1,40
203.77.90.237,1,438
203.77.90.214,1,438
133.149.241.26,1,40
203.77.90.217,1,435
150.75.69.130,1,40
203.77.90.225,1,436
203.77.90.224,1,438
202.198.43.224,1,40
203.77.75.33,1,40
203.77.90.241,1,439
163.33.49.99,3,120
150.75.74.197,1,40
133.11.67.109,1,40
163.33.176.78,1,28
202.198.16.225,1,40
203.77.90.231,1,437
203.77.90.251,1,438
163.33.125.219,1,40
203.77.90.117,1,437
203.77.48.73,1,40
202.198.3.77,1,40
150.75.214.100,1,40
203.77.90.245,1,436
150.75.98.176,1,40
150.75.154.148,1,40
163.33.42.187,1,40
203.77.47.216,1,40
203.77.90.108,1,438
163.33.94.213,1,40
133.11.91.249,1,60
163.33.244.173,1,40
203.77.90.249,1,438
203.77.1.47,1,44
203.77.90.244,1,438
150.75.158.190,1,40
150.75.109.14,1,40
202.198.60.26,1,40
163.33.61.132,2,80
203.77.11.72,1,60
203.77.96.169,1,40
203.77.49.147,1,40
163.33.29.141,1,40
203.77.15.189,1,40
203.77.90.109,1,439
203.77.48.52,1,40
203.77.32.223,1,40
133.11.95.8,1,48
133.149.149.31,1,40
150.75.145.19,1,44
133.149.107.50,1,44
203.77.118.110,1,40
163.33.9.85,1,40
202.198.46.47,1,40
203.77.90.114,1,438
203.77.90.104,1,438
163.33.127.91,1,40
150.75.56.98,1,40
150.75.184.92,1,40
163.33.236.205,1,44
163.33.147.153,1,40
163.33.26.88,1,40
203.77.118.249,1,40
203.77.82.38,1,40
133.11.68.105,1,44
163.33.211.24,1,44
203.77.118.3,1,40
133.149.62.3,1,40
133.149.12.80,1,40
150.75.226.44,1,40
203.77.2.236,1,40
163.33.98.22,2,84
133.11.101.53,1,44
202.198.17.142,1,40
150.75.206.167,1,40
133.149.155.244,1,40
163.33.93.156,1,71
150.75.181.183,1,40
133.11.71.58,1,40
133.149.49.205,1,40
133.149.177.128,1,40
203.77.69.82,1,40
150.75.16.76,1,40
133.149.231.18,1,40
163.33.158.216,1,40
203.77.1.222,1,40
203.77.59.67,1,40
163.33.51.29,1,40
150.75.185.3,1,40
163.33.65.10,1,40
150.75.252.224,1,40
150.75.79.24,1,40
150.75.156.11,1,40
202.198.23.193,1,40
163.33.84.8,1,40
163.33.173.10,1,40
203.77.1.207,1,40
202.198.48.21,1,40
150.75.244.173,1,40
150.75.91.38,1,40
150.75.222.209,1,52
133.149.226.217,1,40
150.75.25.226,1,40
163.33.213.41,1,40
150.75.103.163,1,44
203.77.6.216,1,40
203.77.101.168,1,40
202.198.22.166,1,40
203.77.67.229,1,44
163.33.70.73,1,40
133.149.84.219,1,40
150.75.249.243,1,40
133.149.140.148,1,44
133.11.64.225,1,52
133.149.96.195,1,40
163.33.21.91,1,40
133.149.0.52,1,40
150.75.242.20,1,40
150.75.168.89,1,40
202.198.49.136,1,40
202.198.39.116,1,40
163.33.57.1,1,44
133.149.189.106,1,40
202.25.107.206,1,30
203.77.103.143,1,40
133.11.69.175,1,40
163.33.72.242,1,40
163.33.14.35,2,80
163.33.203.104,1,44
133.149.98.240,1,44
163.33.141.174,1,135
163.33.52.9,1,40
202.198.1.14,1,40
163.33.155.250,1,44
203.77.79.65,1,40
163.33.65.74,1,56
133.149.251.236,1,52
203.77.18.80,1,40
150.75.61.58,1,40
202.198.35.36,1,40
202.198.10.25,1,40
150.75.38.134,1,40
133.149.139.118,1,40
163.33.140.140,1,40
202.204.57.250,1,40
133.149.202.153,1,40
203.77.54.244,1,40
202.198.10.53,1,44
163.33.150.248,2,80
133.149.93.107,1,40
163.33.92.239,1,52
163.33.141.137,2,129
150.75.162.247,1,40
150.75.151.32,1,44
203.77.108.3,1,40
202.198.32.55,1,40
150.75.226.50,1,40
150.75.63.25,1,40
163.33.40.228,1,40
163.33.180.153,1,40
133.11.72.226,1,40
202.198.53.222,1,40
133.149.120.237,1,44
150.75.99.42,1,44
163.33.185.74,1,40
202.198.22.2,1,40
133.149.254.167,1,40
202.198.39.153,1,40
163.33.24.106,1,40
163.33.57.220,1,40
163.33.108.117,1,40
150.75.175.66,1,40
163.33.100.115,1,44
163.33.19.163,1,40
203.77.93.50,1,121
133.149.55.220,1,40
163.33.137.166,1,44
150.75.223.160,1,40
133.149.27.47,1,40
163.33.199.177,1,40
133.149.81.13,1,40
133.149.254.67,1,40
163.33.1.179,1,48
150.75.95.232,1,40
163.33.106.30,1,44
163.33.98.47,1,40
150.75.43.83,1,40
163.33.109.30,1,40
133.149.26.24,1,40
163.33.33.64,1,40
133.11.96.9,1,40
203.77.83.169,1,44
203.77.81.255,1,40
150.75.135.156,1,40
163.33.84.69,1,115
163.33.137.236,1,40
202.204.63.60,1,40
133.149.99.126,1,40
133.149.13.51,1,40
150.75.144.159,1,40
163.33.74.59,1,40
163.33.149.63,1,40
163.33.217.89,1,40
133.149.158.53,1,40
163.33.51.148,1,60
163.33.175.1,1,44
203.77.98.148,1,40
203.77.98.137,1,40
150.75.24.234,1,40
133.149.161.107,1,44
163.33.101.30,1,40
202.198.34.250,1,40
150.75.33.163,1,40
163.33.137.62,1,40
133.149.149.147,1,40
150.75.98.85,1,44
150.75.60.204,1,40
203.77.74.189,1,40
150.75.17.112,1,52
150.75.128.220,1,44
150.75.46.170,1,44
163.33.202.227,1,40
163.33.90.255,1,40
163.33.95.208,1,40
150.75.87.69,1,40
133.11.117.153,1,40
203.77.61.53,1,40
163.33.155.91,1,40
150.75.219.51,1,40
203.77.92.16,1,40
133.149.81.95,1,40
150.75.197.163,1,40
133.11.97.246,1,48
150.75.45.190,1,40
133.149.195.230,1,40
150.75.193.137,1,40
163.33.124.195,1,40
203.77.42.224,1,48
133.149.167.225,1,40
150.75.87.53,1,40
163.33.121.142,1,40
133.149.20.5,1,40
163.33.113.154,1,40
203.77.5.27,1,40
163.33.50.242,1,40
150.75.93.51,1,40
133.11.67.56,1,40
163.33.206.216,1,40
133.149.231.190,1,40
150.75.97.12,1,40
163.33.96.48,1,40
163.33.124.255,1,40
133.149.79.199,1,40
133.11.88.212,1,40
163.33.173.245,1,40
133.149.235.88,1,40
133.149.135.161,1,40
133.11.97.114,1,40
133.149.43.85,1,40
133.149.56.180,1,40
150.75.37.196,1,40
133.149.78.64,1,40
202.198.41.16,1,40
202.198.19.90,1,40
163.33.194.201,1,40
133.149.253.180,1,40
133.11.87.43,1,40
133.149.235.23,1,44
203.77.56.204,1,40
150.75.188.35,1,40
150.75.12.182,1,40
163.33.141.50,1,40
163.33.255.142,1,40
163.33.200.173,1,40
133.149.60.5,1,40
133.11.73.107,1,44
150.75.179.84,1,40
133.149.211.215,1,40
150.75.12.231,1,40
203.77.99.224,1,40
133.149.248.104,1,40
163.33.192.99,1,40
133.149.250.252,1,40
150.75.129.77,1,40
202.198.57.84,1,40
133.149.179.41,1,40
133.149.47.227,1,40
133.149.12.121,1,40
150.75.58.179,1,40
202.198.20.49,1,40
133.11.126.136,1,44
133.149.196.153,1,40
150.75.59.37,1,40
203.77.68.249,1,40
202.198.57.147,1,40
133.149.66.105,1,44
203.77.81.11,1,40
150.75.69.142,1,40
163.33.63.175,1,164
163.33.194.248,1,40
163.33.86.46,1,40
133.149.178.69,1,40
202.198.22.115,1,40
203.77.17.253,1,40
133.149.108.6,1,40
150.75.21.92,1,40
163.33.204.71,1,44
163.33.163.128,1,44
150.75.83.15,1,40
150.75.219.148,1,40
150.75.26.59,1,121
163.33.234.233,1,40
150.75.175.33,1,40
150.75.119.232,1,52
163.33.3.1,1,52
133.11.72.21,1,60
203.77.76.132,1,44
150.75.13.192,1,40
150.75.31.185,1,92
133.149.102.177,1,40
150.75.58.204,1,40
203.77.11.123,1,40
133.11.105.38,1,40
163.33.165.51,1,44
202.25.109.77,1,44
203.77.6.209,1,40
150.75.213.38,1,40
150.75.218.118,1,40
150.75.232.118,1,44
202.198.7.42,1,40
202.198.51.164,1,40
202.198.57.226,1,40
163.33.136.252,1,44
133.11.117.156,1,40
150.75.58.59,1,40
150.75.31.23,1,92
203.77.2.53,1,40
150.75.157.229,1,40
150.75.58.118,1,40
150.75.69.134,1,40
133.149.86.189,1,40
203.77.1.46,1,40
163.33.156.205,1,40
133.11.116.152,1,40
150.75.158.212,1,40
133.149.154.191,1,40
133.149.231.197,1,52
150.75.33.62,1,40
202.204.60.150,1,40
163.33.136.117,1,40
150.75.191.232,1,40
203.77.110.199,1,60
203.77.17.219,1,40
133.149.47.172,1,40
133.149.30.241,1,40
163.33.4.221,1,40
133.149.205.74,1,40
150.75.171.175,1,40
133.149.213.111,1,40
133.149.205.241,1,40
150.75.88.1,1,44
133.149.73.103,1,40
150.75.36.142,1,40
133.149.82.82,1,40
150.75.158.112,1,40
133.11.93.69,1,60
150.75.64.17,1,40
150.75.119.46,1,40
133.149.159.177,1,40
150.75.158.223,1,40
133.11.105.139,1,40
133.149.60.213,1,44
133.149.73.204,1,40
203.77.69.217,1,40
150.75.16.226,1,40
133.149.8.218,1,40
163.33.8.193,1,40
203.77.19.215,1,40
163.33.187.190,1,40
150.75.207.180,1,40
133.11.65.169,1,40
133.149.189.63,1,44
163.33.187.71,1,40
203.77.83.235,1,40
203.77.50.229,1,40
163.33.16.87,1,40
163.33.229.34,1,44
163.33.72.80,1,40
150.75.205.85,1,40
133.149.127.184,1,40
150.75.94.88,1,40
202.198.52.184,1,40
202.198.3.158,1,40
133.11.124.147,1,92
133.149.26.22,1,40
133.149.101.223,1,40
163.33.235.21,3,255
203.77.120.179,1,40
133.149.62.60,1,40
203.77.21.219,1,40
203.77.16.187,1,40
203.77.114.17,1,40
203.77.94.195,1,40
202.198.58.56,1,40
203.77.122.249,1,40
133.149.179.139,1,40
150.75.12.210,1,40
203.77.64.247,1,40
150.75.117.227,1,40
150.75.189.179,1,40
202.198.14.145,1,40
203.77.17.71,1,40
133.11.105.76,1,40
163.33.19.85,2,80
133.11.106.61,1,40
163.33.149.111,1,40
150.75.179.208,1,40
203.77.57.0,1,40
202.204.58.214,3,465
150.75.200.79,1,52
163.33.164.160,1,40
150.75.199.98,1,40
133.149.105.200,1,40
133.149.107.19,1,40
150.75.94.144,1,40
133.149.23.218,1,40
163.33.202.34,1,44
163.33.189.61,1,44
163.33.36.76,1,40
202.198.54.57,1,40
150.75.30.3,1,40
133.149.224.4,1,40
150.75.220.215,1,40
203.77.95.196,1,40
202.198.29.16,1,40
150.75.76.57,1,40
150.75.20.72,1,40
163.33.43.238,1,40
203.77.48.154,1,52
133.149.67.86,1,40
163.33.108.249,1,40
133.11.75.41,1,40
163.33.188.166,1,40
203.77.49.178,1,40
150.75.122.23,1,40
163.33.43.191,1,40
133.149.69.150,1,40
163.33.9.5,2,120
202.198.34.119,1,40
163.33.52.185,1,40
163.33.118.133,1,40
163.33.18.148,1,40
163.33.180.145,1,120
203.77.19.89,1,40
133.149.101.150,1,40
163.33.178.88,1,40
202.204.60.72,1,40
133.149.151.172,1,40
133.149.195.183,1,40
202.198.19.254,1,40
163.33.23.56,1,40
203.77.115.234,1,83
202.198.23.177,1,40
163.33.54.67,1,40
133.149.175.187,1,40
163.33.42.150,1,40
163.33.248.224,1,121
133.149.241.147,1,36
163.33.103.30,1,40
133.149.45.45,1,40
133.149.195.96,1,40
133.11.102.223,1,40
150.75.143.32,1,40
163.33.216.147,1,40
133.11.109.210,1,44
163.33.53.172,1,40
163.33.78.203,1,40
133.11.91.37,1,40
133.11.100.105,1,40
163.33.130.14,2,80
202.198.44.206,1,40
202.198.8.6,1,40
163.33.120.175,1,40
163.33.8.55,1,40
133.11.123.218,1,40
133.149.69.26,1,40
133.149.154.223,1,40
150.75.201.116,1,40
203.77.124.23,1,52
203.77.73.77,1,40
133.149.165.160,1,40
150.75.49.71,1,61
133.149.61.244,1,40
202.204.57.1,1,40
150.75.217.180,1,40
150.75.203.214,1,40
150.75.46.125,1,40
133.149.77.184,1,44
203.77.111.19,1,40
203.77.36.69,1,40
163.33.47.116,1,40
150.75.86.30,1,40
133.11.118.94,1,40
163.33.233.233,1,40
203.77.35.165,1,44
133.11.95.225,1,40
163.33.172.34,1,121
150.75.205.39,2,120
133.149.102.50,1,40
133.149.181.238,1,40
202.204.56.192,1,40
202.204.57.61,1,40
203.77.42.29,1,40
150.75.214.132,1,576
203.77.73.111,1,40
150.75.132.111,1,40
163.33.128.1,1,52
133.11.94.43,1,44
163.33.84.232,1,67
150.75.151.220,1,40
150.75.156.143,1,40
163.33.49.77,1,40
150.75.219.242,1,40
202.198.1.192,1,40
203.77.1.45,1,40
163.33.203.207,1,40
203.77.44.118,1,40
133.149.234.123,1,44
163.33.144.133,1,40
203.77.17.134,1,40
150.75.20.161,1,40
203.77.100.141,1,40
133.11.119.103,1,40
203.77.13.98,1,40
163.33.199.57,1,40
163.33.226.177,1,40
202.198.25.196,1,40
163.33.93.202,1,115
150.75.59.43,1,40
202.198.24.230,1,40
202.198.49.144,1,44
203.77.52.79,1,40
203.77.115.228,1,40
150.75.49.148,1,48
163.33.192.104,1,76
150.75.49.177,1,40
163.33.251.247,1,40
150.75.187.168,1,44
133.149.77.57,1,40
203.77.9.202,1,40
150.75.126.129,1,40
150.75.177.76,1,40
150.75.56.87,1,44
133.11.72.11,1,40
203.77.114.221,1,40
150.75.71.150,1,44
203.77.124.21,1,52
150.75.209.170,1,40
163.33.161.125,1,40
163.33.236.78,1,40
202.204.56.183,1,40
202.198.16.112,1,44
150.75.136.177,1,44
133.11.71.105,1,40
203.77.105.131,1,40
133.149.217.23,1,576
163.33.234.172,1,40
163.33.149.162,1,52
202.198.43.187,1,40
163.33.152.147,1,60
163.33.28.125,1,40
203.77.69.181,1,40
133.11.84.65,1,40
203.77.60.141,1,40
163.33.169.93,1,40
163.33.148.1,1,40
203.77.70.122,1,40
133.11.119.67,1,40
202.198.39.76,1,40
150.75.171.63,1,40
150.75.241.30,1,40
133.149.136.186,1,52
202.198.16.194,1,40
133.149.174.55,1,44
202.198.58.138,1,40
163.33.12.95,1,40
133.149.203.23,1,40
203.77.37.88,1,40
133.149.250.98,1,40
133.149.250.13,1,40
150.75.134.65,1,44
163.33.17.7,1,40
150.75.119.35,1,40
163.33.95.13,1,40
133.149.148.87,1,40
163.33.9.220,1,40
163.33.149.246,1,40
133.11.107.216,1,40
133.149.132.34,1,40
203.77.37.231,1,40
133.149.29.52,1,40
133.11.101.9,1,40
150.75.217.61,1,40
203.77.27.240,1,40
163.33.255.122,1,40
133.149.1.30,1,40
133.11.76.231,1,40
150.75.178.221,1,40
150.75.133.200,1,40
133.149.25.37,1,40
133.149.110.199,3,120
163.33.130.111,1,40
163.33.178.1,1,52
203.77.107.207,1,76
133.149.158.184,1,40
163.33.230.148,1,40
203.77.11.101,1,60
150.75.4.35,1,60
133.11.70.98,1,48
163.33.29.121,1,40
133.149.173.244,1,40
163.33.255.82,1,40
163.33.159.180,1,40
202.198.7.53,1,40
163.33.104.66,1,40
150.75.115.193,1,44
163.33.29.161,1,40
133.149.24.82,1,40
163.33.20.149,1,40
163.33.160.65,1,40
203.77.112.199,1,40
163.33.250.61,1,40
163.33.236.61,3,670
203.77.33.66,1,40
163.33.245.66,1,40
133.149.146.165,1,40
202.198.12.106,1,40
203.77.12.16,1,40
133.11.91.146,1,40
150.75.111.192,1,40
163.33.5.24,1,40
163.33.170.129,1,44
150.75.38.194,1,40
133.149.145.199,1,52
150.75.113.68,1,40
203.77.77.14,1,40
163.33.84.214,1,40
163.33.225.237,1,40
163.33.71.128,1,44
203.77.1.84,1,40
150.75.97.37,1,40
150.75.40.170,1,44
133.149.110.126,1,40
203.77.1.75,1,40
150.75.137.228,1,40
163.33.182.68,1,40
202.204.58.32,1,40
133.149.67.242,1,44
163.33.201.11,1,40
163.33.58.8,1,40
133.149.158.165,1,40
203.77.117.80,1,40
163.33.39.112,1,40
163.33.103.109,1,40
150.75.145.195,1,40
202.204.57.165,1,40
133.11.109.5,1,40
163.33.161.149,1,40
150.75.126.60,1,40
150.75.114.66,1,40
163.33.74.198,1,40
202.198.1.135,1,44
133.149.193.82,1,60
203.77.10.81,1,40
163.33.150.76,1,40
150.75.216.47,1,40
163.33.121.171,1,40
133.149.206.175,1,40
163.33.161.237,1,44
203.77.73.136,1,40
202.198.55.98,1,40
203.77.73.245,1,40
150.75.99.172,1,40
133.11.127.142,1,52
203.77.29.39,1,40
133.149.142.221,1,40
203.77.71.80,1,40
163.33.40.17,1,40
163.33.117.157,1,40
163.33.218.27,1,40
203.77.126.155,1,40
150.75.199.155,1,40
163.33.139.104,1,76
163.33.14.89,1,44
133.149.144.39,1,40
203.77.3.190,1,40
202.198.0.153,1,40
202.198.2.162,1,40
163.33.236.155,1,40
150.75.71.133,1,40
133.149.161.218,1,52
150.75.39.80,1,40
133.149.194.133,1,44
150.75.150.19,1,40
133.149.87.50,1,44
133.149.98.84,1,40
203.77.25.233,1,40
150.75.23.177,1,40
150.75.69.211,1,44
163.33.141.222,1,44
133.149.94.145,1,40
150.75.2.37,1,40
150.75.170.77,1,40
133.11.66.199,1,40
203.77.94.43,1,40
150.75.163.170,1,40
133.149.35.85,1,40
163.33.19.66,1,40
150.75.228.36,1,40
202.198.42.57,1,40
203.77.108.202,1,44
163.33.229.11,1,52
150.75.190.28,1,40
133.11.93.43,1,40
163.33.197.180,1,60
202.198.5.109,1,40
133.149.115.6,1,40
150.75.176.22,1,40
203.77.115.231,1,40
203.77.31.91,1,40
133.11.100.235,1,40
202.198.46.15,1,40
150.75.71.154,1,40
150.75.164.49,1,40
163.33.186.53,1,44
163.33.9.172,1,40
133.149.133.107,1,40
150.75.216.135,1,121
133.149.112.109,1,40
203.77.63.68,1,44
202.198.25.18,1,40
133.149.66.195,1,40
163.33.193.188,1,40
203.77.29.97,1,40
163.33.141.42,3,187
203.77.115.142,1,40
133.149.246.100,1,40
150.75.180.214,1,40
133.11.97.110,1,40
203.77.1.13,1,40
133.11.81.34,1,40
150.75.117.190,1,40
202.204.60.185,1,40
203.77.19.130,1,40
150.75.199.141,1,40
163.33.147.4,1,40
163.33.250.15,1,40
150.75.111.242,1,40
150.75.127.0,1,52
133.149.131.219,1,40
150.75.17.253,1,40
163.33.179.146,2,80
150.75.44.219,1,40
203.77.13.168,1,40
203.77.120.48,1,40
133.149.117.243,1,40
150.75.225.29,1,40
150.75.78.59,1,40
150.75.232.9,1,40
133.149.121.96,1,40
203.77.43.31,1,40
133.11.75.254,1,44
133.149.246.9,1,40
203.77.92.211,1,40
203.77.32.63,1,40
203.77.106.175,1,40
150.75.15.162,1,44
203.77.68.53,1,40
133.149.96.226,1,40
150.75.191.126,1,40
203.77.81.217,1,40
163.33.250.6,1,40
163.33.219.11,1,40
133.11.67.155,1,40
163.33.138.220,1,44
133.149.250.106,1,44
163.33.170.76,1,40
163.33.102.14,1,40
133.149.201.145,1,44
163.33.238.155,1,40
163.33.40.23,1,40
163.33.74.13,1,44
163.33.255.253,1,40
163.33.82.95,1,220
203.77.95.111,1,40
150.75.84.101,1,40
163.33.57.231,1,40
202.198.45.222,1,40
150.75.193.247,1,40
202.198.24.246,1,40
202.198.19.162,1,40
203.77.56.196,1,40
163.33.80.16,1,312
133.11.96.76,1,40
150.75.153.180,1,44
163.33.50.244,1,40
133.149.118.202,1,40
133.11.96.106,1,40
133.11.121.4,1,52
203.77.4.230,1,40
150.75.126.246,1,40
163.33.76.237,1,40
163.33.63.173,1,139
133.149.55.132,1,40
163.33.227.123,1,40
150.75.115.130,1,44
202.198.26.23,1,40
202.198.4.71,1,40
163.33.72.106,1,40
150.75.76.228,1,40
133.11.105.137,1,52
133.149.46.245,1,40
203.77.122.205,1,60
203.77.24.209,1,40
150.75.2.122,1,40
163.33.147.73,1,40
163.33.153.213,1,45
163.33.91.185,1,76
203.77.68.108,2,80
133.11.70.172,2,80
163.33.25.247,1,40
163.33.131.158,1,40
133.149.65.214,1,40
150.75.48.76,1,40
150.75.126.214,1,40
203.77.126.95,1,40
203.77.48.200,1,40
133.149.6.38,1,40
163.33.217.186,1,44
150.75.88.208,1,40
163.33.71.122,10,3457
163.33.93.14,1,40
203.77.89.21,1,40
150.75.52.107,1,40
202.198.43.251,1,40
150.75.53.34,1,60
163.33.63.6,1,40
150.75.64.247,1,40
150.75.9.133,1,40
203.77.13.224,1,44
163.33.52.121,1,40
203.77.90.70,1,438
202.204.63.174,1,40
202.198.26.187,1,40
133.11.108.181,1,44
203.77.90.72,1,437
150.75.98.245,1,40
163.33.230.57,1,40
150.75.86.40,1,40
150.75.198.59,1,40
203.77.90.63,1,439
133.11.127.226,1,40
133.149.3.141,1,40
150.75.6.166,1,40
150.75.199.83,1,40
163.33.49.185,1,40
203.77.90.111,1,438
203.77.90.88,1,438
203.77.90.69,1,437
163.33.2.195,1,84
150.75.76.215,1,40
150.75.236.163,1,40
133.11.123.189,1,40
163.33.119.190,1,76
150.75.166.59,1,40
150.75.103.221,1,40
203.77.90.98,1,438
133.11.98.158,1,40
163.33.34.51,1,40
150.75.77.67,1,40
203.77.90.75,1,439
163.33.240.235,1,40
203.77.90.93,1,439
133.149.38.49,1,40
203.77.90.38,1,439
150.75.242.177,1,40
133.149.252.55,1,40
150.75.118.23,1,40
133.149.105.95,1,40
133.11.70.167,1,52
163.33.110.141,1,40
150.75.54.172,1,40
202.204.60.176,1,44
133.149.214.183,1,40
133.149.157.25,1,44
133.11.89.127,1,40
203.77.90.96,1,438
163.33.82.2,1,40
203.77.90.73,1,436
202.198.38.148,1,40
203.77.121.226,1,40
163.33.169.21,1,40
203.77.90.58,1,438
202.198.17.193,1,40
202.204.63.191,1,40
133.149.232.204,1,60
203.77.67.81,1,40
150.75.16.34,1,52
203.77.90.91,1,435
163.33.125.134,1,40
203.77.90.68,1,437
203.77.90.84,1,438
203.77.90.79,1,436
163.33.193.95,1,40
150.75.165.109,1,40
150.75.27.80,1,40
133.149.190.16,1,44
150.75.169.51,1,40
133.149.178.95,1,44
163.33.171.3,1,44
163.33.199.60,1,40
133.149.242.249,2,88
150.75.2.219,1,40
203.77.83.15,1,40
203.77.90.94,1,438
203.77.90.45,1,439
203.77.90.59,1,437
203.77.90.40,1,436
163.33.36.127,1,40
150.75.175.44,1,40
203.77.90.90,1,438
203.77.90.101,1,437
163.33.117.108,1,40
133.149.168.126,1,40
203.77.90.99,1,436
150.75.80.71,1,40
203.77.90.34,1,438
150.75.221.90,1,40
203.77.90.39,1,436
203.77.90.103,1,438
150.75.175.240,1,52
163.33.243.234,1,40
163.33.103.72,1,40
150.75.19.115,1,40
133.149.34.73,1,40
203.77.90.32,1,438
203.77.90.71,1,438
133.149.225.153,1,40
203.77.90.51,1,435
163.33.189.17,1,44
203.77.88.6,1,436
202.198.17.249,1,40
202.198.7.80,1,40
150.75.191.246,1,40
133.149.24.11,1,60
133.149.105.235,1,40
202.198.37.156,1,60
203.77.90.86,1,436
203.77.90.67,1,438
203.77.90.81,1,436
133.149.66.96,1,40
203.77.90.33,1,438
203.77.90.35,1,438
163.33.40.30,1,40
133.149.71.20,1,40
163.33.169.211,1,44
150.75.220.119,1,40
150.75.214.19,1,40
203.77.99.180,1,40
203.77.90.30,1,438
203.77.90.85,1,437
203.77.90.100,1,436
133.149.108.149,1,40
203.77.90.87,1,437
202.198.32.164,1,40
163.33.253.77,1,40
133.11.117.171,1,40
150.75.45.146,1,576
203.77.90.27,1,436
203.77.73.232,1,40
203.77.23.192,1,40
203.77.90.83,1,437
203.77.84.244,1,40
163.33.107.214,1,76
203.77.90.28,1,436
202.198.25.10,1,40
133.149.23.19,1,40
203.77.90.95,1,438
203.77.90.76,1,439
203.77.90.41,1,438
203.77.90.74,1,435
203.77.90.29,1,438
203.77.50.139,1,40
133.149.169.53,2,80
133.149.6.48,1,44
203.77.45.160,1,40
150.75.149.196,1,44
203.77.90.20,1,438
150.75.146.151,1,40
150.75.150.161,1,40
203.77.97.221,1,40
150.75.4.141,1,40
203.77.33.166,1,40
203.77.90.0,1,438
203.77.90.50,1,438
133.149.89.181,1,40
150.75.5.37,1,40
203.77.90.57,1,436
203.77.90.16,1,438
203.77.37.241,1,40
133.149.200.79,1,44
203.77.90.56,1,439
163.33.50.106,1,40
163.33.39.67,1,40
203.77.90.42,1,438
203.77.90.6,1,438
163.33.249.48,1,40
150.75.189.84,1,40
203.77.90.60,1,438
150.75.25.220,1,40
163.33.72.50,1,40
150.75.252.178,1,40
203.77.90.52,1,438
202.198.43.173,1,40
203.77.88.1,1,435
150.75.138.176,1,40
203.77.90.77,1,436
203.77.78.18,1,40
163.33.246.210,1,48
203.77.90.66,1,439
203.77.90.25,1,437
203.77.120.105,1,40
203.77.90.26,1,439
150.75.88.202,1,40
203.77.88.5,1,436
163.33.252.50,1,40
203.77.88.9,1,434
150.75.78.217,1,40
203.77.88.4,1,436
133.149.9.218,1,44
203.77.90.62,1,436
150.75.175.64,1,40
163.33.119.10,1,40
163.33.107.90,1,40
202.198.32.75,1,40
133.149.97.168,1,44
163.33.165.200,1,40
163.33.40.67,1,40
203.77.90.11,1,438
163.33.93.208,3,459
203.77.90.9,1,438
203.77.106.143,1,40
133.149.128.108,1,40
203.77.90.89,1,438
203.77.90.78,1,439
202.198.39.92,1,40
203.77.29.20,1,44
150.75.129.32,1,40
203.77.90.102,1,438
203.77.88.7,1,436
133.149.225.187,1,60
202.198.32.148,2,80
163.33.166.33,2,111
203.77.90.82,1,438
133.149.129.246,1,40
203.77.90.4,1,438
163.33.11.153,1,40
203.77.90.97,1,438
163.33.171.187,1,40
133.149.16.253,1,40
150.75.39.227,1,76
150.75.119.113,1,121
203.77.90.43,1,437
163.33.176.29,1,40
203.77.90.19,1,437
203.77.90.92,1,439
133.149.220.14,1,40
203.77.90.12,1,438
150.75.50.9,5,2171
150.75.91.45,1,44
203.77.90.14,1,435
203.77.88.8,1,436
133.149.129.148,1,40
133.149.213.9,1,40
150.75.55.94,1,40
203.77.90.21,1,438
203.77.90.80,1,435
163.33.162.143,1,44
203.77.90.22,1,438
163.33.45.37,1,40
150.75.220.239,1,40
203.77.90.46,1,439
202.198.7.14,1,40
203.77.108.105,1,40
133.149.242.3,1,40
202.198.42.100,1,40
163.33.84.53,1,52
203.77.88.3,1,436
203.77.88.0,1,436
203.77.90.54,1,437
150.75.91.229,1,40
133.149.20.180,1,40
163.33.140.217,1,40
203.77.48.152,1,40
133.149.27.202,1,40
163.33.13.31,1,40
203.77.90.49,1,437
163.33.66.23,1,40
150.75.244.137,1,40
150.75.50.8,5,2176
163.33.179.210,1,40
202.198.34.103,1,40
203.77.90.44,1,435
163.33.84.5,1,40
203.77.64.102,1,40
203.77.90.64,1,438
150.75.50.25,5,2173
150.75.152.119,1,40
163.33.233.115,1,40
203.77.90.55,1,438
202.204.63.76,1,40
150.75.50.13,5,2175
163.33.119.249,2,80
150.75.50.14,5,2175
163.33.107.163,1,40
203.77.88.2,1,434
203.77.90.65,1,438
150.75.13.214,1,44
133.149.1.130,1,40
203.77.6.246,1,52
133.149.114.220,1,40
163.33.45.218,1,40
202.198.49.174,1,44
133.11.86.80,1,40
203.77.90.15,1,439
203.77.90.61,1,438
202.198.41.218,1,40
203.77.30.216,1,40
163.33.116.197,1,40
203.77.90.5,1,438
203.77.90.36,1,437
163.33.36.192,1,40
203.77.90.53,1,437
203.77.90.17,1,438
133.149.158.24,1,40
133.11.126.206,1,44
202.198.17.106,1,40
150.75.50.15,5,2163
133.11.91.25,1,40
150.75.50.12,5,2172
163.33.151.254,1,40
133.11.70.191,1,52
203.77.90.47,1,438
202.198.25.191,1,40
133.149.212.37,1,40
150.75.159.248,1,40
163.33.42.234,1,40
203.77.23.68,1,40
203.77.88.10,1,436
133.149.188.248,1,44
133.11.125.181,1,40
203.77.90.31,1,437
150.75.237.67,1,40
133.11.93.171,1,60
150.75.13.89,1,52
163.33.200.221,1,40
202.198.51.99,1,40
163.33.115.138,1,40
163.33.27.60,1,40
203.77.90.3,1,437
150.75.47.236,1,40
133.149.4.31,1,40
203.77.90.18,1,438
150.75.50.24,5,2171
133.149.230.233,1,40
133.11.76.63,1,40
133.149.97.255,1,44
163.33.52.22,1,40
203.77.90.13,1,437
163.33.225.249,1,40
150.75.66.233,1,40
203.77.110.158,1,40
133.149.235.231,1,40
163.33.135.243,1,60
163.33.245.121,1,40
150.75.218.28,1,40
163.33.6.39,1,40
203.77.90.1,1,438
133.149.38.179,1,40
163.33.59.208,1,40
203.77.90.10,1,438
202.198.60.6,1,40
203.77.36.128,1,40
163.33.26.137,1,40
133.149.73.10,1,40
203.77.90.8,1,436
133.149.4.249,1,40
133.149.72.167,1,40
150.75.110.129,1,40
133.11.117.62,1,40
203.77.88.11,1,436
203.77.90.2,1,434
163.33.243.88,1,40
133.149.181.90,1,44
133.149.135.207,1,40
163.33.129.172,1,40
150.75.176.165,1,40
133.149.237.0,1,40
202.198.56.57,1,40
150.75.110.142,1,40
133.149.193.197,1,76
163.33.67.13,1,40
203.77.52.137,1,40
133.11.118.7,1,52
163.33.242.236,1,40
133.11.66.125,1,44
163.33.169.11,1,40
163.33.12.207,1,40
150.75.93.91,1,44
150.75.145.146,1,40
150.75.26.9,1,44
203.77.6.226,1,40
133.149.211.141,1,40
150.75.152.147,1,44
163.33.233.100,1,60
133.149.38.63,1,40
163.33.11.100,1,40
133.149.65.88,1,40
150.75.169.172,1,40
133.149.0.93,1,40
133.149.98.121,1,40
203.77.5.89,1,40
133.149.4.219,1,40
203.77.18.186,1,40
163.33.238.36,1,44
133.149.38.240,1,40
150.75.58.161,1,40
202.198.40.233,1,40
133.149.118.205,1,40
203.77.50.97,1,40
203.77.50.127,1,40
133.149.27.229,1,40
163.33.93.178,1,52
163.33.57.141,1,44
133.149.170.191,1,40
202.198.25.64,1,40
163.33.247.168,1,40
150.75.210.89,1,40
133.149.244.100,1,40
203.77.112.164,1,40
133.149.142.70,1,40
163.33.17.71,1,52
150.75.218.196,1,40
133.149.112.98,1,40
203.77.11.87,1,40
133.149.158.158,1,40
150.75.127.151,1,40
150.75.193.78,1,40
203.77.64.100,1,40
203.77.39.127,1,40
133.149.61.36,1,40
150.75.95.182,1,40
203.77.58.194,1,40
150.75.85.179,1,40
150.75.10.77,1,44
150.75.94.24,1,40
133.149.58.143,1,40
150.75.152.155,1,40
163.33.197.224,1,52
133.149.136.161,1,40
133.11.71.71,1,40
163.33.218.59,1,40
133.149.74.198,1,40
163.33.31.31,1,40
163.33.108.99,1,40
133.149.44.30,1,40
163.33.198.2,1,40
150.75.109.123,1,40
150.75.103.242,1,40
150.75.73.227,1,40
163.33.54.74,1,40
203.77.120.163,1,44
150.75.146.144,1,40
163.33.21.73,1,52
133.11.84.63,2,120
133.11.81.129,1,121
163.33.100.101,1,40
163.33.236.116,1,44
163.33.20.41,1,40
150.75.78.208,1,40
133.11.77.86,1,40
150.75.237.165,1,40
150.75.39.220,1,40
202.198.26.28,1,40
202.198.21.188,1,40
163.33.143.25,1,40
133.149.176.12,1,40
133.149.19.96,1,40
133.149.56.64,1,40
150.75.112.28,1,40
133.149.70.90,1,40
133.149.68.3,1,40
202.198.27.112,1,40
150.75.32.190,1,40
163.33.132.25,1,44
202.198.1.123,1,40
163.33.35.140,1,40
203.77.111.202,1,40
150.75.63.66,1,40
163.33.127.27,1,40
150.75.91.29,1,44
163.33.139.89,1,40
150.75.82.59,1,40
133.149.10.79,1,40
163.33.63.131,1,95
133.149.255.110,1,40
203.77.39.211,1,40
150.75.59.120,1,40
163.33.118.54,1,40
202.204.63.27,1,40
133.149.20.28,1,40
150.75.237.14,2,80
150.75.255.20,1,40
203.77.28.58,1,40
150.75.219.252,1,40
133.149.121.0,1,76
203.77.69.196,1,40
203.77.123.216,1,40
133.149.80.74,1,40
202.198.63.214,1,40
163.33.247.35,1,40
150.75.109.220,1,40
133.149.35.233,1,52
150.75.197.175,1,44
203.77.113.193,2,147
133.149.36.18,1,40
133.11.98.32,1,40
150.75.186.10,1,40
133.149.85.12,1,40
133.11.64.27,1,44
133.149.68.226,1,40
133.149.219.77,1,44
150.75.197.241,1,40
163.33.187.140,1,44
133.11.64.109,1,44
203.77.97.191,1,40
203.77.66.73,1,40
202.198.21.207,1,40
133.149.51.73,1,40
133.149.76.79,1,40
163.33.140.94,2,138
203.77.121.254,1,40
163.33.103.187,1,40
133.149.99.229,1,40
203.77.118.4,1,40
150.75.114.65,1,40
133.11.88.237,1,40
202.198.1.193,1,40
203.77.123.127,1,40
203.77.121.249,1,40
202.198.44.58,1,40
203.77.51.33,1,40
150.75.236.53,1,40
150.75.90.67,1,40
150.75.79.18,1,40
133.149.33.6,1,40
133.149.119.225,1,40
133.149.207.51,1,40
150.75.119.96,1,40
133.11.102.63,1,40
203.77.79.125,1,40
163.33.141.229,1,52
150.75.138.57,1,40
203.77.44.136,1,40
150.75.164.175,1,40
163.33.235.93,1,40
163.33.185.116,3,690
150.75.170.27,1,44
150.75.29.94,2,1310
163.33.19.227,1,40
202.198.11.181,1,40
203.77.46.199,1,44
163.33.133.156,1,40
133.149.132.155,1,40
133.149.52.94,1,40
203.77.0.6,1,40
133.11.66.81,1,60
202.198.61.217,1,40
163.33.226.208,1,40
163.33.240.186,1,58
203.77.27.217,1,40
150.75.108.232,1,40
163.33.236.166,2,114
133.149.248.115,1,40
150.75.17.18,1,40
203.77.98.9,1,40
150.75.59.126,1,40
202.198.33.192,1,40
203.77.43.59,1,40
202.198.48.124,1,40
202.198.5.142,1,40
133.149.68.78,1,40
202.198.55.79,1,44
133.11.70.190,2,80
163.33.174.12,1,40
203.77.43.148,1,40
133.149.38.108,1,40
203.77.127.167,1,40
202.198.11.159,1,40
133.11.113.207,1,40
163.33.147.187,1,40
203.77.122.254,2,88
203.77.3.238,1,44
203.77.62.235,1,40
133.149.250.82,1,40
133.11.68.184,1,40
163.33.59.4,1,60
203.77.1.115,1,40
133.149.177.130,1,40
203.77.123.203,1,60
202.198.35.65,2,88
150.75.200.242,1,40
202.198.11.10,1,40
133.149.174.185,1,44
133.149.208.151,1,40
203.77.28.13,1,40
133.149.61.172,1,40
150.75.43.95,1,40
150.75.124.141,1,40
202.198.62.148,1,40
163.33.201.22,1,40
150.75.98.158,1,40
202.198.19.93,1,40
150.75.222.236,1,40
163.33.171.115,1,40
133.11.93.6,1,40
150.75.57.49,1,40
203.77.74.192,1,40
163.33.159.163,1,40
203.77.97.19,1,40
202.198.19.113,1,40
203.77.60.221,1,40
163.33.161.136,1,44
203.77.74.179,1,40
150.75.131.66,1,40
163.33.17.148,1,40
203.77.56.220,1,40
133.149.32.148,1,40
133.11.114.232,1,40
163.33.37.132,1,40
202.204.62.174,1,40
133.149.9.13,1,40
163.33.171.205,1,40
150.75.127.153,1,40
133.149.174.54,1,40
150.75.211.236,1,44
163.33.82.140,1,40
203.77.66.229,1,40
203.77.123.152,1,40
133.149.205.34,1,40
163.33.16.233,1,40
133.11.77.13,1,60
133.149.9.219,1,40
133.149.101.164,1,40
133.149.137.72,1,40
133.149.32.165,1,58
202.204.57.97,1,40
150.75.81.216,1,40
163.33.45.182,1,40
163.33.86.152,1,40
133.149.141.27,1,40
150.75.238.231,1,40
163.33.182.217,1,40
150.75.223.78,1,40
133.11.77.10,1,52
133.149.14.229,1,40
163.33.21.190,1,44
202.198.46.61,1,40
203.77.48.195,1,40
163.33.54.140,1,40
163.33.132.68,4,220
203.77.99.189,1,40
133.149.227.219,1,40
163.33.81.244,1,40
133.11.87.100,1,40
133.11.69.232,1,60
203.77.127.25,1,40
163.33.124.148,1,40
150.75.184.159,1,40
133.11.118.83,1,40
202.198.9.238,1,40
163.33.87.98,1,40
133.149.179.116,1,40
163.33.115.32,1,40
150.75.127.232,1,40
163.33.196.237,1,40
202.198.40.171,1,40
202.198.43.201,1,40
203.77.8.160,1,44
150.75.126.227,1,40
150.75.178.71,1,40
203.77.38.14,1,40
133.149.172.116,1,40
202.198.32.107,1,40
150.75.48.93,1,40
133.149.216.19,1,40
133.11.120.129,1,40
150.75.153.159,1,40
150.75.36.89,1,40
163.33.217.94,1,60
150.75.103.66,1,44
163.33.179.27,1,40
150.75.193.17,1,40
133.149.17.185,1,40
150.75.107.17,1,40
163.33.47.34,1,40
133.149.208.150,1,40
150.75.255.219,1,40
150.75.135.120,1,40
133.149.54.233,1,40
202.198.13.247,1,40
133.149.29.232,1,40
203.77.4.197,1,40
150.75.165.152,1,40
203.77.66.127,1,40
202.198.32.237,1,40
133.149.194.211,1,40
163.33.95.61,1,40
150.75.41.223,1,40
150.75.58.185,1,40
203.77.24.25,1,40
150.75.19.149,1,40
150.75.13.237,1,40
163.33.76.33,1,40
203.77.117.240,1,40
150.75.153.203,1,40
150.75.140.105,1,40
150.75.205.28,1,40
150.75.64.2,1,40
150.75.124.196,1,40
163.33.139.132,1,1355
163.33.105.128,1,40
133.149.225.69,1,40
163.33.19.179,1,40
150.75.9.160,1,40
133.149.48.199,1,40
163.33.16.90,1,40
203.77.43.127,1,40
203.77.62.95,1,40
202.198.2.62,1,40
163.33.182.213,1,40
163.33.237.222,1,40
150.75.5.214,1,40
163.33.141.100,1,40
150.75.166.55,1,40
202.204.59.188,1,52
163.33.170.93,1,40
163.33.224.186,1,44
133.149.36.129,1,40
203.77.31.69,2,80
202.198.61.38,1,40
150.75.218.0,1,40
203.77.113.238,1,44
163.33.209.30,1,40
133.149.19.91,1,40
133.11.71.246,1,60
203.77.62.195,1,40
133.11.125.100,1,40
133.149.35.89,1,40
150.75.40.192,1,44
150.75.97.59,1,40
163.33.186.184,1,40
202.198.16.197,1,44
150.75.211.170,1,40
133.149.92.28,1,92
163.33.222.134,1,40
163.33.156.11,1,40
133.149.68.251,1,40
150.75.110.160,1,40
133.149.224.161,1,40
133.149.143.235,1,121
203.77.110.92,1,40
133.149.224.223,1,44
202.198.40.62,1,40
133.149.106.71,1,40
163.33.194.65,1,40
150.75.215.223,1,40
163.33.169.151,1,40
163.33.74.216,1,40
133.11.88.254,1,40
203.77.117.35,1,44
202.198.32.246,1,40
202.198.60.53,1,44
202.198.15.64,1,40
163.33.199.143,1,40
163.33.203.2,1,64
150.75.241.32,1,40
163.33.9.131,1,40
202.198.55.143,1,40
133.11.120.215,1,40
163.33.58.38,1,40
163.33.196.121,1,44
163.33.168.92,1,103
163.33.25.229,1,40
133.149.233.172,1,40
133.149.194.23,1,40
202.198.54.96,1,40
133.149.90.127,1,40
150.75.153.50,1,40
133.149.153.212,1,40
150.75.178.6,1,40
203.77.64.111,1,40
203.77.49.187,1,52
203.77.9.211,1,40
202.204.57.148,1,40
150.75.242.208,1,40
150.75.235.87,1,40
203.77.66.131,1,40
163.33.84.27,1,40
133.149.244.207,1,40
133.149.111.224,1,40
150.75.234.100,2,616
133.149.255.71,2,272
133.11.101.104,1,44
133.149.103.220,1,44
202.198.35.173,1,40
133.11.127.211,1,40
203.77.95.206,1,40
202.198.24.79,1,40
133.11.112.184,1,40
163.33.153.55,1,44
150.75.46.60,1,44
150.75.48.176,1,40
202.198.27.163,1,40
133.11.107.183,1,60
163.33.199.42,1,40
163.33.233.131,1,40
203.77.3.54,1,40
133.149.112.163,2,96
133.149.205.70,1,40
133.11.114.76,1,40
133.149.25.235,1,44
203.77.29.248,1,40
203.77.124.197,1,40
203.77.37.91,1,40
202.198.23.180,1,40
133.149.155.214,1,40
202.198.15.212,1,40
150.75.22.232,1,44
133.149.195.85,1,40
133.11.84.116,1,40
133.149.2.122,1,576
203.77.19.166,1,40
203.77.8.119,1,40
163.33.219.135,1,40
203.77.24.101,1,40
133.149.164.138,1,40
150.75.37.54,1,40
163.33.225.75,1,40
150.75.95.184,1,40
203.77.8.131,1,40
133.149.215.153,1,40
203.77.22.80,1,40
163.33.112.183,1,40
133.149.204.222,1,40
150.75.201.142,1,40
133.11.71.116,1,40
163.33.4.87,1,40
150.75.59.79,1,40
203.77.113.253,1,40
202.198.12.165,1,71
203.77.107.179,1,40
133.11.113.56,1,40
163.33.71.91,1,40
133.149.119.211,1,40
163.33.7.63,1,40
150.75.171.114,1,40
203.77.44.84,1,40
133.11.75.49,1,40
203.77.10.99,1,40
202.198.25.67,1,40
150.75.107.159,2,104
163.33.97.157,1,40
163.33.212.237,1,40
133.149.12.159,1,40
163.33.251.124,1,40
203.77.85.69,1,40
202.198.17.120,1,44
133.149.194.111,1,40
133.149.84.91,1,40
150.75.37.179,1,52
150.75.192.93,1,44
163.33.94.203,3,156
163.33.231.186,1,40
150.75.118.194,1,40
203.77.120.223,1,40
163.33.56.185,1,121
133.149.129.110,1,40
163.33.24.46,1,44
163.33.173.76,1,40
150.75.56.171,1,40
163.33.65.75,1,56
202.198.2.139,1,40
150.75.85.99,1,40
203.77.103.115,1,40
150.75.253.246,1,40
163.33.114.83,1,40
163.33.51.100,1,40
133.11.85.91,1,40
163.33.161.79,1,40
163.33.173.181,1,40
133.149.140.36,1,40
133.149.172.55,1,40
203.77.66.168,1,40
150.75.147.116,1,44
133.149.0.112,1,40
133.149.27.161,1,40
150.75.117.195,1,40
203.77.118.41,1,40
133.149.236.157,1,40
163.33.219.107,1,40
203.77.18.189,1,40
163.33.224.221,1,40
203.77.116.80,1,40
163.33.69.4,1,40
203.77.109.129,1,40
163.33.226.142,1,48
163.33.151.78,1,40
133.149.155.203,1,576
163.33.6.23,1,40
133.149.241.126,1,40
133.149.87.251,1,44
202.198.32.179,1,40
203.77.52.92,1,40
163.33.140.215,1,76
133.149.79.172,1,40
150.75.250.82,1,40
163.33.246.190,1,40
133.11.80.174,1,48
203.77.113.78,1,40
133.149.99.125,1,40
150.75.209.167,1,40
202.198.52.233,1,40
203.77.120.193,1,60
163.33.79.211,1,40
133.149.106.20,1,40
133.149.230.110,1,60
150.75.50.246,1,40
203.77.67.158,1,40
133.149.233.33,1,40
133.149.245.181,1,44
150.75.244.129,1,40
203.77.43.174,1,40
163.33.140.90,1,40
150.75.201.63,1,40
163.33.208.187,1,40
133.149.152.204,1,40
163.33.174.59,1,40
203.77.24.87,1,40
203.77.21.161,1,44
150.75.19.62,1,40
163.33.58.212,1,40
133.149.240.229,1,40
133.149.186.74,1,44
150.75.23.87,1,44
163.33.136.9,1,163
133.149.79.136,1,40
203.77.60.38,1,40
203.77.30.181,1,40
150.75.211.204,1,40
163.33.173.151,1,40
133.149.90.20,1,40
133.149.73.251,1,40
163.33.136.50,1,40
163.33.87.255,1,40
163.33.214.128,1,40
150.75.219.21,1,40
150.75.219.193,1,40
202.198.24.110,1,40
150.75.220.4,1,40
203.77.9.190,1,40
203.77.110.26,1,40
163.33.189.108,1,40
163.33.137.59,1,163
150.75.170.253,1,40
133.11.113.73,1,40
150.75.117.136,1,40
203.77.109.165,1,126
133.149.214.75,1,40
133.149.247.69,1,40
163.33.67.249,1,40
150.75.71.96,1,40
133.149.64.58,1,40
150.75.96.242,1,40
133.149.251.118,1,40
163.33.239.251,1,44
163.33.245.101,1,40
163.33.19.155,1,40
163.33.1.169,1,40
163.33.126.81,1,40
163.33.199.130,1,44
133.11.72.255,1,40
133.149.149.29,1,40
150.75.49.227,1,40
203.77.123.165,1,40
202.198.55.81,1,40
163.33.162.128,1,40
150.75.72.47,1,40
150.75.201.72,1,40
203.77.53.107,1,40
150.75.231.245,1,40
133.149.151.226,1,40
133.149.80.146,1,44
133.149.177.12,1,92
203.77.27.241,1,40
203.77.70.207,1,40
163.33.233.106,1,103
203.77.27.222,1,40
150.75.52.29,1,40
133.149.46.192,1,40
203.77.58.170,1,40
150.75.95.163,1,40
150.75.165.234,1,44
163.33.77.23,1,40
202.198.57.51,1,40
133.149.220.6,1,40
133.11.65.162,1,40
150.75.242.113,1,40
202.15.129.242,1,44
203.77.27.195,1,40
163.33.88.152,1,40
202.198.7.106,1,40
163.33.24.213,1,40
203.77.23.32,1,40
203.77.121.139,1,40
133.11.123.210,1,40
150.75.103.125,1,40
150.75.244.196,1,40
150.75.231.168,1,48
163.33.247.140,1,60
163.33.198.77,1,40
163.33.106.243,1,40
203.77.20.92,1,40
163.33.172.72,1,40
163.33.216.8,1,40
203.77.30.97,1,40
202.198.16.32,1,40
133.149.53.144,1,40
163.33.168.212,1,40
150.75.70.40,1,40
150.75.72.12,1,40
150.75.207.202,1,40
150.75.146.236,1,52
150.75.153.178,1,40
202.198.6.152,1,40
133.149.205.133,1,40
202.198.41.53,1,40
203.77.24.118,1,40
203.77.123.1,1,40
163.33.246.145,1,121
203.77.2.56,1,40
163.33.107.221,1,44
133.149.5.90,1,40
163.33.95.101,7,2281
163.33.224.58,1,44
133.149.233.60,1,40
150.75.129.25,1,576
150.75.148.126,1,44
203.77.52.225,1,40
202.198.10.239,1,40
203.77.15.124,1,40
150.75.230.126,1,40
133.149.92.170,1,44
150.75.23.178,1,40
150.75.54.105,1,40
133.149.16.25,1,40
163.33.27.9,1,40
150.75.152.57,1,40
150.75.121.230,1,40
150.75.245.77,1,40
203.77.9.106,1,40
163.33.85.99,1,40
133.149.94.91,1,40
133.149.42.99,1,40
202.198.14.179,1,40
150.75.220.254,1,40
203.77.117.5,1,40
163.33.193.60,1,40
163.33.149.211,1,44
203.77.9.33,1,40
202.198.36.191,1,40
133.149.228.201,2,96
133.11.75.6,1,40
133.149.73.107,1,40
150.75.201.245,1,44
150.75.139.87,1,40
150.75.186.115,1,40
203.77.0.75,1,40
150.75.34.61,1,40
202.198.55.195,1,40
150.75.172.162,1,40
133.11.65.7,1,40
133.149.113.8,1,40
133.149.241.43,1,40
150.75.2.128,1,40
133.149.219.147,1,40
133.11.88.82,1,40
203.77.123.222,1,40
150.75.136.242,1,40
150.75.151.171,1,40
133.149.204.241,1,40
133.149.241.42,1,40
150.75.249.42,1,40
203.77.76.155,1,40
133.149.216.203,1,40
133.11.107.230,1,44
150.75.249.102,1,40
150.75.78.66,1,40
133.149.126.235,1,40
163.33.60.69,1,40
150.75.33.249,1,40
133.149.72.217,1,40
133.149.191.220,1,40
203.77.121.170,1,40
150.75.252.93,1,40
150.75.214.56,1,40
133.149.74.241,1,40
150.75.76.108,1,40
133.149.160.129,1,40
150.75.154.153,1,40
202.25.109.204,1,40
133.149.100.18,1,40
150.75.1.3,1,40
133.11.92.166,1,48
203.77.28.99,1,40
163.33.29.188,1,40
150.75.13.59,1,40
150.75.182.97,1,40
163.33.105.111,1,44
150.75.0.119,1,40
150.75.222.133,1,44
150.75.79.142,1,40
163.33.100.12,1,40
133.149.75.88,1,40
202.198.26.67,1,40
203.77.92.180,1,40
163.33.187.189,1,40
150.75.164.208,1,40
163.33.225.238,1,40
133.149.235.184,1,40
150.75.20.136,1,40
163.33.1.211,1,44
133.149.136.23,1,40
163.33.223.151,1,40
203.77.39.34,1,40
163.33.142.226,1,44
150.75.200.230,1,40
150.75.97.171,1,40
202.198.58.189,1,40
150.75.51.4,1,40
133.149.105.29,1,44
133.11.94.46,1,40
133.149.179.94,1,40
133.11.78.53,1,40
163.33.143.61,2,92
150.75.205.33,1,40
150.75.185.206,1,44
163.33.161.61,1,40
133.11.87.20,1,40
203.77.18.98,1,40
163.33.241.236,1,40
133.149.255.201,1,40
150.75.102.62,1,40
202.198.53.89,1,40
150.75.139.198,1,44
203.77.68.197,1,40
150.75.244.120,1,40
150.75.166.69,1,52
133.149.37.135,1,40
163.33.24.158,1,64
163.33.247.234,1,44
133.149.72.135,1,40
150.75.240.131,1,40
163.33.32.223,1,40
163.33.168.45,1,40
163.33.93.203,1,52
163.33.36.99,1,40
203.77.13.78,1,40
150.75.30.83,1,40
150.75.149.146,1,40
133.11.69.154,1,40
202.198.16.65,1,40
150.75.47.206,1,40
133.11.93.213,1,40
150.75.71.87,1,40
150.75.114.151,1,52
202.198.25.32,1,40
203.77.88.21,1,437
203.77.88.63,1,437
163.33.79.199,1,44
203.77.45.242,1,40
203.77.88.26,1,437
163.33.224.126,1,40
203.77.88.48,1,437
163.33.110.19,1,40
203.77.46.107,1,40
203.77.13.196,1,40
133.11.110.14,1,40
133.11.95.153,1,40
203.77.122.33,1,40
163.33.22.112,1,40
163.33.61.28,1,40
203.77.16.31,1,40
163.33.226.151,1,40
203.77.88.40,1,437
150.75.226.246,1,40
163.33.178.2,1,52
203.77.88.53,1,437
150.75.201.201,1,40
150.75.241.232,1,40
203.77.6.35,1,40
163.33.168.103,1,40
133.11.78.255,1,40
202.198.2.100,1,40
150.75.240.90,1,40
150.75.140.4,1,40
133.149.253.210,1,60
163.33.29.196,1,40
163.33.66.39,1,40
133.149.132.15,1,40
203.77.101.171,2,120
203.77.88.20,1,435
163.33.154.59,1,40
133.149.196.106,1,40
203.77.88.17,1,437
203.77.88.55,1,438
163.33.228.67,1,40
163.33.239.217,1,190
203.77.101.183,1,40
163.33.72.9,1,40
203.77.88.23,1,437
203.77.88.67,1,436
203.77.88.34,1,437
163.33.218.193,1,40
203.77.88.38,1,437
163.33.69.169,1,40
163.33.2.9,1,60
163.33.1.31,1,40
203.77.88.16,1,435
203.77.32.246,1,40
203.77.7.136,1,40
203.77.88.31,2,477
203.77.88.58,1,435
133.149.75.95,1,40
133.149.191.218,1,40
203.77.88.84,1,434
203.77.88.39,1,435
150.75.114.42,1,40
150.75.201.192,1,40
203.77.88.73,1,435
202.198.3.37,1,40
163.33.143.186,2,120
150.75.31.112,1,40
133.149.166.53,1,40
133.149.73.191,1,40
203.77.88.54,1,438
203.77.120.94,1,60
203.77.88.126,1,438
203.77.88.61,1,435
163.33.7.191,1,40
203.77.87.87,1,40
150.75.150.18,1,40
203.77.88.71,1,437
203.77.88.18,1,438
163.33.249.135,1,40
203.77.88.70,1,438
163.33.106.88,1,40
203.77.58.14,1,40
203.77.88.66,1,437
203.77.88.79,1,438
163.33.131.230,1,40
203.77.88.78,1,435
163.33.151.54,1,44
203.77.88.123,1,436
203.77.88.125,1,438
203.77.88.13,1,438
203.77.88.22,1,434
202.198.10.6,1,40
163.33.131.240,1,40
203.77.88.116,1,438
203.77.88.42,1,435
133.11.96.209,1,40
202.198.59.102,1,40
150.75.206.225,1,40
163.33.93.146,1,52
203.77.126.253,1,44
203.77.88.50,1,438
163.33.100.168,1,40
163.33.108.253,1,40
203.77.88.94,1,437
203.77.88.111,1,436
150.75.168.216,1,40
203.77.88.107,1,438
150.75.14.58,1,44
203.77.88.85,1,434
203.77.88.90,1,435
203.77.34.129,1,40
163.33.61.109,1,40
203.77.88.56,1,437
203.77.88.124,1,437
203.77.88.19,1,437
203.77.88.45,1,437
163.33.206.11,1,40
203.77.88.24,1,437
203.77.88.44,1,438
133.149.118.147,2,136
150.75.148.152,1,44
202.15.129.246,1,40
163.33.247.98,1,44
203.77.78.153,1,40
163.33.182.73,1,40
203.77.88.112,1,438
163.33.168.171,1,40
203.77.88.52,1,436
133.11.104.207,1,40
203.77.88.51,1,436
203.77.88.65,1,437
203.77.88.36,1,433
203.77.88.121,1,436
163.33.47.239,1,40
203.77.118.118,1,40
203.77.88.86,1,437
202.25.109.76,1,40
203.77.88.105,1,438
163.33.97.31,1,40
150.75.19.234,1,40
203.77.88.101,1,438
203.77.88.104,1,438
202.198.61.3,1,40
150.75.60.22,1,40
163.33.183.96,1,40
150.75.39.2,1,40
150.75.251.229,1,40
202.198.29.210,1,40
203.77.88.100,1,438
150.75.158.7,1,52
203.77.121.6,1,44
203.77.28.3,1,40
163.33.234.214,1,40
203.77.88.49,1,437
203.77.88.68,1,437
203.77.88.14,1,437
163.33.224.156,1,40
203.77.88.99,1,438
203.77.88.35,1,435
163.33.19.173,1,160
163.33.251.181,1,40
150.75.240.53,1,40
203.77.88.32,1,434
203.77.124.79,1,40
133.11.74.205,1,40
150.75.138.75,1,40
203.77.88.25,1,435
163.33.234.42,1,40
203.77.126.74,1,84
150.75.70.198,1,40
150.75.79.134,1,40
203.77.88.117,1,437
163.33.60.190,1,40
203.77.88.27,1,437
133.149.44.104,1,40
203.77.88.98,1,430
203.77.88.74,1,437
133.149.23.248,1,40
203.77.88.57,1,437
203.77.88.95,1,436
203.77.46.106,1,44
203.77.88.12,1,436
163.33.237.6,1,40
203.77.88.92,1,437
202.198.28.215,1,40
203.77.88.93,1,434
203.77.48.11,1,40
203.77.88.15,1,437
133.149.73.31,1,40
203.77.50.22,1,40
163.33.54.153,1,40
203.77.88.80,1,437
133.149.25.101,1,44
150.75.201.77,1,40
203.77.88.122,1,437
150.75.29.50,1,52
203.77.88.103,1,439
163.33.205.235,1,40
203.77.88.118,1,438
150.75.130.78,1,40
133.149.238.219,1,40
203.77.88.115,1,437
203.77.88.30,1,436
203.77.88.28,1,436
203.77.88.114,1,436
203.77.88.109,1,437
202.198.47.209,1,40
163.33.206.255,1,40
203.77.88.37,1,436
150.75.23.2,1,40
163.33.75.166,1,52
203.77.88.60,1,437
203.77.36.226,1,40
150.75.175.217,1,40
203.77.88.59,1,436
202.198.35.66,1,40
133.149.40.199,1,40
203.77.88.106,1,438
150.75.82.138,1,40
203.77.88.127,1,437
163.33.65.28,1,60
202.198.2.6,1,40
133.149.109.64,1,40
202.198.59.34,1,40
163.33.4.108,1,40
203.77.88.47,1,437
163.33.236.194,1,44
163.33.95.119,1,40
163.33.188.184,1,40
163.33.10.45,1,40
133.11.90.213,1,40
203.77.43.118,1,40
150.75.60.21,1,40
203.77.88.33,1,436
203.77.88.75,1,433
203.77.101.177,1,40
203.77.88.76,1,437
163.33.160.224,1,40
203.77.27.18,1,40
203.77.88.41,1,437
163.33.43.65,1,40
203.77.88.82,1,437
133.149.241.47,1,44
203.77.88.97,1,439
203.77.22.225,1,40
203.77.88.64,1,437
163.33.213.20,1,40
150.75.205.117,1,40
133.149.125.119,1,40
203.77.88.72,1,437
150.75.164.158,1,44
203.77.88.87,1,438
163.33.50.235,1,40
163.33.97.64,1,52
203.77.88.91,1,437
133.11.65.33,1,40
163.33.206.64,1,40
203.77.88.77,1,437
203.77.88.81,1,436
203.77.88.110,1,436
150.75.251.169,1,40
163.33.95.86,1,40
203.77.88.69,1,435
203.77.67.73,1,40
203.77.64.169,1,40
150.75.178.147,1,40
133.11.99.142,1,48
203.77.88.88,1,436
203.77.88.96,1,438
203.77.88.108,1,436
163.33.243.127,1,40
203.77.88.120,1,434
163.33.244.231,1,40
150.75.163.220,1,40
163.33.95.40,1,52
133.11.83.228,1,40
203.77.88.89,1,435
150.75.201.48,1,40
203.77.88.119,1,437
133.149.113.209,1,40
203.77.62.163,1,40
133.149.59.94,1,40
203.77.88.113,1,438
163.33.71.101,1,40
163.33.225.161,1,40
150.75.137.131,1,40
150.75.192.78,1,40
133.149.113.143,1,40
202.198.48.154,1,40
203.77.109.184,1,40
133.149.51.14,1,40
133.149.227.148,1,40
203.77.88.102,1,438
150.75.96.13,1,40
163.33.29.112,1,40
203.77.5.12,1,40
150.75.178.7,1,40
203.77.74.223,1,44
202.198.15.230,1,44
150.75.233.42,1,40
133.11.114.169,1,40
163.33.199.181,1,52
203.77.19.61,1,40
150.75.19.150,1,44
163.33.74.64,1,44
150.75.231.252,1,40
150.75.77.46,1,40
150.75.58.211,1,44
203.77.92.246,1,40
133.149.212.182,1,40
150.75.252.242,1,40
150.75.231.46,1,40
163.33.160.43,1,44
163.33.167.105,1,60
133.149.38.87,1,40
133.11.110.71,1,40
203.77.74.11,1,40
150.75.251.11,1,40
163.33.113.50,1,40
133.149.167.61,1,40
203.77.72.218,1,40
133.149.153.2,1,40
133.149.200.39,1,40
163.33.20.182,1,40
163.33.14.203,1,125
150.75.36.222,1,40
133.149.36.254,1,44
203.77.17.61,1,40
150.75.138.155,1,40
133.11.89.19,1,40
163.33.80.27,1,40
150.75.112.24,1,576
203.77.126.252,1,40
163.33.176.182,1,52
133.11.91.125,1,40
133.149.100.192,1,40
150.75.220.1,1,40
133.149.163.23,1,40
163.33.142.212,1,40
202.25.109.101,1,40
133.149.223.56,1,40
163.33.54.187,1,40
150.75.75.212,1,48
163.33.154.136,1,40
150.75.128.145,1,40
133.149.1.60,1,40
133.11.110.227,1,52
133.149.2.192,1,40
202.198.62.238,1,40
150.75.21.39,1,44
203.77.107.174,1,114
150.75.13.248,1,40
163.33.133.231,1,40
150.75.112.80,1,40
150.75.26.22,1,40
150.75.128.11,1,40
150.75.27.162,1,40
150.75.45.26,1,40
203.77.2.173,1,40
133.149.43.220,1,40
203.77.95.156,1,40
203.77.60.164,1,40
133.149.113.72,1,44
150.75.58.98,1,40
133.149.22.184,1,52
150.75.180.135,1,40
203.77.85.120,1,40
150.75.57.67,1,40
163.33.154.46,1,40
202.204.63.136,1,44
163.33.83.131,1,40
163.33.137.173,1,40
133.149.28.43,1,44
203.77.92.191,1,44
150.75.142.131,1,40
133.149.210.183,1,40
133.149.233.138,1,40
150.75.134.135,1,40
133.149.186.222,1,44
202.198.22.217,1,40
133.11.122.107,1,40
150.75.212.59,1,40
150.75.156.34,1,40
203.77.28.21,1,40
