,sip_ct,sip_pkt_size_ct
24.164.182.255,1,32
114.166.250.71,3412,109184
60.67.218.158,104,4172
213.203.13.184,2346,3495656
151.150.185.131,1817,2589668
195.68.231.219,1,32
222.72.163.45,1,32
93.158.199.94,2,116
198.37.175.121,746,1063192
59.56.29.188,1009,48432
119.48.252.118,1437,2026170
108.73.130.76,12,2304
88.81.188.180,1,32
61.200.236.2,1,32
18.182.99.194,25,3314
177.214.64.56,1,60
185.62.237.173,2246,232212
87.59.82.222,193,7720
126.26.254.114,384,188400
142.161.167.8,272,10880
185.72.27.101,40,1600
81.109.202.49,141,5640
124.120.33.209,93,34361
117.117.90.189,19,13252
59.22.52.236,1,32
202.201.83.22,30,30291
166.129.55.232,1,32
79.129.252.45,1,32
31.163.134.72,1,40
81.109.202.48,150,6000
193.254.5.86,26,1040
35.54.81.92,5,839
79.198.158.204,1,32
173.222.10.133,1,32
185.102.251.177,108,4320
112.42.104.100,1,58
208.103.183.83,1,56
172.249.28.78,28,3658
43.217.140.34,53,10341
131.56.97.213,1,32
117.235.231.92,1,32
47.121.83.192,4,336
77.107.152.121,1,32
204.194.145.251,1191,463403
192.95.27.190,99,5940
63.157.187.141,1,32
66.171.252.185,1,32
201.92.71.234,1,32
98.93.89.70,1,32
47.84.84.12,1,32
64.22.164.115,31,8828
81.209.62.45,1,40
47.82.213.202,4,160
102.129.185.152,1,32
82.216.42.190,1,32
194.96.126.164,169,6760
164.48.28.93,1,44
107.164.183.178,227,9080
61.65.220.104,23,1012
202.67.182.179,1,44
79.80.26.31,1,32
45.70.71.29,1,52
93.122.94.196,1,32
157.134.33.150,1,76
189.123.192.129,1,32
70.179.103.170,1,32
178.195.127.108,2,80
157.134.45.142,7,1104
54.94.201.121,66,2640
108.73.145.12,7,572
66.249.182.70,7,1110
185.48.172.193,62,2480
198.209.88.2,62,2480
213.215.243.122,42,60129
77.241.122.240,19,760
172.249.162.141,4,1401
124.5.127.80,1,60
86.236.208.201,5,420
27.243.178.103,1,52
52.20.70.104,1,40
101.230.58.222,1,32
220.202.165.104,22,880
92.8.58.140,20,800
87.51.41.139,1,44
40.75.89.172,57,3420
81.109.202.46,174,6960
80.226.61.27,1,32
31.113.147.64,61,5579
196.180.49.31,5,220
185.72.27.142,49,1960
196.241.91.75,1,32
38.245.188.75,188,6768
88.11.63.86,3,120
186.221.187.245,5,564
220.0.217.94,1,32
134.214.55.84,14,560
172.89.139.62,1,32
104.15.180.226,176,106126
206.195.27.1,193,27537
139.145.236.239,1,32
112.233.187.113,1,32
216.154.168.223,1,32
45.126.10.171,16,640
177.254.80.17,3,120
52.255.67.178,1,52
52.30.174.173,22,2101
160.120.141.37,2,100
104.75.138.189,174,247019
185.236.164.71,1,32
74.204.144.40,1,32
116.242.206.170,1,40
184.174.252.194,1,32
185.72.27.66,191,7640
211.88.237.98,1,32
194.226.22.214,1,32
109.233.10.90,1,32
65.179.166.126,1,32
113.212.100.222,1,32
181.167.171.247,1,32
192.49.201.102,4,160
23.69.136.232,30,27285
121.200.47.117,1,32
182.243.177.141,11,6920
42.238.110.37,1,40
218.128.12.192,98,13303
23.86.221.83,1,32
103.127.110.53,1,32
84.212.37.20,1,32
185.49.252.234,22,880
116.199.228.189,20,800
81.91.180.125,1,32
17.192.251.182,1,52
101.209.212.173,1,126
106.75.193.123,1,60
183.65.239.228,1,32
201.127.148.67,1,32
51.173.229.255,64,3840
142.161.168.60,4,160
163.177.14.247,24,1248
2.73.223.153,1,32
139.68.202.55,6,240
71.31.89.168,1,32
81.109.202.26,214,8560
111.245.143.94,9,685
185.72.27.70,57,2280
46.231.172.30,47,1880
172.249.25.166,15,14244
204.243.38.166,1,32
211.236.126.178,2,80
64.22.164.114,10,623
14.129.57.177,1,60
81.109.202.11,45,1800
85.50.229.52,1,32
185.72.27.49,12,480
185.184.82.194,8,320
180.188.189.2,4,160
95.231.161.195,1,32
93.95.146.48,2,100
114.55.21.128,1,52
196.180.49.66,6,264
125.230.159.4,1,52
223.41.19.26,1,32
221.245.0.254,1,32
92.67.254.131,19,760
71.230.250.51,1,40
46.231.172.29,50,2000
175.115.16.159,1,32
182.116.62.202,1,52
192.227.96.250,6,751
222.165.69.18,38,1824
153.223.93.113,1,48
81.63.235.203,1,32
164.165.175.99,2,88
103.204.93.55,19,5467
222.217.6.220,1,132
199.227.120.227,1,532
59.150.52.130,1,60
197.44.240.109,1,32
185.72.26.45,8,320
103.24.15.160,233,349500
192.49.194.34,4,160
179.230.208.81,1,32
185.0.65.10,30,1200
43.218.235.181,1,32
52.102.43.73,1,32
166.158.143.89,1,32
23.209.249.17,1,32
160.225.178.22,3,592
193.216.222.159,41,1640
14.233.252.252,24,960
82.73.155.20,1,40
24.39.94.37,1,32
2.79.165.177,1,52
27.219.48.82,1,40
155.153.42.189,2,552
27.43.84.126,1,32
118.170.205.226,1,40
46.231.172.31,50,2000
27.66.66.227,1,76
174.238.110.97,1,32
182.5.116.207,1,32
133.172.248.56,172,125229
185.72.27.89,15,600
13.205.87.172,1,32
202.173.71.57,1,32
24.131.159.44,1,32
177.197.27.98,1,32
82.222.210.176,8,320
185.72.27.97,17,680
186.30.163.206,2,80
77.9.48.177,1,32
216.202.230.134,13,520
42.61.1.45,1,32
203.0.176.213,1,52
173.122.222.73,1,32
71.230.251.251,6,240
193.165.174.184,1,32
184.120.193.220,1,32
190.202.82.122,1,32
2.164.8.121,1,32
114.244.118.233,1,44
36.210.48.254,1,32
175.205.5.19,3,120
13.161.234.163,10,11758
103.118.61.70,7,392
219.211.131.83,51,3012
52.4.147.52,1,93
172.249.30.185,13,15727
192.33.47.55,9,562
113.50.179.186,1,76
18.230.76.219,1,32
219.240.249.185,1,32
75.122.225.122,1,32
31.113.147.98,126,143754
109.207.182.61,1,60
220.190.235.156,1,48
106.20.95.24,1,52
104.24.5.200,1,32
202.1.175.252,62,3720
81.109.202.16,50,2000
185.72.26.0,10,400
185.70.230.33,1,32
202.89.53.110,1,32
159.52.174.206,26,1040
187.99.216.204,1,32
87.60.148.133,72,3744
175.173.19.13,1,32
128.78.171.178,71,9704
67.181.126.187,1,82
83.108.115.99,1,60
117.38.198.69,6,240
62.80.82.221,30,1200
52.15.239.237,25,3016
151.240.185.95,1,44
221.13.218.204,1,48
24.90.206.115,1,32
203.66.59.94,6,1128
185.72.27.94,20,800
185.72.27.121,26,1040
81.202.110.207,1,32
182.8.97.229,1,32
72.236.79.109,1,52
172.249.28.73,59,10526
52.67.237.6,1,32
216.68.133.187,3,171
38.186.226.171,2,172
1.221.160.151,1,40
45.56.94.238,5,200
37.186.174.136,4,160
204.104.63.232,25,30990
35.68.170.74,30,8446
37.97.141.105,1,32
79.124.121.145,446,664866
80.246.67.43,1,32
71.171.235.115,1,32
116.243.140.164,1,48
106.193.7.21,1,32
161.197.7.92,15,2160
185.72.26.18,16,640
180.127.77.169,1,32
222.211.48.11,1,48
202.65.245.113,2,653
87.87.27.155,1,32
185.131.139.120,1,32
72.176.174.244,1,32
173.221.209.202,429,617364
162.1.252.121,17,9792
196.192.114.25,1,32
65.171.172.68,1,32
123.108.102.204,3,120
198.15.169.6,7,308
123.110.235.26,1,40
185.72.27.133,19,760
177.107.52.132,1,32
196.180.49.57,5,1956
113.4.53.69,1,40
5.93.222.102,1,40
49.199.139.39,1,52
120.180.155.148,27,1188
74.193.187.98,4,208
179.100.18.213,1,32
152.91.210.255,1,32
58.72.122.143,1,40
124.120.33.212,18,4889
79.24.89.187,1,32
89.214.30.199,1,40
122.232.19.92,68,3119
113.155.174.72,1,76
159.252.229.176,3,688
120.180.155.151,25,1100
186.160.182.188,1,132
62.121.103.151,1,32
189.203.25.8,1,32
64.65.144.145,3,120
148.52.96.17,1,32
31.113.147.71,490,668898
143.215.104.54,1,60
192.142.208.175,1,40
64.22.165.109,27,1392
151.203.42.138,1,44
213.70.135.248,1,40
128.26.245.29,1,44
93.56.180.207,1,32
23.58.107.138,1,32
162.8.33.57,18,7271
104.104.37.42,1,32
67.241.223.110,1,32
211.182.17.138,1,40
193.216.222.153,54,2160
201.213.201.67,1,40
217.196.230.196,1,40
80.227.166.171,1,44
212.171.226.113,1,60
199.212.245.10,7,3722
196.180.49.14,1,45
223.12.69.20,1,32
67.13.102.86,1,32
157.42.66.218,1,40
66.156.171.144,1,32
71.230.250.239,1,40
188.18.228.238,1,32
125.253.217.167,1,32
122.111.195.5,1,60
213.190.89.150,1,60
93.227.211.137,1,32
17.71.252.67,8,1735
206.57.241.177,49,11538
157.176.139.71,1,32
46.42.110.143,7,280
196.180.49.72,8,352
91.245.235.113,1,32
31.106.20.215,1,32
222.218.57.245,1,52
24.242.227.48,1,32
47.105.209.185,1,32
126.214.70.178,1,32
113.63.114.162,1,52
47.141.181.174,1,40
139.253.188.67,60,2880
52.93.63.96,1,32
162.194.50.126,24,2920
37.17.222.250,1,40
17.192.162.206,3,209
190.44.118.64,1,44
107.178.202.248,1,552
176.124.213.83,1,32
142.161.219.221,47,1880
197.146.67.219,1,32
117.27.43.63,69,10720
68.74.23.184,6,240
182.119.218.9,1,32
81.109.202.4,40,1600
80.212.114.216,9,528
50.12.222.210,1,32
219.104.249.168,1,60
123.113.239.192,1,32
24.106.195.245,1,32
46.83.235.94,1,32
109.171.33.230,1,32
128.46.225.248,1,32
66.247.94.110,2,88
90.27.102.123,1,32
151.150.78.17,1,52
123.182.25.115,1,76
83.190.195.214,2,80
172.249.30.145,30,6600
182.139.61.212,1,32
74.193.127.107,1573,2274077
221.14.37.45,1,76
213.43.30.140,1,32
178.30.150.63,1,32
212.8.229.93,1,32
171.224.10.9,1,32
141.120.47.5,1,60
212.81.36.2,1,32
79.1.117.96,1,32
77.45.3.117,1,56
218.7.67.214,1,56
221.10.6.61,1,32
194.69.65.25,1,48
88.11.63.79,3,120
58.63.161.113,3,132
93.252.243.246,1,32
36.164.21.20,22,968
80.42.142.162,1,32
182.165.173.110,1,132
95.219.131.87,1,32
197.254.252.26,15,600
217.234.46.157,1,32
186.241.137.68,1,32
204.111.164.39,46,58158
180.128.88.60,1,48
172.119.52.97,17,3034
192.63.105.76,1,32
71.230.250.46,1,40
194.150.76.124,1,32
176.59.162.203,3,120
188.210.24.245,1,32
188.180.76.38,1,32
180.139.101.111,1,32
110.149.253.69,2,120
61.131.18.26,7,280
159.153.172.26,7,280
218.199.132.101,1,60
14.186.65.9,1,52
40.121.159.52,28,4263
112.163.13.182,1,40
46.231.172.26,49,1960
139.173.152.137,1,40
27.178.116.42,1,32
166.248.137.252,1,32
196.38.171.213,1,32
2.238.74.9,1,32
126.12.252.243,13,1051
119.9.37.178,1,32
205.58.74.174,3,629
221.131.86.70,1,40
185.72.27.78,9,360
195.14.23.171,5,420
174.212.3.166,1,32
112.239.141.183,1,76
213.7.51.161,1,56
185.95.159.217,15,600
126.217.78.225,18,2210
218.52.88.30,1,40
109.202.150.143,1,40
186.104.33.16,1,32
50.3.43.146,1,32
92.241.107.44,1,32
122.2.190.73,1,32
78.13.102.131,1,32
172.249.30.10,9,3674
217.217.229.192,1,32
185.72.27.145,56,2240
119.225.244.248,1,60
190.57.219.135,1,60
188.155.38.208,1,32
164.48.28.86,1,59
34.237.43.40,1,32
221.19.237.82,1,32
196.180.49.59,10,440
79.60.26.14,1,32
181.50.226.209,1,32
100.251.189.139,1,84
211.75.102.59,1,32
50.55.42.126,1,32
187.25.179.235,1,32
123.49.124.190,1,60
192.219.107.24,1,731
88.112.218.70,1,32
202.123.20.248,1,32
122.224.252.216,1,48
200.177.234.79,1,40
105.35.235.194,1,32
156.54.43.161,1,40
89.199.72.64,6,264
58.45.196.66,1,32
12.15.94.122,1,32
185.126.164.187,12,528
149.114.87.200,1,32
17.199.30.48,2,1126
59.52.189.195,1,40
31.74.133.206,1,32
2.52.208.19,1,32
151.150.180.57,1,32
61.26.16.16,1,40
182.199.87.104,1,32
78.101.69.245,1,32
87.224.254.237,1,40
90.113.144.27,1,40
76.198.220.119,1,32
141.255.107.91,1,32
27.118.148.54,1,32
156.36.230.90,1,40
110.91.100.28,1,60
79.122.219.10,1,32
84.54.140.192,1,32
180.37.113.90,1,32
83.13.25.57,1,32
14.157.47.62,1,52
14.69.126.8,2,96
96.72.34.145,1,32
189.252.60.140,1,32
79.58.67.170,1,32
172.249.162.132,5,1959
122.41.213.41,1,32
64.22.165.173,5,537
219.103.5.187,1,52
216.68.133.156,2,104
49.64.148.54,1,32
178.223.109.244,1,40
186.128.150.120,1,40
177.92.107.16,1,32
49.49.93.78,1,52
151.168.158.214,1,32
84.202.152.190,1,32
186.4.236.25,1,32
198.53.37.41,10,451
109.189.180.163,1,32
212.6.148.81,1,32
124.132.71.83,1,32
40.133.8.44,1,32
172.249.31.73,31,25858
12.214.43.191,1,32
17.203.227.36,3,209
17.199.26.171,6,4481
175.221.139.251,1,32
117.199.20.124,1,32
71.230.250.251,1,40
126.237.86.67,4,458
172.249.25.190,37,38890
64.64.215.202,1,32
173.126.178.61,1,32
217.208.20.51,1,32
82.118.88.252,1,32
185.72.26.13,14,560
124.41.101.89,10,920
67.177.63.63,1,32
92.67.254.101,14,560
121.104.68.145,1,76
195.208.244.92,24,960
113.126.69.45,1,52
67.210.4.126,1,32
76.38.68.54,1,32
8.215.193.123,1,32
47.126.155.254,1,32
125.215.4.130,1,32
171.206.22.52,1,60
23.94.228.246,1,52
179.217.124.140,1,32
103.57.167.45,1,40
196.180.49.11,5,220
222.186.21.52,16,1936
71.230.250.151,2,80
185.72.27.1,17,680
110.58.96.129,2,80
118.160.160.120,1,32
111.246.205.246,1,52
216.68.133.157,1,52
185.72.26.63,15,600
83.143.31.222,1,32
82.54.174.197,15,600
80.212.114.72,16,693
124.73.174.164,1,32
196.45.36.221,1,32
222.138.17.111,1,40
151.231.22.87,2,88
171.157.84.243,1,32
177.177.199.78,1,40
71.230.146.117,5,220
52.15.101.120,1,76
202.190.15.194,3,268
52.227.122.75,9,2007
115.196.74.252,1,40
12.59.204.169,1,60
162.12.5.31,3,120
123.7.201.166,1,48
93.161.191.243,1,60
91.217.213.245,1,32
133.209.214.1,89,8975
102.86.26.59,1,32
45.18.146.66,1,32
112.136.254.197,1,32
185.72.27.61,33,1320
108.73.145.146,18,2331
41.170.3.177,1,52
178.239.57.0,1,32
185.72.27.106,78,3120
218.201.180.37,1,32
94.15.235.39,6,408
185.72.27.113,25,1000
212.65.206.241,1,40
190.119.193.88,2,80
111.251.75.228,1,32
67.162.250.186,1,32
111.223.129.156,1,40
69.188.210.228,1,32
88.233.28.38,1,76
182.99.23.150,13,520
45.126.28.94,1,40
69.124.44.167,1,32
40.136.197.108,1,32
114.169.86.111,1,48
196.180.49.58,7,308
90.18.235.120,1,32
73.227.156.171,1,32
83.12.31.160,5,420
77.117.46.192,1,32
185.72.27.26,234,9360
52.104.58.182,1,32
187.55.210.138,1,32
166.165.189.84,1,32
155.153.42.188,1,40
171.211.154.246,1,60
104.98.52.59,1,32
104.145.1.89,1,32
222.168.150.76,2,80
151.150.187.250,2,104
207.173.245.204,1,32
37.189.46.87,1,32
80.104.25.12,1,32
41.38.217.18,1,40
172.249.162.201,1,52
119.53.59.57,1,162
202.88.180.252,1,32
61.149.60.117,1,60
104.71.254.44,1,32
27.236.15.149,1,32
62.117.4.117,1,96
121.146.146.198,2,80
68.74.170.64,3,120
74.226.0.33,1,32
136.102.184.144,1,32
17.90.231.200,1,40
186.60.3.111,1,32
190.29.124.179,1,60
151.106.127.201,36,1710
188.63.30.70,1,32
2.102.230.100,1,32
125.28.176.61,1,32
74.193.127.13,2,98
18.188.162.135,11,924
47.13.192.160,1,32
43.205.250.35,79,4132
51.225.34.44,2,80
182.46.142.214,1,32
195.252.20.254,1,32
185.12.25.165,8,320
210.179.154.10,1,32
178.6.248.184,1,44
172.249.28.100,74,66499
178.137.159.207,1,32
93.9.58.5,1,32
89.234.41.176,1,40
216.249.199.246,1,32
191.248.77.248,1,44
122.33.183.46,1,32
178.185.104.75,14,616
190.194.240.247,1,32
196.199.85.195,1,32
68.220.62.48,1,32
208.157.198.102,1,44
71.230.250.58,2,80
76.225.52.214,1,32
69.103.43.153,1,32
52.80.243.84,1,52
196.180.49.12,7,308
88.158.235.40,1,32
213.236.36.224,1,32
206.216.86.146,2,166
150.141.107.244,1,32
202.35.212.172,1,32
188.175.96.131,3,120
172.103.184.236,1,40
51.81.166.201,5,300
85.63.76.181,1,32
109.202.132.75,1,40
79.169.112.80,1,40
5.74.41.38,1,32
78.168.14.250,1,52
60.67.203.225,2,80
66.31.244.74,5,595
125.172.225.116,1,60
93.182.78.228,1,40
73.173.138.30,1,32
41.172.187.49,1,40
178.0.107.7,1,32
94.153.225.16,1,32
118.76.218.111,1,32
177.206.21.206,1,32
50.131.203.166,1,32
128.78.155.185,1,32
189.223.31.23,1,32
58.207.239.228,1,32
124.34.97.16,1,60
177.205.189.49,1,60
31.113.147.67,10,3916
187.150.121.60,1,32
120.107.186.170,2,386
92.189.112.27,1,32
202.6.134.202,1,52
112.251.16.164,1,32
93.217.53.173,1,32
113.6.209.124,1,52
104.248.1.195,9,360
41.241.181.17,1,32
72.237.57.239,1,32
93.15.235.218,1,40
173.125.165.1,1,32
1.147.180.6,2,813
47.194.143.38,1,32
77.241.122.251,4,160
3.200.16.117,1,76
194.83.234.31,1,60
71.230.250.221,1,40
61.207.145.223,1,51
150.30.236.98,1,32
88.11.63.81,2,80
216.186.138.91,1,32
115.126.223.32,1,52
151.204.202.175,1,44
210.241.232.63,1,32
46.15.145.172,1,56
103.100.88.134,1,40
185.212.33.120,1,40
103.24.15.161,151,226500
218.7.68.6,1,56
140.229.253.15,1,76
113.18.75.163,1,60
67.171.96.249,1,32
195.252.49.170,1,44
38.186.226.188,442,653666
223.116.81.70,1,52
123.194.57.231,1,40
79.218.116.102,1,56
161.246.184.201,3,1735
23.94.229.5,228,342000
151.150.76.80,3,570
52.238.3.15,1,32
41.18.209.220,1,60
197.215.235.191,1,32
2.182.137.80,1,40
141.103.100.254,1,32
129.240.11.229,1,40
73.204.108.58,1,32
201.24.172.40,1,32
12.36.191.67,1,32
162.194.80.123,3481,4811759
177.35.100.148,1,44
80.161.220.92,1,32
196.180.49.1,6,264
82.139.157.137,1,32
76.236.38.124,1,32
46.108.35.109,1,32
61.82.186.54,7,280
187.135.207.211,1,60
121.102.103.216,1,52
74.193.190.124,6,1580
13.205.53.161,1,76
184.181.239.85,1,32
96.54.67.226,1,32
205.58.74.98,1,304
78.4.235.60,1,32
90.125.97.224,1,32
206.179.68.14,1,60
98.62.180.46,1,32
172.249.162.142,21,2378
185.127.93.61,1,40
40.136.109.245,1,60
119.0.207.93,1,32
52.252.184.66,1,76
46.197.202.42,1,32
84.85.30.113,1,32
47.244.11.189,1,84
110.150.208.5,1,32
206.190.30.175,3,120
82.167.190.102,1,32
185.252.120.253,31,1860
166.131.111.84,1,32
208.108.73.183,1,186
172.249.28.110,25,7697
185.12.25.184,9,540
200.119.38.113,1,32
87.247.158.105,1,32
111.168.39.20,4,996
101.41.157.156,1,32
190.29.106.93,1,60
151.27.21.215,1,32
212.142.223.68,1,32
36.25.194.164,1,60
46.91.85.158,1,40
60.121.100.138,1,32
46.57.136.86,2,96
47.244.37.186,4,336
31.160.193.70,3,252
5.235.73.65,1,32
185.49.252.227,11,440
77.14.150.85,1,40
196.180.49.79,4,176
93.150.218.230,1,32
180.123.103.45,1,32
103.49.52.69,1,60
73.123.239.173,1,32
94.115.181.186,1,32
167.82.18.131,1,56
104.88.26.188,1,32
149.55.10.242,1,40
95.91.57.72,6,618
61.207.145.220,1,51
24.141.180.220,1,32
37.17.220.4,1,40
89.222.74.238,1,32
182.182.214.239,1,40
73.131.43.45,1,32
41.244.128.4,3,792
208.123.79.45,6,2770
183.121.120.74,13,796
24.241.255.104,1,32
105.99.140.106,1,32
134.214.83.31,3,120
92.110.107.27,1,32
98.245.163.69,1,52
23.68.52.10,1,32
94.252.153.29,1,32
5.233.131.254,1,52
119.133.198.2,1,48
94.1.65.150,1,60
82.23.50.147,1,32
94.72.229.88,1,44
203.104.30.145,1,52
69.222.127.12,1,60
24.223.98.77,1,32
47.244.13.187,4,336
5.238.181.23,1,52
69.17.162.60,1,32
39.55.183.6,1,32
5.188.104.138,6,528
54.227.105.30,1,76
192.207.134.161,1,716
101.28.50.72,21,2305
212.231.6.33,1,40
182.135.102.97,1,52
197.227.71.125,1,32
206.190.202.178,6,240
223.118.129.214,1,48
69.146.187.2,1,32
81.109.202.69,31,1240
92.220.178.180,1,32
140.144.208.21,1,32
177.21.76.177,1,60
88.193.192.102,1,32
157.42.72.157,1,40
93.226.30.223,1,32
75.220.64.241,1,32
190.217.160.183,1,32
51.219.186.133,16,672
5.42.102.66,1,32
185.72.26.39,9,360
155.253.11.252,1,32
17.192.163.40,1,52
95.103.32.41,1,32
165.116.243.161,4,160
125.111.19.158,1,32
61.151.139.107,1,32
91.171.174.25,1,32
177.21.76.251,1,32
1.174.229.116,1,32
157.42.35.77,3,120
83.206.168.49,1,40
23.100.130.150,412,544535
89.228.100.68,1,32
131.114.1.136,1,32
173.213.129.129,1,32
134.214.180.169,6,240
185.226.147.19,1,32
119.71.230.23,1,40
196.180.49.21,7,210
37.23.90.75,1,40
165.229.131.38,6,240
27.44.112.75,1,32
134.214.180.168,5,200
77.43.217.177,1,32
194.122.155.249,1,32
70.61.68.185,1,58
171.149.19.239,1,76
80.111.152.31,5,382
159.153.177.173,2,80
117.244.24.198,1,40
58.249.190.59,16,8729
113.59.115.181,1,48
171.225.68.208,1,52
177.180.240.218,1,52
72.158.235.2,1,32
120.223.123.68,19,1990
37.17.223.41,1,40
23.31.17.184,1,32
199.67.160.6,1,60
172.249.162.31,10,2026
189.140.33.157,1,32
185.182.100.198,31,1240
87.65.62.235,1,56
111.252.207.135,1,32
191.79.214.92,1,32
67.207.112.119,1,32
52.72.53.39,1,32
45.197.3.188,3,120
175.220.235.30,1,48
74.193.187.140,1,91
42.228.208.180,1,40
157.114.80.169,1,76
82.131.107.86,1,32
98.53.70.149,1,32
145.249.68.105,2,80
119.162.164.253,1,32
52.27.77.233,4,336
188.88.209.42,1,32
59.55.31.54,1,52
139.67.217.8,1,32
195.5.118.206,2,120
82.43.25.219,1,32
112.190.93.121,1,60
108.87.21.97,1,32
119.133.193.40,1,48
41.37.200.100,1,32
71.215.39.22,5,420
1.30.229.52,1,32
182.126.68.94,2,104
112.234.8.76,1,32
62.68.219.104,1,44
196.180.49.7,7,308
98.38.146.80,1,32
183.100.43.59,1,32
81.240.193.18,1,32
139.173.135.205,3,120
85.194.223.187,1,32
89.149.253.237,1,40
85.199.20.127,1,32
13.204.83.158,1,76
67.143.207.52,1,56
120.180.155.149,28,1232
39.14.181.140,1,48
68.147.78.187,1,32
94.0.102.145,1,32
185.48.173.62,65,2600
61.125.66.130,1,32
99.182.164.40,1,32
68.151.186.69,1,32
17.147.94.136,18,6603
82.47.87.156,1,32
24.135.157.123,1,32
93.103.235.52,1,32
37.245.184.101,2,80
103.3.3.110,1,32
196.141.9.163,1,32
49.203.185.163,1,32
67.208.224.94,1,32
190.30.201.121,7,791
206.188.172.1,19,6634
221.1.146.67,1,32
5.141.14.99,1,40
188.139.74.201,2,80
101.58.154.179,1,52
149.148.160.186,3,120
188.252.97.221,1,32
14.115.213.47,1,32
46.135.135.162,1,32
95.45.58.139,1,32
192.242.172.202,1,40
172.249.28.105,6,1711
103.116.68.19,1,40
223.86.138.36,1,52
23.200.192.135,1,32
14.18.130.209,1,60
167.139.227.180,1,60
64.22.164.186,65,3380
119.159.247.190,1,32
83.126.64.166,1,40
121.144.248.207,1,40
72.3.236.39,1,32
76.87.205.70,1,32
181.207.104.48,1,32
86.31.138.156,1,60
114.160.137.157,1,40
194.102.79.238,1,32
117.238.229.48,1,32
114.166.150.89,1,44
185.72.27.53,26,1040
191.79.40.227,1,32
138.208.44.201,1,40
5.64.104.141,4,160
1.14.98.88,1,32
210.111.133.94,3,120
170.122.162.90,1,32
124.8.47.78,1,48
128.221.220.252,1,40
31.208.229.251,1,40
182.100.239.32,1,52
173.221.71.31,3,180
87.224.44.99,1,32
5.64.104.147,2,80
50.222.41.161,1,32
113.58.229.84,1,52
88.135.157.76,1,32
84.184.245.210,1,32
122.240.236.245,1,32
151.18.125.4,1,32
118.170.53.216,1,32
58.209.248.4,1,32
58.239.219.177,1,60
212.174.116.89,1,32
192.126.171.249,1,32
61.123.33.94,1,32
95.59.187.105,1,32
87.84.100.235,1,32
172.249.162.206,10,6205
206.190.206.28,1,40
93.125.101.117,1,32
107.144.171.176,1,32
49.199.74.185,1,58
98.112.236.4,1,32
173.171.18.46,1,32
122.61.230.46,1,44
104.25.84.106,1,32
91.162.52.16,1,32
68.74.17.226,2,80
5.64.104.138,2,80
65.62.22.214,1,32
188.197.55.238,1,32
181.56.235.240,1,32
47.101.251.227,2,112
192.156.143.212,1,56
81.109.202.169,2,80
165.229.136.81,9,360
190.124.167.68,1,56
51.60.87.32,4,190
116.47.230.90,1,32
91.146.34.160,1,32
52.70.251.238,1,32
90.113.156.239,1,40
73.91.203.10,1,32
167.224.198.56,1,32
65.56.147.115,1,32
117.248.180.81,1,32
80.130.107.83,1,32
93.19.153.73,1,60
103.83.170.0,1,52
192.108.224.167,20,1532
213.34.129.92,5,420
157.134.33.160,1,76
99.45.34.224,1,32
202.207.175.5,15,1286
76.65.42.113,1,32
113.29.117.204,1,32
85.242.216.11,1,32
59.41.41.210,1,56
222.170.86.144,4,496
99.191.170.66,1,32
159.52.166.94,10,400
68.43.55.199,1,60
125.213.249.115,1,32
23.72.221.163,1,32
12.251.240.98,1,32
222.79.161.165,1,52
115.116.192.6,1,32
132.209.179.92,1,32
65.65.138.31,1,32
36.168.182.159,2,80
89.235.44.207,1,40
193.123.206.175,1,32
107.162.178.224,1,32
36.166.148.184,1,32
52.255.165.198,1,76
103.43.171.203,1,32
74.105.82.69,1,32
58.217.86.89,1,32
34.199.158.55,19,4944
92.84.82.193,1,32
221.165.168.239,1,32
23.229.43.58,1,32
81.99.171.165,1,32
1.76.229.94,1,48
137.165.9.149,3,208
189.150.5.30,1,32
160.95.60.211,1,84
79.210.122.248,1,32
84.153.107.199,1,32
198.218.28.201,1,56
92.193.25.164,1,40
133.200.138.251,11,2372
74.193.23.98,20,1004
188.17.65.62,1,32
179.75.38.17,1,32
14.121.136.179,1,32
1.41.7.186,1,32
113.68.110.177,1,32
13.4.142.54,16,3254
106.95.178.137,1,58
126.120.0.39,23,25496
46.230.222.235,1,32
208.101.6.191,1,32
73.225.127.128,1,32
206.204.85.107,1,60
45.126.89.116,1,32
91.121.45.238,1,32
14.93.175.54,1,60
58.46.176.221,1,32
178.162.1.117,1,40
62.207.78.133,6,432
84.251.198.23,1,32
116.104.20.122,1,52
87.81.94.47,1,32
27.201.60.182,1,40
178.56.91.109,1,32
188.172.193.138,47,67022
138.221.254.166,4,160
206.216.17.107,1,32
172.102.228.13,1,40
72.29.7.1,1,32
191.110.104.77,1,40
27.196.67.165,9,827
198.37.175.118,1,52
149.55.11.141,1,40
173.233.156.50,4,384
188.11.232.115,1,40
54.34.102.57,1,32
86.170.9.102,1,60
85.149.8.96,5,420
185.72.26.31,10,400
132.147.14.111,1,32
114.219.111.88,1,32
84.33.1.100,1,56
45.217.192.70,1,44
103.237.227.232,1,52
178.245.140.137,22,880
79.31.122.85,1,44
154.181.27.96,1,32
182.193.18.224,7,1056
189.49.204.246,1,60
54.134.253.196,1,129
36.235.217.53,1,32
108.58.254.219,1,32
218.89.255.168,1,40
46.228.101.37,7,308
71.230.146.69,3,132
212.163.83.241,1,60
38.132.116.34,1,60
207.72.128.51,3,375
185.197.201.13,1,32
223.61.251.5,1,32
5.62.19.120,1,32
121.241.135.68,1,76
74.143.1.56,1,32
54.247.37.163,1,32
209.43.241.68,2,120
88.138.148.162,1,32
68.236.240.201,1,32
97.54.8.197,1,32
52.94.231.69,1,32
176.13.185.184,1,32
172.249.30.60,13,1396
185.72.26.20,4,160
69.195.19.225,1,32
178.223.104.210,2,80
211.62.11.126,1,32
106.199.167.207,1,32
142.139.186.69,1,32
221.7.80.157,1,76
98.126.41.209,1,32
190.126.128.165,1,40
112.9.236.72,1,132
180.145.96.238,3,120
182.177.18.124,1,40
113.198.173.91,1,48
78.68.117.86,1,40
174.157.89.244,1,32
169.60.91.250,1,32
77.109.161.101,1,32
221.144.146.92,1,32
185.134.134.145,1,32
122.57.82.219,1,44
219.97.178.76,1,32
23.94.228.179,29,43365
92.26.173.99,1,32
201.170.115.218,1,32
71.230.250.132,1,40
196.180.49.189,9,396
159.137.136.71,2,80
109.43.223.133,1,32
80.11.88.34,1,32
114.1.236.200,1,64
68.210.12.87,1,32
72.186.189.125,1,32
75.131.229.165,1,32
79.248.157.101,1,32
197.50.189.240,1,32
66.235.226.249,1,157
185.72.26.105,18,720
73.217.57.93,1,32
36.23.94.71,2,258
91.128.209.22,1,32
219.113.122.24,7,1178
180.74.83.19,1,40
109.129.61.90,1,32
124.53.135.5,1,176
88.196.140.218,1,32
73.98.0.84,1,32
37.73.66.195,1,32
80.163.153.158,1,32
78.101.221.6,1,32
104.248.236.24,3,173
82.77.4.127,1,32
118.49.166.135,1,32
60.209.180.174,1,32
118.210.201.94,203,11250
71.141.98.225,1,32
79.170.24.220,1,52
60.81.47.104,1,40
81.159.20.189,1,32
117.27.40.159,13,2776
222.70.23.51,1,52
24.231.45.65,2,80
185.72.26.109,9,360
123.119.97.56,1,52
78.38.216.57,1,32
89.108.136.190,1,32
142.161.238.230,9,360
74.62.131.42,1,32
45.175.20.225,1,32
177.20.18.26,1,32
95.115.74.35,1,40
64.22.165.172,5,293
17.199.26.237,105,100833
190.38.42.168,1,40
80.123.210.151,1,32
165.253.114.27,1,40
71.230.146.118,8,349
212.48.113.255,1,40
186.154.18.188,1,32
79.103.223.71,1,32
179.95.93.67,1,40
81.109.202.10,34,1360
82.56.11.245,5,200
185.72.27.6,15,600
193.216.222.161,13,520
76.197.248.83,1,32
61.188.140.14,1,32
82.33.106.190,4,210
121.0.191.26,1,32
172.249.25.142,79,69904
208.110.219.91,1,40
17.192.162.207,10,4146
18.182.242.115,1,84
62.134.223.33,1,32
93.174.174.9,1,32
108.27.185.59,1,32
185.72.26.36,12,480
124.239.185.49,1,48
5.64.104.145,1,40
77.74.2.244,1,40
103.196.202.93,1,32
194.196.119.193,1,40
54.35.199.41,1,76
27.222.213.242,1,60
115.37.242.194,1,60
80.244.193.147,1,32
122.7.161.180,1,32
69.100.48.188,1,60
78.7.253.122,1,44
13.207.147.84,1,76
31.82.66.241,1,32
73.215.84.200,1,32
125.240.211.89,1,52
134.214.40.97,8,320
185.0.65.16,27,1080
37.41.151.14,1,40
139.173.157.40,2,80
86.230.135.68,1,84
125.174.141.165,2,80
52.248.90.111,1,84
34.234.144.68,1,32
123.195.26.117,1,32
79.217.144.54,1,32
186.113.43.87,1,32
103.36.133.192,2,104
66.235.226.248,1,174
173.119.75.236,1,32
92.202.55.165,1,40
24.46.43.198,1,32
96.35.183.216,1,56
41.37.92.132,1,40
159.137.143.195,5,200
59.64.212.136,1,48
218.30.62.8,1,32
180.85.168.93,1,32
119.206.57.157,1,48
39.36.68.74,1,44
219.109.189.165,1,52
175.226.174.219,1,32
219.116.140.5,5,205
174.126.33.99,1,32
200.126.135.46,1,44
200.65.18.178,1,56
189.173.229.171,1,40
188.99.33.199,1,32
39.5.190.78,1,32
52.254.228.142,1,32
196.180.49.69,10,580
88.120.230.44,1,32
74.165.130.81,1,32
33.181.67.169,7,1437
223.159.26.213,1,32
186.199.38.33,1,32
64.170.17.242,1,32
43.105.27.213,3,540
77.96.107.133,1,32
162.1.253.41,19,10944
185.72.26.104,37,1480
206.204.85.234,1,32
175.248.73.165,1,32
85.97.192.58,1,32
31.69.75.80,1,32
191.180.8.46,1,40
91.189.168.48,1,32
123.107.207.154,1,60
125.126.94.189,1,32
85.110.111.108,7,6174
124.11.238.81,1,32
106.203.123.107,1,32
117.37.213.214,1,60
80.136.93.183,1,32
156.61.244.107,1,40
105.139.169.205,1,32
103.39.209.229,1,44
68.169.180.210,1,32
74.247.237.87,1,32
178.103.29.87,2,80
96.213.18.122,1,32
114.42.109.66,1,40
49.7.128.97,1,32
125.72.147.168,1,32
118.85.22.94,1,40
112.186.147.79,1,32
211.180.225.140,1,32
58.53.158.163,2,100
27.233.251.4,1,32
180.151.225.93,6,264
178.222.105.249,1,40
154.142.158.217,1,40
202.151.19.180,2,80
187.54.127.3,1,32
88.11.63.72,1,40
121.2.27.145,1,60
70.81.246.114,1,32
63.131.121.219,1,40
185.129.63.7,1,32
31.202.47.153,2,80
79.97.75.112,1,32
205.58.72.114,1,291
88.246.163.139,1,32
67.203.95.62,1,32
154.23.36.49,1,32
201.109.175.164,3,179
188.11.179.253,1,40
201.222.3.138,1,60
121.165.42.217,1,32
195.135.205.66,1,32
111.217.205.31,1,76
174.148.235.22,1,32
178.213.20.192,2,96
59.49.226.169,1,58
86.63.177.93,1,40
184.152.33.27,1,32
198.111.28.220,1,32
119.65.165.238,1,52
88.191.195.88,1,40
89.116.107.98,1,32
216.141.146.85,1,32
182.223.207.24,1,40
85.74.191.214,1,32
221.7.244.212,1,32
222.233.32.195,1,32
49.95.4.200,1,32
46.176.144.2,1,32
108.47.18.188,1,32
52.14.163.95,1,32
85.105.15.196,1,40
142.83.43.234,1,32
182.243.227.237,37,14822
88.84.195.160,1,32
218.254.193.153,1,52
41.88.235.139,1,32
162.168.238.28,1,32
89.234.110.43,1,32
82.33.106.191,3,132
58.239.34.132,1,60
138.4.81.97,3,120
213.26.33.169,1,32
37.17.203.52,1,40
17.193.185.200,18,16071
168.253.71.10,1,56
154.247.19.226,1,32
94.68.3.178,1,32
113.4.18.57,1,32
185.72.27.41,39,1560
124.160.160.51,1,76
90.118.223.42,1,32
87.180.201.239,2,100
85.226.104.227,1,44
89.121.101.123,1,32
166.154.52.29,1,32
112.201.100.202,1,32
169.62.254.8,1,32
181.25.181.150,1,32
125.169.253.177,1,48
39.7.237.92,1,40
200.139.71.237,1,32
180.122.211.52,2,88
69.133.225.232,10,520
83.109.89.234,1,32
13.182.119.132,1,40
114.0.84.121,1,32
188.126.96.39,2,88
222.152.3.25,1,44
209.201.97.7,1,32
181.63.255.53,1,32
74.193.187.99,8,909
87.55.57.189,1,32
89.123.108.247,1,52
198.203.186.247,1,60
189.125.198.164,1,32
157.211.50.99,1,52
123.194.104.12,1,40
85.73.82.38,1,56
54.215.145.45,16,15250
89.131.233.95,1,56
40.128.216.247,1,60
67.8.94.212,1,32
223.138.8.11,1,60
222.89.226.202,1,56
91.147.148.185,1,32
80.97.212.44,1,32
186.242.212.126,1,32
188.54.147.245,1,32
47.101.47.249,4,336
42.53.4.199,1,32
200.65.29.249,1,60
50.159.242.126,5,280
119.83.220.112,1,32
71.62.237.234,1,32
191.153.102.2,1,32
1.199.79.249,1,52
115.58.178.152,1,44
77.241.122.67,6,240
122.121.4.69,2,100
60.17.116.115,1,32
85.73.81.112,1,56
31.147.134.18,1,40
75.70.8.138,1,32
196.180.49.9,9,396
40.134.121.54,1,40
112.247.86.205,1,48
52.19.186.125,1,32
187.79.11.179,1,32
89.131.234.27,1,56
156.60.90.10,1,32
200.37.133.150,1,32
83.89.169.18,1,32
46.190.210.93,1,44
90.85.239.238,1,56
192.212.72.21,30,1200
179.93.5.57,1,40
179.63.107.160,1,32
196.180.49.5,5,220
146.216.65.183,1,40
170.207.118.11,1,32
123.204.63.112,7,439
92.69.66.108,1,56
92.69.71.28,1,56
183.155.42.150,1,32
82.99.30.92,1,32
5.189.59.80,5,625
180.35.37.85,1,32
90.115.24.8,1,32
93.54.181.221,1,32
92.69.71.178,1,56
92.69.71.173,1,56
90.85.235.101,1,56
171.188.134.252,1,32
14.71.180.63,1,60
195.14.148.121,1,32
89.131.232.195,1,56
70.78.142.57,1,32
70.117.101.15,1,32
211.145.201.211,1,40
90.85.239.178,1,56
45.251.167.228,1,32
85.73.84.235,1,56
91.198.252.122,5,200
89.131.239.127,1,56
140.229.215.129,1,76
115.7.44.126,1,32
187.111.212.173,1,32
85.73.83.9,1,56
90.85.233.247,1,56
104.154.1.205,1,32
1.137.85.182,1,76
189.120.166.131,1,44
92.69.69.2,1,56
89.179.141.19,4,283
177.252.171.54,1,32
89.115.207.116,1,32
216.177.171.142,1,32
89.131.239.73,1,56
47.184.240.69,1,32
104.15.58.123,1,52
89.131.234.162,1,56
90.85.234.50,1,56
36.22.53.26,1,52
17.147.81.27,19,3016
86.177.89.5,1,32
105.159.44.115,1,32
124.229.192.185,1,48
109.208.95.225,1,60
185.12.84.89,1,32
210.79.18.196,3,194
67.237.185.3,1,32
50.248.80.245,1,32
149.80.108.211,1,32
23.199.73.136,1,32
50.212.97.8,1,32
134.38.185.30,1,52
103.195.226.52,1,40
82.105.51.71,1,32
172.249.29.81,71,85610
93.151.84.130,1,32
134.214.180.160,6,240
191.114.179.129,1,32
111.164.169.71,1,92
107.214.180.26,1,32
1.139.92.48,1,32
60.111.157.168,1,40
38.186.226.140,8,654
163.74.6.24,1,32
41.86.157.129,1,32
45.125.82.119,4,160
52.87.34.190,1,32
92.13.120.164,1,32
82.178.120.105,1,32
80.207.255.1,1,32
122.162.26.120,1,48
89.131.234.158,1,56
170.219.107.96,1,32
2.254.131.90,1,32
189.90.9.126,1,32
73.31.36.211,1,32
114.45.127.92,1,32
61.127.106.87,1,60
88.199.221.57,1,32
90.134.9.206,1,32
121.176.19.190,1,40
83.72.121.51,1,32
91.191.116.40,1,32
79.100.71.118,1,40
76.37.0.129,1,32
113.185.241.24,1,60
109.126.119.206,1,32
92.69.65.252,1,56
182.7.134.116,1,32
17.147.81.13,5,413
175.132.156.206,1,32
85.22.191.107,1,40
185.174.75.127,1,44
89.91.185.159,1,32
125.171.63.90,1,48
95.249.128.142,1,40
159.231.49.76,1,60
109.101.158.34,2,64
104.28.2.92,1,32
141.60.112.54,1,32
62.228.3.34,1,32
223.51.7.144,1,52
115.155.209.34,1,32
84.224.160.51,1,56
61.88.160.8,2,104
106.94.231.19,1,51
90.85.232.27,1,56
82.80.247.198,1,32
95.52.117.177,1,32
61.119.212.41,1,32
85.73.85.175,1,56
187.172.117.78,1,32
154.248.47.241,1,96
174.173.16.67,1,32
73.166.226.144,1,32
205.70.95.137,1,52
219.199.50.213,1,44
60.123.95.56,1,32
221.132.134.199,1,32
116.169.187.121,1,32
183.127.158.187,1,76
192.83.115.99,1,32
14.236.154.47,1,32
220.163.183.127,1,40
177.166.162.110,1,32
191.206.224.212,1,60
218.197.37.5,1,32
71.21.52.150,1,32
106.197.121.242,1,32
173.102.26.162,1,32
89.199.67.26,6,1030
213.115.204.226,1,32
84.128.194.120,1,32
73.40.107.216,1,32
113.210.189.135,1,32
101.231.84.174,1,32
88.105.48.195,1,32
216.68.133.188,14,5353
41.242.14.199,1,32
114.169.197.137,1,44
110.50.244.159,1,32
71.183.255.185,1,32
111.183.149.148,2,80
77.171.176.64,1,52
134.192.82.219,1,32
222.79.89.142,1,32
115.65.97.187,1,44
80.240.57.96,1,32
195.177.191.238,1,32
60.109.48.27,1,32
119.160.46.206,1,32
87.206.85.215,1,32
81.93.119.112,1,32
178.222.73.131,1,40
114.233.23.171,2,104
60.220.66.83,1,32
216.68.133.145,25,3042
78.98.81.78,1,32
164.128.57.98,1,32
23.232.218.35,1,32
222.118.186.100,1,40
128.33.43.135,1,32
114.45.39.93,7,364
35.89.237.238,1,32
185.50.117.243,1,44
222.243.122.5,1,48
108.93.110.254,1,32
178.45.161.47,1,32
69.215.148.172,1,32
173.221.210.98,381,520649
184.75.109.82,1,32
54.45.231.250,9,5170
100.224.70.166,1,32
211.182.252.134,1,60
179.187.155.187,1,32
112.58.49.119,1,32
46.169.248.179,1,60
106.44.161.30,1,76
190.131.140.64,1,40
54.236.35.109,1,32
27.2.66.38,13,520
106.94.231.21,1,51
72.225.84.95,1,32
91.73.250.92,1,32
178.67.163.31,1,60
126.182.160.62,1,32
49.81.121.27,1,32
77.148.80.106,1,40
221.13.2.111,1,32
60.29.212.71,1,60
88.55.85.178,3,132
188.119.248.169,1,44
218.196.29.199,1,132
94.43.159.210,1,48
190.170.220.221,1,32
177.136.222.222,1,32
202.85.83.21,4,160
176.25.175.168,1,32
219.14.48.199,1,32
185.252.129.195,1,32
99.248.147.183,1,32
139.173.183.79,3,120
112.227.39.225,1,48
73.172.148.138,1,32
191.109.10.209,1,32
117.42.4.151,1,52
185.48.172.155,14,560
54.249.240.201,1,76
210.58.241.10,1,32
88.116.209.128,1,32
125.33.164.89,1,44
190.84.163.109,1,32
171.195.79.26,1,32
12.27.119.55,1,32
221.126.199.86,1,32
191.161.252.4,1,32
202.130.137.172,1,32
67.248.109.237,1,32
188.11.134.53,1,40
222.214.222.170,1,52
1.49.97.41,1,32
47.244.7.131,4,336
185.234.133.12,1,32
13.161.234.149,2,104
13.161.234.150,1,52
111.166.110.42,1,32
159.52.182.48,3,120
103.108.158.231,4,1704
51.219.100.226,1,32
52.86.4.3,1,32
181.232.145.103,1,40
95.56.166.224,1,32
157.247.11.209,1,32
2.182.145.20,1,40
121.180.238.211,1,32
23.15.126.56,1,60
98.78.201.99,1,32
24.253.251.93,1,32
111.122.104.184,1,40
156.33.162.130,1,40
81.109.202.36,29,1160
156.33.244.200,1,40
35.25.109.167,6,3250
103.228.249.76,1,40
122.40.180.38,1,32
68.86.180.38,1,32
210.154.7.194,4,564
36.5.104.47,1,32
179.186.157.208,1,52
17.192.250.204,1,52
116.55.141.17,1,52
143.59.29.2,1,32
69.182.36.103,1,44
166.157.64.162,1,32
43.205.176.190,1,40
167.57.73.22,1,32
139.234.67.146,1,60
210.16.149.141,1,32
205.58.79.114,1,284
189.73.190.95,3,120
62.228.3.60,1,60
73.181.239.115,1,32
172.84.30.169,1,32
162.48.148.121,1,32
217.180.103.22,25,15312
82.192.203.205,1,32
178.176.231.13,1,32
91.66.101.180,1,230
71.220.162.65,1,32
104.5.130.110,9,4717
178.245.51.46,1,60
45.222.231.170,1,60
45.126.22.247,1,76
24.106.14.55,1,40
80.154.3.29,1,40
104.36.81.6,1,32
162.22.157.194,1,32
211.52.14.77,1,32
87.136.246.20,1,32
139.173.163.35,1,40
35.95.252.244,1,84
84.222.147.243,1,32
20.86.217.72,9,920
41.99.32.56,1,32
121.217.51.159,1,48
5.189.61.210,130,177432
114.165.70.33,1,40
142.161.196.17,12,480
61.26.0.89,6,240
196.71.213.230,1,32
172.249.30.14,35,16891
217.20.183.93,1,32
24.175.112.176,1,32
185.72.26.108,3,120
67.54.157.61,1,32
124.40.106.48,1,32
185.104.111.133,5,280
71.230.250.112,1,40
64.22.174.159,4,240
27.234.9.155,1,32
31.149.20.11,1,32
171.175.138.217,1,48
117.34.126.86,1,40
177.213.129.149,1,44
106.53.140.157,1,76
191.221.186.188,1,32
156.47.95.238,1,40
54.205.147.157,6,700
220.173.120.62,1,48
122.224.11.77,1,52
125.234.206.129,6,500
202.228.117.199,10,3470
172.36.82.197,1,60
130.70.239.65,1,32
185.111.212.160,1,32
223.37.108.162,1,44
85.175.79.224,1,32
63.213.196.105,1,32
172.249.29.71,1,52
160.178.164.16,1,32
199.212.247.99,6,3188
176.80.226.145,1,32
106.65.127.228,1,32
205.58.79.214,1,390
125.170.121.113,1,32
45.33.76.87,1,40
114.197.161.152,1,40
54.178.119.34,1,32
17.199.26.234,2,104
87.250.84.194,1,32
121.66.63.70,10,2206
2.18.10.21,1,32
115.119.250.82,1,32
112.218.176.244,1,32
99.244.101.225,1,32
159.1.35.101,1,60
117.45.221.190,1,32
1.10.95.80,1,32
89.135.182.139,1,32
1.85.205.160,1,32
138.208.138.8,1,40
212.71.10.174,1,32
74.227.99.110,1,40
111.168.215.40,1,32
134.214.126.130,1,32
191.91.34.57,1,32
5.123.8.96,1,32
189.247.84.7,1,32
84.247.60.211,4,336
82.0.52.46,1,32
60.76.238.156,1,32
67.59.239.120,1,32
23.62.146.55,1,32
200.155.180.173,1,48
176.206.14.133,1,32
62.240.245.22,1,32
183.215.14.96,1,32
106.96.13.83,2,80
113.223.11.100,1,32
182.108.220.29,1,32
39.59.139.177,1,32
197.49.58.140,1,40
119.251.73.17,1,60
5.64.104.150,2,80
84.178.156.72,1,40
121.97.112.241,1,48
189.93.4.187,1,44
104.178.22.82,1,40
1.250.114.23,1,32
119.234.162.92,1,32
175.54.150.34,8,344
118.254.43.180,2,96
35.90.3.154,3,501
211.236.126.188,2,80
71.230.250.120,2,80
39.42.106.27,1,52
74.231.6.18,1,32
189.181.14.141,3,236
113.24.183.79,1,60
80.138.116.107,1,40
66.172.154.90,1,32
60.58.201.219,1,32
85.110.105.132,2,154
116.167.130.246,1,32
111.93.92.112,1,44
49.215.236.228,1,32
117.78.108.45,1,44
91.9.150.252,6,7532
70.61.147.194,1,32
195.89.181.170,2,112
213.106.154.65,1,32
71.230.199.104,10,440
152.86.36.127,1,32
188.24.255.17,1,40
175.96.186.195,1,32
96.204.121.170,1,32
31.187.129.231,1,40
177.196.11.54,1,32
201.57.97.176,1,32
123.110.254.197,1,52
59.3.170.49,1,32
139.68.232.31,7,280
121.174.167.144,1,40
39.40.123.74,2,80
196.180.49.38,7,308
59.68.93.30,1,32
60.139.206.109,1,32
27.62.42.100,1,32
87.29.220.118,1,32
116.212.215.76,1,32
82.237.7.101,1,32
124.160.169.222,1,76
88.237.246.104,1,32
132.148.2.143,1,32
91.20.65.116,1,44
203.166.184.152,7,1176
172.249.30.49,5,1864
212.109.206.228,1,32
169.47.177.255,1,176
27.252.225.209,1,32
14.31.12.46,1,76
93.187.0.54,1,32
93.190.145.17,1,32
182.191.82.223,1,32
138.58.20.174,1,44
61.160.68.231,1,32
3.238.160.60,5,4055
83.174.70.207,1,32
205.58.76.137,1,279
182.115.97.211,1,132
90.42.211.151,1,32
75.89.84.22,1,32
190.148.212.202,1,32
220.44.249.111,1,32
189.79.18.164,1,32
24.139.14.199,1,32
103.9.244.149,1,52
109.207.195.117,1,60
201.55.175.235,1,32
60.134.86.57,1,76
125.253.67.249,1,48
84.34.19.87,1,32
180.91.241.81,1,32
88.113.43.10,1,32
60.144.46.168,1,32
122.9.14.205,1,76
172.249.29.66,27,4607
162.110.7.145,1,56
124.0.3.81,1,48
37.17.20.190,1,40
161.197.250.99,5,694
79.253.244.119,1,32
154.114.20.199,1,32
190.137.146.160,1,32
87.68.138.8,1,32
143.192.204.47,1,52
75.179.170.230,1,32
60.140.39.222,1,32
84.71.5.215,1,32
211.114.77.200,1,32
200.39.89.12,1,32
88.227.138.31,1,32
79.163.215.36,2,80
78.50.82.241,1,32
105.206.41.125,1,32
182.41.130.197,1,32
94.191.125.210,1,32
196.196.215.147,1,32
120.220.149.70,2,250
126.232.160.128,1,32
61.65.91.174,1,48
31.222.97.244,1,32
52.91.251.173,2,619
124.229.40.185,1,32
54.218.170.45,4,212
104.176.213.141,1,32
209.133.111.95,1,32
185.107.111.225,1,40
99.169.188.24,1,32
147.130.148.169,1,32
74.143.174.55,1,32
80.1.84.242,1,32
18.178.51.182,1,76
71.230.250.227,1,40
208.127.213.133,2,80
178.40.238.85,1,40
181.204.162.172,2,96
116.153.179.161,1,76
64.74.136.131,1,40
216.211.36.155,2,330
70.166.153.36,1,32
122.37.186.109,1,32
218.149.224.22,1,60
73.159.71.165,1,32
46.63.185.91,1,32
90.113.152.248,1,40
72.223.169.125,1,32
169.45.115.225,2,104
59.12.33.179,1,32
112.153.188.225,1,52
191.241.128.122,1,56
91.38.22.48,1,32
85.21.221.149,1,44
108.18.0.160,1,32
61.109.131.132,1,132
79.37.10.99,1,60
93.20.16.148,1,32
216.68.133.238,6,707
186.118.177.184,1,32
221.125.182.49,1,32
195.204.66.37,2,140
217.66.152.122,1,32
206.172.90.221,1,32
71.230.251.249,6,1320
50.7.46.254,1,32
200.79.88.99,1,40
177.117.121.182,1,40
66.182.197.77,1,32
139.173.159.118,1,40
165.229.141.192,2,80
74.193.112.201,603,820594
162.99.43.118,1,32
17.199.30.106,1,52
187.92.9.208,1,32
75.130.219.45,1,32
157.0.245.5,1,40
89.198.185.220,1,32
131.119.254.43,1,32
196.54.20.216,1,32
114.233.151.232,1,40
73.10.175.206,1,32
201.233.185.237,1,32
80.12.66.147,1,32
27.253.53.35,3,120
71.47.113.155,1,32
121.171.57.25,1,32
99.193.213.13,1,32
103.114.51.130,4,160
158.205.203.66,1,32
213.227.9.109,1,40
184.66.187.130,1,32
112.239.242.101,1,76
167.148.79.19,3,120
109.49.108.173,1,32
124.231.110.250,1,56
180.80.236.29,1,40
160.173.6.9,1,32
85.187.170.247,1,40
200.149.220.106,1,60
216.57.251.33,1,32
94.126.37.22,1,32
76.74.16.125,1,32
67.189.87.139,1,32
5.188.210.81,1,60
116.18.100.50,1,32
64.215.166.53,1,32
148.90.40.83,1,32
196.173.83.234,1,96
178.169.63.208,1,32
209.122.80.190,1,32
196.180.49.3,9,396
1.32.132.24,1,32
5.111.17.193,1,32
165.36.159.115,4,336
128.214.196.49,1,32
188.165.248.35,1,32
156.33.193.131,1,40
217.160.19.62,1,32
123.182.168.110,1,48
47.244.6.124,4,336
73.28.120.250,1,32
103.251.161.6,1,32
185.72.27.118,17,680
27.190.138.207,1,32
106.99.178.8,1,32
173.53.236.44,1,32
93.223.147.193,1,32
72.178.237.246,1,32
110.204.68.9,1,32
86.180.244.186,1,32
178.47.88.35,1,44
177.210.133.105,1,32
187.101.175.94,1,40
133.172.192.75,1,32
104.15.43.107,2,292
112.163.13.51,1,40
195.249.238.33,1,32
14.43.163.165,1,40
212.177.123.19,1,32
18.178.184.6,1,76
37.17.171.181,1,40
166.158.196.0,1,56
107.157.84.161,1,32
61.127.96.115,1,76
101.215.28.153,1,32
95.196.131.237,1,32
181.234.189.222,1,32
27.239.97.162,1,40
89.11.203.242,1,32
94.109.206.65,3,132
124.167.51.65,4,176
190.118.79.96,1,40
82.12.161.255,1,32
31.68.69.183,1,32
221.100.176.97,1,32
18.231.45.179,1,32
64.51.150.234,1,32
115.86.39.87,1,32
50.255.77.53,1,52
85.27.161.229,1,40
115.54.99.131,1,32
81.157.72.83,1,32
27.46.45.107,1,32
92.93.165.210,1,32
201.7.63.40,1,32
71.213.180.58,1,32
116.147.27.92,1,60
139.173.72.83,2,80
72.162.31.191,1,40
109.25.53.118,1,60
126.26.11.153,1,32
186.223.243.116,1,32
195.74.45.58,1,56
68.10.48.118,1,32
151.208.63.4,1,32
12.198.92.9,1,32
97.49.246.86,1,32
79.40.96.254,1,32
101.208.112.219,1,32
110.232.49.143,1,32
27.250.23.229,1,48
191.207.151.55,1,60
109.33.34.10,1,60
81.213.222.51,1,60
50.226.3.248,1,32
177.45.160.210,1,32
132.145.151.51,13,520
180.149.95.193,2,104
196.59.59.148,1,40
83.180.251.131,1,32
203.171.222.7,1,40
216.211.35.53,2,247
173.246.53.238,1,32
187.147.28.225,2,80
134.160.34.120,1,60
202.81.48.253,1,60
118.161.133.21,1,32
157.42.203.68,1,60
213.70.5.71,1,32
92.42.209.222,2,80
115.82.125.1,1,32
54.167.165.215,6,1872
162.216.174.255,1,32
92.58.14.245,1,32
23.90.36.187,1,32
89.13.178.30,1,32
96.92.106.140,1,32
60.70.89.173,1,48
84.198.203.45,1,32
178.52.239.84,1,32
186.156.163.46,1,40
216.52.194.33,1,40
139.173.176.239,3,120
143.196.208.148,1,44
92.194.239.115,1,40
191.235.176.216,1,32
90.113.155.172,1,40
156.34.226.190,1,40
175.52.196.74,1,32
218.24.217.219,1,32
70.47.129.199,1,32
179.133.160.247,1,32
188.181.237.174,1,32
115.210.116.1,1,32
177.160.91.22,1,32
88.172.110.211,1,32
125.238.25.169,1,48
94.213.80.243,1,32
101.52.203.62,1,76
17.203.227.57,2,210
64.183.253.155,1,32
188.27.83.84,1,32
120.220.15.120,1,60
139.173.186.130,3,120
72.221.91.255,1,32
136.103.2.68,1,32
182.243.227.99,151,185317
35.85.105.96,1,32
74.34.136.229,1,32
112.225.244.122,1,32
223.158.210.102,3,252
108.55.173.123,1,32
111.125.25.101,1,32
162.110.164.20,1,32
179.185.237.237,1,32
115.239.66.47,1,32
187.12.116.66,1,32
193.12.15.178,1,32
60.4.87.87,1,32
90.23.110.221,1,32
84.182.115.61,2,170
183.97.54.223,1,40
52.9.227.81,1,32
42.57.171.51,1,76
90.122.158.84,1,32
222.188.125.77,1,32
140.244.120.177,1,60
134.214.106.33,3,120
206.192.10.69,1,32
190.52.69.8,1,40
172.102.245.167,1,40
120.147.234.76,1,32
91.51.162.239,1,32
45.125.173.212,5,1431
115.55.155.242,2,80
79.168.120.0,1,40
114.166.205.90,1,32
205.58.22.165,1,52
165.116.243.41,7,280
141.119.17.216,1,32
54.166.182.64,1,32
46.101.141.250,1,32
182.0.110.241,1,32
110.68.53.65,1,32
122.56.249.39,1,44
176.216.177.126,1,32
113.46.7.231,1,60
113.51.74.108,1,48
113.209.241.12,1,32
85.245.166.95,1,32
12.25.28.56,1,32
96.202.96.41,1,32
118.25.78.243,1,40
173.45.93.97,1,32
115.28.132.17,1,32
193.42.44.198,1,32
156.63.24.148,1,40
222.240.59.214,1,52
98.128.251.189,1,32
191.221.91.13,1,40
164.48.28.75,2,88
114.193.252.128,1,40
187.160.255.85,1,32
31.113.147.118,85,101030
61.71.100.120,1,32
111.178.202.1,1,32
102.152.30.144,1,32
201.22.175.246,2,80
89.209.44.190,6,312
61.11.47.139,1,32
218.130.230.73,1,40
223.48.9.219,1,32
162.98.85.18,1,64
13.204.218.14,1,76
64.190.4.155,1,32
111.163.120.102,1,76
54.167.236.101,1,76
45.172.249.45,1,44
181.120.212.74,1,32
105.148.15.17,1,32
205.58.72.96,1,216
194.107.164.157,1,32
93.93.193.9,3,132
12.87.14.189,1,60
125.233.243.69,1,48
61.167.210.183,1,32
189.26.73.237,1,32
60.132.150.244,1,32
76.206.251.99,1,32
108.73.130.77,4,208
74.239.11.63,1,32
76.228.49.108,1,32
121.66.150.94,1,60
169.45.134.222,1,32
94.53.107.29,1,32
78.115.221.9,2,80
218.110.102.255,1,40
105.41.138.161,1,32
71.230.250.186,2,80
1.95.59.161,1,32
188.10.12.205,1,40
139.147.76.4,1,32
194.164.110.48,1,32
46.75.26.68,3,2498
119.66.147.51,1,32
106.48.41.110,1,76
140.229.124.1,1,76
221.29.33.170,1,48
125.103.227.71,1,32
31.113.147.79,468,659855
80.52.190.124,1,32
41.215.236.152,1,60
199.212.246.66,117,49239
82.10.32.15,1,32
146.252.84.97,1,32
12.87.10.250,1,32
188.195.130.76,1,32
61.173.114.109,1,32
78.44.75.153,1,32
95.178.52.94,1,32
111.206.63.22,1,32
88.245.202.101,1,40
74.193.127.149,653,896175
166.48.207.40,1,60
35.10.241.232,4,160
23.39.183.162,1,32
14.125.133.245,1,32
128.221.90.140,5,200
182.26.142.52,1,76
182.65.118.185,1,44
60.133.228.189,1,52
201.224.203.178,1,44
178.89.7.38,1,32
69.115.126.2,1,32
98.255.107.232,1,32
123.107.207.140,1,60
8.235.142.185,1,32
177.132.89.126,1,32
119.200.206.198,1,32
98.139.245.204,1,32
54.249.137.249,1,76
216.68.133.202,1,52
112.236.247.223,1,40
69.180.201.175,1,32
194.147.3.103,1,60
104.15.195.68,6,1564
153.98.92.145,3,120
175.244.68.143,1,32
106.49.245.219,1,60
78.65.107.15,1,44
115.64.249.114,1,44
61.110.120.142,1,60
193.143.183.125,1,40
54.95.105.145,6,1003
222.82.244.69,1,32
125.210.5.191,1,32
41.80.25.170,1,40
46.70.15.77,1,32
106.56.223.32,1,32
173.221.209.10,172,245379
153.26.51.238,3,120
49.51.169.173,1,32
54.183.119.183,1,32
104.78.244.242,1,32
58.222.76.87,1,32
188.22.26.252,1,44
64.117.16.177,1,32
185.134.89.75,1,32
192.120.148.227,55,3300
156.36.36.163,1,40
188.125.240.123,1,32
88.11.63.74,2,80
91.150.124.237,1,32
23.85.9.32,5,2558
185.184.83.21,11,440
118.33.25.146,2,254
122.162.113.17,1,32
24.199.45.172,1,32
106.97.188.188,1,60
89.207.84.51,1,32
197.130.217.146,1,40
124.124.101.222,1,32
62.148.209.156,1,64
92.195.66.164,1,32
168.49.180.42,1,32
202.167.39.253,1,60
5.75.229.220,1,40
185.92.155.93,1,60
91.185.254.36,1,32
58.34.164.240,1,52
178.236.129.111,1,32
68.232.10.74,1,32
47.18.175.87,1,60
110.89.127.160,10,608
37.130.90.169,1,32
67.173.61.153,1,32
41.222.77.242,1,32
158.81.9.200,2,80
72.36.134.175,1,32
221.125.57.192,1,40
188.145.219.216,1,40
78.55.232.157,1,32
181.14.88.141,1,32
115.215.210.146,1,32
110.149.117.123,1,52
213.194.77.136,1,32
60.14.158.226,1,52
121.212.1.26,1,40
156.28.12.162,3,120
27.231.2.220,1,32
24.211.149.210,1,32
87.123.165.102,1,32
84.185.84.133,1,32
72.225.247.232,1,40
122.121.250.62,1,52
78.173.107.172,1,32
41.149.85.122,1,32
78.3.109.0,1,32
156.47.135.152,1,40
108.63.125.255,1,32
67.172.125.141,3,108
124.230.139.29,1,32
79.71.255.50,1,32
39.21.100.228,1,32
196.36.85.41,1,44
185.72.27.125,17,680
37.219.254.81,1,92
64.131.170.137,1,32
76.133.73.206,1,60
221.118.15.215,2,96
89.82.9.36,1,32
88.97.60.78,1,32
88.38.199.192,1,40
82.183.0.204,1,32
47.190.101.153,1,32
223.138.59.166,1,32
193.187.239.53,1,32
81.182.160.117,1,32
175.217.112.156,1,32
89.95.47.68,1,40
211.0.156.181,1,60
61.40.84.16,2,180
222.130.75.147,1,32
82.248.18.224,1,32
200.85.241.135,1,32
221.170.129.120,1,32
177.235.142.5,1,40
92.244.145.207,1,32
34.232.237.37,1,32
54.35.224.12,1,76
201.247.227.115,2,80
74.193.112.182,3013,4128776
117.115.185.178,3,156
180.187.97.10,1,32
62.237.51.50,719,1077336
177.119.192.73,1,32
77.26.18.43,1,32
199.132.21.83,1,32
112.133.46.135,1,32
72.197.134.190,1,32
190.243.62.52,1,32
172.109.16.222,1,32
35.84.207.26,1,52
220.179.46.158,2,104
73.107.251.81,1,32
162.18.64.99,1,32
164.128.83.136,1,136
216.170.30.153,1,60
63.199.214.54,3,503
196.180.49.188,7,308
182.211.145.3,1,60
112.153.188.130,1,52
201.215.199.5,1,60
31.113.4.160,1,40
118.135.207.219,1,40
104.101.207.170,1,32
75.216.140.198,1,32
189.190.249.234,1,32
107.148.90.69,1,32
197.224.62.146,1,32
126.178.94.120,6,378
71.230.183.142,9,1159
88.129.159.226,1,32
206.190.242.67,1,40
85.10.197.216,1,32
104.7.147.12,1,73
117.27.230.216,1,44
210.152.188.75,1,160
92.91.242.107,1,40
173.231.211.33,1,32
154.201.220.201,1,96
124.24.127.126,1,44
119.1.44.241,1,32
178.103.27.153,23,920
115.18.192.115,1,40
222.186.150.28,2,104
1.90.80.88,1,32
176.196.200.200,1,48
103.18.73.10,1,84
80.182.131.179,1,32
72.243.39.160,3,395
96.48.114.157,1,32
23.80.41.75,1,32
126.177.22.42,1,32
109.231.52.238,1,32
166.49.128.190,1,32
218.207.48.108,1,32
77.79.234.149,1,96
65.68.17.11,1,32
197.109.70.17,1,32
85.110.144.186,3,247
190.197.37.3,1,32
180.126.49.221,1,32
120.125.12.66,1,32
123.0.227.74,1,32
187.186.119.89,1,60
126.128.45.58,1,32
208.86.100.163,1,32
93.237.236.138,1,32
189.93.1.182,1,32
79.168.175.89,1,40
113.172.203.216,1,32
58.158.110.65,1,32
213.18.109.250,1,32
80.34.129.119,1,32
178.222.108.5,1,40
27.242.114.178,1,32
60.58.186.180,1,40
122.111.192.183,1,60
103.115.33.58,1,40
66.61.80.166,1,32
221.239.187.116,1,32
168.78.14.150,1,44
212.35.75.78,2,120
141.98.2.58,1,32
174.168.108.201,1,40
88.12.113.163,1,32
191.248.89.23,1,52
84.10.128.252,1,32
59.99.183.177,1,32
221.42.118.162,1,40
217.162.213.130,1,40
213.128.196.88,1,32
116.149.112.135,1,32
176.222.107.45,1,32
185.93.241.88,1,32
23.43.132.189,1,32
121.164.244.40,1,32
113.145.3.43,1,40
196.180.49.30,6,264
113.10.200.184,1,32
85.248.154.10,238,14376
61.110.249.137,1,48
217.9.10.242,1,32
200.94.43.236,1,32
74.48.4.55,1,32
126.251.252.148,1,32
87.121.73.140,1,32
201.9.74.221,1,32
18.185.128.104,1,32
212.144.104.145,1,40
121.106.109.21,1,32
112.53.246.218,1,32
45.61.9.110,1,32
198.15.182.21,4,176
112.37.233.131,1,64
38.186.226.158,3,260
72.201.244.134,1,32
177.186.110.9,1,32
35.124.179.250,3,179
31.120.13.83,1,32
46.246.46.120,1,32
81.100.110.121,1,32
77.155.182.247,1,32
179.28.9.193,1,32
99.190.4.34,1,32
142.161.208.140,3,208
52.2.40.39,10,6207
54.186.37.3,1,32
42.248.42.208,1,76
105.135.31.229,1,32
46.245.112.81,1,40
202.163.133.114,2,96
109.60.5.15,1,44
106.4.43.137,1,60
168.30.171.63,1,32
194.249.5.66,1,32
45.55.244.10,1,32
58.26.210.29,2,104
221.17.92.236,2,80
71.230.250.212,1,40
186.211.235.110,1,32
128.59.117.174,1,60
62.140.229.207,1,48
1.58.33.19,1,60
101.152.233.110,7,701
73.193.81.111,1,32
76.71.162.207,1,32
118.203.244.211,1,52
186.187.26.241,1,32
187.124.54.36,1,32
211.175.70.24,1,32
109.221.239.97,1,32
208.114.209.217,1,60
122.57.131.210,1,44
124.38.227.5,1,32
1.20.208.58,1,32
46.175.19.68,1,32
202.201.73.222,28,12450
180.96.155.252,1,28
104.227.91.233,1,60
37.71.244.201,1,32
119.219.185.61,1,32
156.63.194.71,1,40
78.141.213.7,1,32
52.235.69.47,1,32
175.172.207.42,1,32
31.161.22.168,1,32
109.71.99.155,1,32
99.179.14.73,1,32
178.34.75.252,1,32
14.253.149.229,1,52
84.183.189.102,1,32
96.90.87.27,1,40
24.180.170.64,1,32
176.30.22.250,1,32
1.13.127.180,1,32
189.223.45.19,1,40
17.192.163.113,6,547
192.33.42.167,27,33337
119.190.50.139,1,32
70.178.167.9,1,32
114.243.62.250,2,84
1.254.43.158,1,52
167.148.99.50,8,320
83.190.42.31,1,32
115.242.234.181,1,32
113.201.155.97,1,52
137.230.133.253,1,32
204.246.60.53,1,32
61.115.76.146,1,32
222.69.137.85,6,264
123.188.63.54,1,32
117.225.230.249,1,40
82.135.144.59,1,32
156.25.141.99,1,52
194.65.213.1,1,40
190.86.143.180,1,32
78.160.102.176,1,32
73.16.123.90,1,32
94.188.14.244,1,32
81.218.110.19,1,32
122.104.31.164,1,40
67.156.203.221,1,32
12.99.121.96,1,32
185.21.93.186,3,154
187.208.134.49,1,60
90.113.148.46,1,40
114.247.165.125,1,32
80.219.236.226,1,60
104.50.75.207,1,32
46.84.18.171,1,32
113.156.136.41,1,40
139.126.16.108,1,32
52.123.105.133,1,32
50.199.155.78,1,32
23.66.210.247,1,32
12.22.196.18,1,32
95.60.62.126,1,32
1.67.17.30,1,60
115.64.150.10,1,44
52.74.22.188,1,32
183.97.48.90,1,40
189.132.172.221,1,32
45.168.237.210,1,32
5.64.104.152,4,160
179.17.1.128,1,32
47.51.251.150,1,32
98.127.150.37,1,32
5.161.189.68,1,32
211.70.176.129,1,32
87.12.72.47,1,32
66.247.69.62,6,264
1.83.148.204,1,40
149.44.94.39,1,32
210.17.219.130,1,32
142.5.71.64,1,40
160.219.141.218,1,32
218.226.32.93,1,32
183.194.108.212,1,32
183.97.208.237,1,32
111.253.50.178,1,32
94.195.118.21,1,40
80.151.191.15,1,32
87.60.215.172,1,48
193.86.98.151,1,32
12.68.201.162,1,32
162.9.190.175,1,32
118.4.103.183,1,52
115.64.199.79,1,44
93.151.28.246,1,32
45.125.123.150,1,40
67.211.37.120,1,32
27.223.33.161,1,40
194.137.248.175,1,32
71.176.9.93,1,32
12.26.86.121,1,60
31.146.144.49,1,32
94.61.165.186,1,32
94.25.137.249,1,32
177.160.11.23,1,60
54.51.124.206,1,32
47.127.52.91,2,80
63.132.99.75,1,32
185.252.221.169,1,40
104.243.199.186,1,98
61.109.123.108,1,52
90.2.126.61,1,32
88.62.32.123,1,48
96.200.250.103,1,32
208.96.242.24,1,32
84.94.239.69,1,32
62.174.135.5,2,80
31.154.7.188,1,40
87.254.39.146,1,32
172.249.29.69,1,52
170.16.12.177,1,40
124.235.201.125,1,48
64.173.132.28,1,32
139.173.140.86,1,40
80.249.112.151,1,32
86.168.233.97,1,32
218.7.172.186,1,68
217.3.0.66,1,32
78.64.194.125,1,40
109.97.129.240,1,32
63.77.110.76,1,32
162.12.36.19,4,160
114.19.84.206,1,32
92.17.189.27,4,336
1.91.95.245,1,40
66.220.149.78,2,141
24.9.115.25,1,32
183.68.187.162,1,32
13.31.112.142,1,76
103.36.36.220,1,40
88.140.110.10,1,32
74.252.116.188,1,32
69.96.17.195,1,32
212.70.212.34,1,32
76.137.139.212,1,32
52.66.207.217,1,32
177.12.51.149,1,32
93.10.6.111,1,32
196.155.156.25,12,480
113.118.87.128,1,32
163.63.236.232,1,60
117.85.168.161,1,40
71.17.174.76,1,32
73.25.122.254,1,32
220.54.187.39,1,32
134.154.232.45,4,432
98.72.38.213,1,32
31.161.22.201,1,60
108.82.247.253,1,32
181.142.241.46,1,32
5.148.128.63,1,32
73.236.139.122,1,32
71.230.250.204,1,40
182.13.11.99,1,32
60.127.62.28,1,32
197.62.16.0,1,40
60.241.132.18,1,32
201.72.16.148,1,32
43.202.240.158,1,40
112.223.201.242,1,32
83.76.65.123,1,32
24.43.110.255,1,32
72.123.88.130,1,32
36.17.62.4,1,52
71.230.250.179,1,40
68.202.207.189,1,32
103.1.138.54,1,76
222.173.41.181,1,44
136.64.208.205,1,32
99.136.40.109,1,32
13.207.28.29,1,76
139.173.134.100,3,120
86.145.65.200,1,32
189.80.4.147,1,32
211.17.231.16,1,32
208.187.179.252,1,32
194.119.173.11,1,32
186.41.237.168,1,32
124.167.50.170,7,692
58.249.174.225,1,32
61.3.72.154,1,32
122.224.78.162,1,60
151.150.76.1,3,249
213.143.34.246,1,32
203.136.223.230,1,84
138.103.19.247,1,32
185.88.80.117,2,205
212.193.0.199,1,32
164.48.28.92,1,44
119.68.96.73,1,52
121.54.149.44,1,32
172.102.237.232,2,80
46.185.126.228,1,32
79.212.190.54,1,32
82.180.101.82,1,32
23.127.90.74,1,60
118.84.84.211,1,32
82.150.127.24,1,32
122.169.75.31,1,32
91.22.146.225,1,32
78.124.131.239,1,40
208.196.44.125,1,32
77.135.220.12,1,32
114.169.35.76,1,40
222.142.65.114,1,32
59.9.92.214,1,32
71.36.132.90,1,32
217.148.174.64,1,32
190.20.235.138,1,32
186.214.15.9,1,32
142.161.236.75,7,280
177.45.255.178,1,32
5.57.213.132,1,32
84.72.1.83,1,32
192.227.98.130,2,104
193.175.6.87,1,32
207.7.192.198,1,32
66.255.42.200,1,32
84.35.118.23,1,60
67.6.110.253,1,32
173.237.155.110,1,48
190.24.130.197,1,40
203.124.245.96,1,40
203.59.202.154,1,32
222.123.234.132,1,32
187.147.95.131,1,56
192.50.181.199,2,104
152.58.166.231,1,32
220.190.32.134,1,52
218.214.30.78,1,56
177.205.74.45,2,112
119.26.156.175,1,32
118.250.212.32,1,32
190.125.228.48,1,32
115.180.50.155,1,60
103.109.187.193,1,32
23.118.136.85,1,32
88.71.65.213,1,32
50.152.164.201,1,32
179.216.117.90,1,32
93.66.153.56,1,32
109.43.73.73,5,286
38.110.71.242,1,32
14.38.126.64,1,32
90.68.165.197,1,32
5.255.152.146,1,56
42.61.163.51,1,40
14.51.52.212,1,32
104.7.150.77,1,32
104.85.187.156,1,32
163.73.105.204,1,107
37.192.202.99,1,76
179.193.11.221,1,32
71.230.250.31,1,40
61.26.76.153,1,40
110.113.34.73,1,32
189.204.195.191,1,52
88.203.33.66,1,60
52.254.125.79,1,103
98.45.198.172,1,32
60.255.130.203,1,32
123.11.164.191,1,132
66.222.138.143,1,32
158.81.131.227,1,40
68.74.17.143,6,240
128.26.143.66,1,32
175.141.196.32,1,32
5.250.19.34,1,52
78.171.120.211,3,132
183.97.54.189,1,40
72.92.83.133,1,32
210.236.93.233,1,60
201.74.57.165,1,40
110.213.101.205,1,32
116.132.70.3,1,32
116.134.144.209,1,60
121.177.117.57,1,32
195.44.139.214,1,32
177.162.254.32,1,32
60.143.206.25,1,32
98.10.245.237,1,32
84.156.82.221,1,32
218.141.65.120,1,32
103.246.121.110,1,32
104.6.83.128,3,159
5.33.111.14,1,32
87.87.12.252,1,32
164.48.28.83,2,136
196.79.1.22,1,32
149.231.11.18,1,32
202.153.30.160,1,52
123.24.66.82,1,32
75.178.4.98,1,32
181.112.203.109,1,32
88.12.217.112,1,40
185.246.166.217,1,32
13.4.175.192,48,7472
122.60.198.132,1,44
75.183.146.235,1,32
5.24.180.198,2,80
96.62.116.11,1,32
81.16.219.148,1,32
121.156.201.203,1,32
189.106.48.93,1,32
110.49.60.214,1,48
135.235.134.31,1,32
62.15.179.7,1,44
50.194.158.216,1,32
5.201.185.32,1,44
99.63.116.11,1,32
138.221.243.247,2,80
104.173.18.202,1,32
130.53.194.102,4,270
195.44.204.133,1,40
42.227.5.21,1,76
119.140.157.204,1,40
27.237.116.155,1,52
173.190.242.230,1,32
112.235.216.157,1,60
188.101.252.209,1,40
200.240.151.185,1,44
125.105.149.166,1,32
85.208.220.187,1,52
32.212.101.82,1,32
14.248.184.205,1,60
64.65.244.221,1,40
109.18.100.57,1,32
73.67.199.65,1,32
162.12.51.215,2,80
62.26.2.186,1,32
219.62.13.97,1,32
113.36.234.151,1,76
90.112.228.241,1,48
52.121.43.231,1,32
92.255.122.193,2,135
42.225.145.78,1,40
188.113.20.228,1,32
180.129.63.249,1,48
13.207.148.179,1,32
188.53.29.51,1,40
88.226.4.236,1,32
201.140.118.174,1,60
84.209.227.139,1,32
74.54.49.209,1,32
183.144.121.238,1,32
108.182.187.234,1,32
40.130.205.186,1,32
115.38.178.101,1,32
71.230.250.59,1,40
117.237.72.111,1,32
188.215.93.5,1,32
202.216.158.42,2,157
45.56.104.85,5,290
106.99.37.75,1,60
78.121.206.37,1,32
59.28.207.249,1,32
64.65.244.166,2,80
124.41.196.106,1,32
27.161.5.54,1,52
187.127.92.174,1,32
179.82.143.231,1,40
18.178.2.235,1,76
179.162.85.164,1,32
119.170.59.96,1,32
181.164.30.196,1,40
104.52.46.21,1,32
125.173.129.12,1,32
74.104.147.199,1,32
162.7.119.10,1,40
42.237.24.96,1,40
59.125.96.39,1,40
139.173.143.250,2,80
103.18.60.106,1,60
196.166.148.45,1,32
43.204.159.7,1,60
72.120.122.67,1,32
220.169.167.245,1,52
184.38.4.2,1,32
141.104.11.249,1,32
14.235.221.245,1,48
166.239.128.56,1,32
85.22.148.232,1,44
32.210.27.174,1,32
213.182.154.127,1,32
187.250.183.229,1,60
183.181.100.177,1,48
113.63.172.69,1,60
5.219.141.210,1,40
58.61.44.107,1,60
196.138.56.178,1,32
122.219.74.93,1,32
181.65.90.198,1,32
81.192.142.46,1,32
37.92.139.51,1,44
174.195.2.182,1,32
94.69.95.118,1,44
179.48.121.186,1,60
80.83.151.172,1,32
211.35.233.177,1,32
69.34.59.250,1,48
103.218.84.193,1,32
87.69.84.161,1,32
116.216.133.153,1,32
141.33.165.126,1,32
37.122.62.131,1,60
173.65.13.161,1,32
82.188.116.19,1,32
180.153.45.157,1,40
216.151.182.173,1,32
180.131.110.89,1,32
185.71.224.169,1,40
111.179.11.130,1,32
118.70.73.190,1,60
179.48.121.69,1,32
180.101.187.107,1,60
2.136.152.165,1,32
78.156.83.237,1,32
80.132.110.125,1,32
182.114.132.233,1,32
125.118.204.70,1,32
39.26.234.39,1,32
197.45.34.138,1,32
91.38.79.212,2,120
61.225.106.119,1,32
85.157.147.33,1,32
185.111.199.30,1,40
96.68.49.197,1,32
197.23.95.211,1,32
201.108.116.130,1,32
47.197.227.150,1,32
126.238.117.223,1,32
108.73.145.147,3,531
109.56.220.113,1,32
160.164.108.69,1,32
85.26.183.148,1,40
211.57.1.120,1,32
125.32.255.196,1,44
64.160.77.49,1,28
213.188.211.235,1,40
128.134.51.3,1,32
5.255.108.37,1,32
184.110.223.226,1,32
86.121.79.229,1,32
27.188.249.49,1,32
89.98.118.61,1,32
113.252.102.145,1,32
94.64.10.44,1,32
95.115.237.17,1,52
156.46.199.154,1,40
201.246.21.241,1,32
200.112.218.225,1,56
203.186.66.104,1,60
71.230.250.192,1,40
191.99.184.188,1,32
179.218.187.240,1,32
109.144.171.16,1,32
103.54.186.154,1,40
24.76.207.178,1,32
192.140.217.250,1,32
52.6.54.107,3,228
81.226.62.122,1,40
68.74.208.252,4,160
221.129.117.184,1,32
188.11.179.162,1,40
141.149.144.233,5,329
71.5.106.13,1,32
50.238.123.213,1,32
121.113.167.231,1,32
97.20.166.107,1,32
216.68.133.206,2,126
39.14.178.207,1,32
64.125.47.116,1,32
159.137.246.195,1,40
84.75.66.32,1,32
151.255.70.233,1,32
36.246.4.62,2,100
115.65.254.5,1,44
216.13.45.126,1,32
90.113.149.169,1,40
174.172.12.19,1,40
52.14.251.57,1,76
24.90.51.181,1,32
218.197.243.73,1,52
5.64.104.143,1,40
93.177.116.137,1,40
98.54.129.10,1,32
46.116.85.63,1,32
87.197.180.196,1,32
138.185.159.102,1,56
87.205.102.117,1,32
172.249.30.177,12,831
222.210.79.223,1,32
123.3.160.90,1,32
101.48.116.102,2,104
188.84.55.62,1,32
91.165.221.141,1,32
178.29.213.134,1,32
151.150.77.5,1,52
61.209.2.211,1,32
118.135.89.163,1,40
68.121.52.21,1,32
195.93.31.179,1,44
85.48.39.93,1,32
103.119.181.103,1,44
211.19.197.15,1,32
88.11.63.80,3,120
119.86.50.197,1,116
113.28.138.170,1,64
196.77.35.100,1,32
101.55.193.168,1,498
70.118.63.226,1,32
49.49.106.178,1,32
1.222.75.73,1,76
42.48.15.194,1,32
24.18.228.32,1,32
122.252.230.190,1,52
151.78.126.178,1,40
128.45.85.175,1,52
87.239.134.154,1,32
119.84.57.209,1,32
125.142.244.240,3,223
81.187.228.136,1,28
27.246.138.140,1,132
94.49.242.147,1,32
153.84.171.24,1,32
203.144.178.27,1,60
80.101.46.236,1,32
66.98.180.94,1,32
201.74.239.229,1,32
14.71.11.233,1,60
31.133.87.141,2,96
174.140.52.24,1,32
24.53.4.198,1,32
113.240.203.8,1,32
101.224.85.215,1,52
126.121.254.170,1,32
150.30.233.78,1,60
63.145.179.29,1,32
159.185.240.125,1,56
49.199.115.1,1,32
27.52.186.19,1,32
72.6.75.210,1,32
173.249.5.172,1,60
116.3.23.125,1,60
36.249.36.19,1,32
46.169.154.179,2,88
159.52.175.60,3,120
193.110.78.199,1,32
171.149.42.185,1,76
42.64.228.240,1,52
125.250.248.100,1,32
107.195.62.142,1,32
79.46.97.46,1,32
27.124.204.188,1,32
113.49.116.63,1,52
212.139.72.133,1,32
63.132.196.143,1,32
113.187.174.170,1,52
82.235.246.183,1,32
188.175.98.63,4,160
139.173.136.244,1,40
119.58.135.1,1,40
60.63.133.24,1,60
202.45.146.130,1,60
71.230.250.200,2,80
187.40.116.51,1,32
23.250.244.243,1,32
92.194.138.21,1,40
49.82.193.233,1,32
36.25.36.6,1,32
23.85.12.6,41,17999
159.137.136.36,3,120
118.251.215.186,1,60
76.131.186.101,1,32
116.53.72.132,1,32
221.1.56.254,1,48
109.225.23.233,1,40
179.44.249.158,1,32
18.250.15.77,1,32
77.100.80.41,1,32
80.66.183.109,2,80
103.232.65.111,1,40
142.161.151.150,9,360
54.136.168.23,1,52
59.42.241.117,1,58
185.127.64.172,1,44
190.250.204.198,1,32
181.174.32.22,1,32
1.64.180.66,1,32
23.99.246.173,1,32
124.171.126.88,1,32
190.164.11.32,1,32
34.247.231.52,1,32
77.85.177.188,1,44
188.234.137.75,1,32
219.125.18.57,1,540
109.41.13.16,1,32
182.137.228.246,1,32
202.39.34.119,23,28325
52.76.142.241,1,32
66.12.54.158,1,32
39.23.168.170,1,32
91.66.101.172,1,76
109.61.124.96,1,40
41.167.220.247,1,40
110.75.187.66,1,32
183.71.232.211,1,32
54.46.158.183,3,1102
209.169.189.201,1,32
185.84.4.90,1,32
117.52.39.52,1,32
72.243.39.247,817,1167643
58.234.80.188,1,60
106.71.91.144,4,176
92.54.251.35,1,32
182.243.128.13,8,4879
49.210.21.171,1,32
91.1.53.76,1,40
90.15.132.204,1,32
69.209.81.152,1,32
84.97.17.40,1,32
178.222.11.205,1,32
89.82.28.40,1,48
39.88.254.196,1,48
85.252.12.95,1,32
172.118.116.91,1,32
94.229.123.217,1,32
73.230.250.245,1,32
189.118.47.186,1,32
27.170.68.154,1,32
107.137.106.227,1,32
100.243.73.115,1,32
190.175.36.168,1,32
47.60.253.6,1,32
175.168.23.177,1,32
27.242.162.61,3,120
60.58.80.40,1,44
87.100.42.194,1,32
188.54.135.5,1,52
120.146.155.174,1,32
14.10.197.87,1,32
88.117.108.225,1,32
84.230.4.94,1,32
186.132.29.8,1,40
119.138.190.107,1,32
95.171.138.169,1,32
146.75.23.193,1,32
79.95.55.217,1,40
58.213.3.122,1,40
54.249.44.253,1,76
119.156.34.173,1,32
62.47.0.165,1,32
122.229.118.94,1,32
71.41.129.217,1,32
219.123.66.60,1,32
157.223.218.216,1,64
62.115.38.175,1,56
108.54.48.110,1,32
68.175.179.83,1,32
122.236.163.50,1,60
159.41.108.24,1,32
47.24.38.13,1,32
147.97.244.101,1,32
206.117.196.69,1,32
70.73.5.93,1,32
86.244.244.64,1,32
216.132.46.225,1,32
1.254.146.213,1,40
175.51.248.12,4,160
49.199.130.187,1,76
202.123.236.195,1,44
2.74.120.92,1,52
86.219.213.182,1,32
222.99.90.62,1,32
195.155.65.19,6,240
85.160.18.147,1,32
61.201.93.19,1,40
67.180.201.215,1,32
87.94.48.201,1,32
67.41.109.49,1,32
61.24.244.217,1,32
223.106.23.218,1,40
88.232.14.7,1,32
73.211.46.249,1,32
121.97.15.50,1,32
195.172.55.198,1,60
119.24.166.95,1,32
165.116.248.159,5,200
189.254.28.236,1,56
52.251.73.5,1,32
139.173.181.0,2,80
179.175.159.130,1,32
75.124.164.212,1,32
52.98.44.168,1,32
93.15.134.218,1,32
85.242.25.115,1,40
109.208.95.227,1,60
181.28.12.53,1,32
156.48.207.116,1,40
178.223.230.237,1,40
185.118.93.1,1,52
54.49.53.170,2,576
175.179.138.210,1,32
219.91.73.138,1,32
197.254.104.186,1,60
201.8.11.46,1,32
81.192.13.95,1,40
176.72.134.172,1,32
54.249.110.220,1,76
184.184.177.27,1,32
67.14.52.240,1,32
92.127.116.252,1,40
78.158.35.17,1,32
100.238.77.216,1,32
77.74.91.87,1,40
54.196.255.8,2,348
210.74.143.44,1,44
177.253.19.51,1,60
68.204.45.186,1,32
77.214.85.19,1,56
186.53.168.28,1,40
195.86.126.154,1,32
14.48.238.220,1,40
50.26.181.141,1,32
172.102.206.108,3,120
14.79.33.11,1,52
151.200.239.123,1,44
121.207.139.189,1,32
69.233.165.202,1,32
1.251.15.155,1,32
182.243.241.61,3,1314
201.84.179.90,1,32
52.250.13.242,1,76
111.65.134.9,1,60
178.172.3.227,1,58
187.173.52.50,1,32
87.230.67.119,1,40
52.227.81.225,1,32
179.224.75.100,1,32
35.31.129.157,5,416
185.183.253.175,1,40
47.120.225.6,1,199
88.11.63.85,2,80
185.213.49.122,2,80
191.172.1.187,1,32
23.114.215.233,2,135
182.48.74.139,1,60
149.55.5.138,1,40
109.26.143.184,1,48
223.19.203.146,1,32
106.207.0.171,1,32
170.112.172.234,1,32
124.13.116.224,1,48
221.111.36.172,1,32
18.182.185.162,1,76
1.233.14.133,9,827
75.115.185.77,1,32
17.188.246.184,1,105
118.200.245.247,1,132
118.221.24.226,1,121
52.240.3.230,1,32
190.124.118.9,1,40
54.35.207.144,1,76
200.97.213.88,1,40
104.75.146.41,2,166
60.22.246.57,1,60
201.183.150.141,1,32
183.165.132.61,1,40
119.133.195.6,1,52
195.198.120.238,9,540
92.101.38.127,1,32
122.215.244.161,1,76
202.50.148.45,1,32
14.9.232.161,1,32
212.0.178.200,1,44
221.2.100.26,1,40
8.219.142.74,1,52
84.6.123.168,1,32
105.188.36.185,1,32
222.220.139.156,1,52
42.84.75.170,1,32
172.249.30.152,6,1910
186.224.168.132,1,32
173.216.141.251,1,32
84.216.106.101,1,32
134.214.46.204,7,280
221.39.35.31,1,40
46.185.90.254,1,40
78.226.5.162,1,32
70.48.184.36,1,32
27.241.252.31,1,58
81.18.56.45,1,32
182.154.122.230,2,80
116.21.193.11,1,52
180.175.248.74,1,32
108.144.108.96,1,32
58.94.6.151,1,32
189.23.132.195,1,32
140.107.223.113,1,60
76.246.212.69,1,32
62.115.187.153,1,32
122.10.21.11,1,32
79.7.135.37,1,32
93.7.251.123,1,32
5.64.104.155,2,80
103.86.28.119,1,44
24.235.233.154,1,32
89.209.254.96,1,52
155.125.128.148,2,104
70.187.21.92,1,32
107.164.68.123,3,208
98.74.193.55,1,32
124.164.196.236,1,40
208.93.187.81,1,32
116.193.239.46,1,32
166.132.106.242,1,32
49.90.240.187,1,32
41.10.5.49,1,32
99.63.235.61,1,32
178.93.245.202,1,32
38.250.36.57,1,32
64.59.62.165,1,32
191.170.11.237,1,32
17.199.30.200,1,52
216.20.91.194,1,32
106.58.217.53,1,58
90.113.154.159,1,40
5.64.104.130,1,40
104.120.57.45,1,32
177.82.97.209,1,32
142.161.233.47,7,280
24.168.73.20,1,32
123.188.248.40,1,60
86.220.40.125,1,40
134.214.247.119,6,240
69.187.76.35,1,44
83.221.4.209,1,32
37.78.164.185,1,40
94.19.116.204,1,32
41.37.5.245,1,40
71.230.250.5,1,40
101.112.157.135,1,32
102.103.246.189,1,32
5.141.113.233,1,40
54.251.212.222,1,32
220.153.44.100,1,48
45.35.233.68,1,32
187.254.17.134,1,56
118.106.228.98,1,32
90.4.134.253,1,32
67.203.34.86,1,60
208.98.225.46,2,208
114.50.85.72,1,32
179.220.65.4,1,32
104.199.73.185,1,32
201.9.165.78,1,32
198.15.145.129,1,44
187.144.200.221,1,32
14.171.250.175,1,32
196.78.26.76,1,32
141.33.178.180,1,40
122.54.87.21,1,32
221.20.23.199,1,32
27.243.131.114,1,48
122.238.207.41,1,40
69.241.113.124,1,32
114.199.181.216,1,48
116.245.75.75,1,40
97.28.43.84,1,32
187.36.77.153,1,32
64.130.59.138,1,32
83.0.136.195,1,32
205.69.167.89,1,32
90.113.158.128,1,40
219.226.19.110,1,32
92.225.11.226,1,32
45.169.142.42,1,44
187.198.146.197,1,40
24.93.200.178,1,32
84.137.180.122,1,32
23.245.205.93,1,32
160.176.1.71,1,32
206.64.79.71,1,32
4.97.241.254,1,32
78.68.222.201,1,44
109.166.146.96,1,32
83.30.4.194,1,32
106.71.200.159,1,40
52.249.132.103,1,76
142.223.88.147,3,208
104.131.152.101,1,32
201.63.28.43,1,32
68.215.117.185,1,32
31.103.186.22,1,56
101.41.222.170,1,32
87.39.9.203,1,131
89.41.5.254,1,32
109.207.239.97,1,60
162.104.123.175,1,40
116.76.134.218,1,32
81.224.103.61,1,96
177.235.64.208,1,32
89.35.244.234,1,32
114.43.249.150,1,52
117.82.190.112,1,32
88.19.238.215,1,40
70.70.233.248,1,32
115.65.252.61,1,44
60.93.123.152,1,52
93.227.131.119,1,32
195.237.253.80,1,32
179.163.251.151,1,32
52.252.241.105,1,76
95.120.134.155,1,32
222.177.248.152,1,52
42.249.5.232,1,76
78.140.180.86,1,32
104.74.15.179,1,32
14.45.180.247,1,32
172.249.28.97,170,227711
112.3.22.110,1,32
197.70.117.64,1,32
82.158.68.7,1,32
77.32.204.39,1,32
115.188.23.81,1,32
187.114.36.243,1,32
114.7.81.113,1,32
115.119.125.252,1,32
41.248.116.109,1,32
158.250.84.73,2,104
116.133.90.35,1,52
120.131.8.195,1,32
92.194.183.24,1,40
121.170.89.62,1,60
113.47.121.235,1,32
97.25.113.174,1,32
105.211.216.78,2,100
154.169.126.58,1,32
83.134.173.161,1,32
31.113.79.209,2,80
71.230.250.185,1,40
192.48.33.28,1,32
78.252.113.225,1,32
221.44.24.163,1,32
187.31.174.34,1,32
73.126.22.154,1,32
217.230.149.194,1,32
112.242.223.52,1,40
41.249.250.171,1,32
221.40.216.88,1,40
176.4.175.67,1,32
119.146.240.112,1,32
47.199.95.208,1,32
86.155.187.87,1,32
138.95.116.190,1,60
124.218.160.121,1,40
73.148.178.56,1,32
124.14.228.205,1,32
67.232.72.202,1,32
71.230.250.98,1,40
99.160.196.69,1,32
46.84.66.205,1,40
84.45.214.199,1,32
112.240.89.78,1,32
126.78.151.218,1,32
107.128.184.163,1,32
68.76.73.73,1,32
41.150.50.181,1,32
125.126.49.117,1,32
125.207.68.6,1,32
189.222.1.198,1,40
51.83.123.164,1,32
88.11.63.84,1,40
187.192.121.226,1,32
67.111.7.54,1,32
66.244.205.163,1,32
118.185.104.216,1,32
101.178.128.232,1,32
222.165.139.230,1,32
12.58.137.153,1,32
45.48.15.40,1,32
105.47.112.133,1,32
222.152.66.145,1,44
104.248.137.237,1,32
54.211.98.182,1,32
31.113.47.4,2,80
117.125.179.24,1,32
67.60.54.239,1,32
98.43.65.1,1,32
96.78.110.235,2,80
2.67.193.234,1,44
178.7.173.28,1,32
88.11.63.73,3,120
216.77.17.1,1,32
190.7.169.227,1,32
91.254.181.192,1,40
14.95.221.182,1,48
104.86.22.99,1,32
5.64.104.153,3,120
180.155.198.78,1,76
152.59.12.40,1,40
188.242.82.32,1,32
2.79.146.214,1,40
24.134.51.226,1,32
110.100.227.36,1,32
187.74.64.109,1,60
101.43.165.212,1,32
185.18.120.15,1,32
111.193.49.112,1,40
121.73.169.126,1,32
104.15.196.220,3,639
172.102.227.153,1,40
185.21.93.223,1,40
195.143.73.76,1,32
96.28.21.187,1,32
18.232.170.40,1,32
138.54.92.126,1,60
105.32.248.62,1,32
154.22.76.48,1,52
208.127.215.66,3,128
64.1.219.221,1,32
211.203.232.158,1,40
209.171.161.75,1,32
93.229.134.214,1,32
178.28.180.238,1,32
80.31.42.69,1,32
117.117.90.185,114,167466
172.102.195.82,2,104
196.67.124.115,1,52
23.80.3.1,2,135
52.110.124.7,1,32
208.59.12.57,1,32
96.80.53.161,1,32
78.19.251.53,1,32
31.199.70.33,1,32
101.114.81.176,1,32
67.166.19.44,1,32
59.126.76.10,1,40
45.29.38.100,1,32
185.103.177.121,2,80
94.76.10.160,1,32
194.219.101.154,1,32
52.246.14.193,3,303
180.81.252.244,1,32
172.69.176.79,1,32
114.62.150.160,1,32
76.252.53.92,1,32
187.173.198.214,1,60
62.101.132.78,1,32
180.92.202.136,1,52
195.217.51.71,1,32
85.208.225.111,1,52
220.173.28.92,1,48
94.177.12.53,1,32
103.31.158.190,2,80
79.74.4.234,1,32
177.92.11.195,1,32
98.35.187.45,1,32
185.24.123.228,1,32
47.139.75.245,1,32
185.113.85.254,1,32
34.255.59.30,1,32
180.78.155.96,1,40
202.173.71.78,1,60
46.80.160.94,2,120
79.66.14.50,1,32
190.36.92.139,1,32
198.58.73.202,3,120
177.140.171.224,1,52
18.178.231.59,1,76
99.118.83.203,1,32
176.120.194.0,1,40
201.49.149.122,1,32
203.136.241.10,1,44
178.233.209.84,1,32
200.123.53.6,1,40
189.29.181.51,1,32
197.17.139.165,1,40
46.45.9.183,1,44
50.49.14.70,1,32
94.28.122.133,1,32
79.226.162.252,1,32
71.230.250.86,1,40
81.198.241.44,1,32
5.172.146.229,1,40
194.122.211.3,1,32
191.193.165.113,1,32
103.229.91.209,1,32
1.3.75.79,1,32
156.36.151.7,1,40
1.62.85.42,1,32
54.55.100.61,1,32
62.97.17.93,1,32
66.206.104.162,1,32
187.195.83.12,1,60
49.201.26.254,1,48
98.117.8.240,1,32
89.12.205.107,1,32
60.105.123.158,1,32
66.167.114.188,1,32
222.71.106.231,1,76
37.99.50.191,1,32
213.136.123.111,1,32
219.103.16.121,1,52
201.68.226.222,1,32
172.252.226.96,1,32
176.119.14.90,1,52
114.34.82.125,1,40
188.170.251.35,1,52
185.204.175.6,1,32
75.94.46.133,1,32
109.38.51.212,1,32
59.52.126.219,2,80
35.102.82.85,1,32
79.173.20.189,1,32
88.81.27.252,1,32
189.172.133.233,1,32
125.42.250.98,1,40
80.251.204.6,1,32
187.180.162.248,1,32
87.39.33.54,1,32
49.247.120.233,1,32
182.105.221.84,1,32
115.43.134.171,1,32
41.65.0.63,1,32
87.245.219.241,1,32
88.105.83.51,1,40
89.37.175.215,1,32
91.162.155.55,1,32
80.144.113.238,1,32
38.186.226.191,12,12363
103.106.226.164,1,52
126.158.164.213,2,96
118.113.79.254,1,44
65.172.11.32,1,32
179.123.80.244,1,32
121.151.107.65,1,32
121.176.43.206,1,32
84.15.10.109,1,32
205.58.72.120,1,263
72.215.157.145,1,32
81.149.198.241,1,32
49.203.183.73,1,32
69.238.178.121,1,32
201.170.103.215,1,40
104.17.252.30,1,32
60.88.119.68,1,40
201.102.182.10,1,32
177.209.190.211,1,32
188.98.102.114,1,32
203.136.241.14,1,44
177.149.130.6,1,44
212.71.82.30,1,40
139.68.229.167,3,120
194.74.244.65,2,80
174.170.149.180,1,32
218.112.125.35,1,32
78.31.113.46,1,32
162.12.12.19,3,120
110.55.113.193,1,32
84.193.209.136,1,32
109.229.252.73,1,60
211.201.3.217,1,32
209.92.84.127,1,32
188.214.28.218,1,32
186.35.100.66,1,32
185.166.141.245,1,32
42.183.14.169,1,32
117.99.238.199,1,32
195.5.115.126,1,60
88.203.205.41,1,32
86.117.218.192,1,32
179.85.83.223,1,60
170.17.83.192,1,44
177.45.185.80,1,32
190.191.133.100,1,32
35.82.114.194,1,32
138.42.112.253,1,60
218.128.192.21,1,40
95.199.125.170,1,52
108.9.175.121,1,32
174.209.12.215,1,56
103.93.94.86,1,52
62.100.218.201,1,32
122.9.75.66,1,40
58.17.59.177,1,76
42.228.77.212,1,44
182.221.111.75,1,32
27.140.31.235,1,48
205.58.74.27,1,287
200.8.58.121,1,32
191.111.136.30,1,32
171.158.170.163,1,52
2.28.200.166,1,32
109.123.38.13,1,32
74.193.223.255,447,604223
111.71.206.169,1,32
67.94.20.164,1,32
32.208.32.195,1,32
116.175.178.101,1,32
149.122.134.90,1,32
140.209.154.37,1,60
210.6.14.52,1,32
199.207.32.210,1,32
71.230.251.253,1,40
187.175.39.7,1,56
106.103.69.230,1,132
196.214.164.58,1,32
69.177.49.235,1,32
112.221.75.249,1,32
189.174.5.102,1,32
17.192.251.200,2,157
111.223.120.90,2,120
169.57.117.65,1,32
138.221.35.73,4,160
36.173.65.30,1,40
97.58.252.141,1,32
221.173.26.93,1,32
178.222.49.254,1,40
169.53.55.114,1,32
200.103.6.165,1,32
223.123.214.59,1,32
114.167.128.56,1,32
111.164.52.140,1,58
71.230.250.203,1,40
2.254.123.125,1,32
191.73.233.181,1,40
209.204.53.9,1,60
90.113.149.156,1,40
41.222.213.96,1,32
171.48.47.168,1,60
14.105.105.129,1,32
86.149.190.15,1,32
113.3.91.239,1,32
74.193.112.199,90,97206
212.116.193.162,1,32
8.255.236.141,1,75
118.242.166.201,1,52
213.88.27.237,1,32
206.62.170.252,1,32
191.152.48.114,1,32
217.178.79.26,1,64
61.108.235.8,1,60
186.190.110.233,1,32
216.68.133.149,11,5175
113.113.117.226,1,32
50.130.245.5,1,60
72.191.231.8,1,32
67.129.186.75,1,32
165.229.131.95,4,160
112.229.15.42,1,32
172.249.29.78,8,3603
96.47.197.185,1,32
115.168.38.114,1,32
218.136.118.92,1,40
24.99.125.168,1,32
209.204.131.205,1,32
14.209.59.223,1,132
2.136.253.70,1,85
92.74.118.58,1,32
151.162.236.162,1,32
46.173.32.199,1,131
98.146.233.109,1,32
83.242.42.230,1,32
45.70.70.92,1,40
64.22.164.131,2,104
183.148.58.181,1,32
173.49.149.21,1,32
126.151.92.189,1,32
223.103.113.18,1,40
189.75.233.147,1,32
64.204.155.183,1,32
62.16.47.129,1,32
65.191.180.167,1,32
211.147.242.219,1,40
142.60.85.70,1,32
213.143.209.15,1,32
196.180.49.39,4,176
82.16.106.223,1,32
218.105.169.148,1,32
190.12.103.8,1,40
41.97.13.122,1,32
82.244.15.42,1,60
187.105.46.29,1,32
119.242.28.212,1,32
153.98.128.235,1,32
139.173.155.216,3,120
76.69.80.145,1,32
113.247.229.72,1,48
217.124.185.18,2,80
84.39.21.195,1,32
72.20.2.181,1,32
46.242.4.163,1,32
115.50.177.193,1,32
110.208.81.62,1,32
190.81.114.74,1,32
50.196.122.159,1,32
151.44.236.252,1,44
121.240.125.132,1,60
114.42.169.94,1,52
83.171.227.165,1,32
2.73.27.180,1,32
179.219.229.153,1,32
125.230.88.216,1,48
217.33.21.214,1,32
152.94.231.9,1,32
82.87.120.181,1,40
54.132.225.164,6,3668
41.243.246.21,2,120
211.79.234.73,1,60
222.175.102.24,1,32
104.132.164.230,3,120
112.153.171.134,1,52
223.143.2.216,1,32
119.27.37.77,1,40
151.150.117.19,49,31876
63.172.203.123,1,32
160.166.12.217,1,32
201.111.105.0,1,44
37.17.208.31,1,40
219.106.70.129,1,40
101.118.143.13,1,48
192.240.65.33,2,104
85.132.232.114,1,32
81.18.191.153,1,44
179.248.156.151,1,32
81.245.127.163,1,32
71.230.250.118,1,40
212.81.227.120,1,32
192.30.111.184,1,82
23.205.209.171,2,135
70.114.33.71,1,32
64.208.112.68,1,32
52.109.137.18,1,32
110.221.122.163,1,32
12.245.254.74,1,32
195.173.36.194,1,32
126.197.5.136,1,32
45.168.200.81,1,40
129.110.2.233,1,48
182.55.191.15,1,60
72.180.234.104,1,32
170.12.108.158,1,60
188.216.21.0,1,32
89.141.211.228,2,88
174.121.199.204,1,32
178.2.223.79,1,40
101.47.168.226,1,48
18.218.227.94,1,32
157.42.107.125,3,444
82.146.113.52,1,32
79.120.62.109,1,32
37.245.166.236,1,40
179.17.238.160,1,32
5.127.1.93,1,32
211.51.156.155,1,32
82.161.175.72,1,32
113.159.243.7,1,60
8.255.236.143,1,75
87.185.155.101,1,60
217.154.33.132,1,32
189.217.101.193,1,32
125.104.244.112,1,32
2.243.138.36,1,32
125.96.43.249,1,60
27.247.233.41,1,32
79.181.36.245,1,32
142.113.23.225,1,32
98.7.124.60,1,32
123.183.90.109,1,60
71.230.250.69,1,40
191.29.52.12,1,32
79.122.155.194,1,32
95.54.7.38,1,32
180.10.246.224,1,32
173.111.84.56,1,32
82.130.250.203,1,32
219.240.63.134,1,32
196.35.143.126,2,120
60.59.128.115,2,80
117.40.76.70,1,32
216.106.59.243,1,32
159.153.180.3,5,200
36.235.35.215,1,48
195.148.65.141,1,32
80.120.17.252,1,32
125.76.233.133,1,32
187.123.213.204,1,32
80.41.44.239,1,32
49.86.121.121,1,32
45.237.37.162,1,32
2.73.27.53,1,60
76.240.108.191,1,32
52.250.231.69,1,76
175.231.150.198,1,32
202.233.58.145,2,112
172.103.170.64,2,80
59.162.9.31,1,52
94.45.112.183,1,52
5.233.229.227,1,32
187.216.237.134,1,32
90.211.137.78,1,32
60.18.164.86,1,92
121.155.230.87,1,32
192.148.95.171,1,60
54.52.66.102,1,32
222.121.149.13,1,40
89.91.246.191,2,146
41.172.160.163,1,40
65.253.232.120,1,32
81.115.32.26,1,32
37.82.221.203,1,32
167.196.244.111,1,32
108.64.201.239,1,32
213.235.198.67,1,32
222.73.137.31,1,48
213.168.156.39,1,32
50.216.109.170,1,32
103.48.131.32,1,44
184.164.14.122,1,32
45.5.206.181,1,32
117.193.165.187,1,40
66.203.67.40,1,32
123.147.183.121,1,58
95.181.209.221,1,32
124.214.84.103,1,32
91.223.222.156,1,32
197.53.192.73,1,52
5.64.104.154,3,120
175.236.54.173,1,32
151.26.163.135,1,60
12.165.86.142,1,32
119.241.74.102,1,32
216.61.1.229,1,32
108.73.145.32,1,52
200.34.139.138,1,32
216.23.57.78,1,32
116.47.199.109,1,52
208.90.16.163,1,32
223.33.31.238,1,32
35.74.42.110,2,80
119.69.196.133,1,32
88.11.63.70,1,40
189.163.167.19,1,40
52.250.138.79,2,419
71.209.179.238,1,32
172.103.153.252,4,160
176.225.187.35,1,32
64.22.160.67,1,50
96.124.158.94,1,56
24.210.196.41,1,32
122.132.138.206,1,32
129.237.90.231,1,32
217.105.78.29,1,32
167.14.5.41,6,420
171.227.56.106,1,32
88.31.131.221,1,60
106.248.177.1,1,32
68.72.218.87,1,32
46.56.79.86,2,100
179.230.48.18,1,32
187.244.109.64,1,32
178.137.46.164,1,60
173.173.232.193,1,32
73.200.180.190,1,32
178.222.78.74,1,40
216.191.0.52,1,32
177.231.238.201,1,44
218.101.177.53,2,80
117.240.132.181,1,32
142.81.12.184,1,56
24.185.23.6,1,40
106.97.169.63,1,40
165.112.37.136,1,40
199.39.214.166,1,32
60.143.110.214,2,104
190.32.205.113,1,32
42.105.125.242,1,76
200.9.171.88,1,32
213.168.91.174,1,32
153.85.85.225,1,60
125.226.42.97,1,32
74.167.193.233,1,56
67.143.207.9,1,56
218.235.18.158,1,60
103.14.174.38,1,32
121.75.187.51,1,32
172.199.186.23,1,32
156.201.81.225,1,32
59.65.252.89,1,32
207.2.156.184,1,32
68.82.239.166,1,32
220.147.38.126,1,40
201.2.46.101,1,40
221.32.59.48,1,32
188.202.113.198,1,32
178.137.46.75,1,32
118.135.166.158,2,120
165.253.37.183,1,60
17.80.194.28,3,164
34.242.142.171,1,32
2.109.240.68,1,60
40.59.62.191,6,3843
179.255.99.136,1,32
186.238.244.218,1,32
2.77.17.220,1,40
101.86.209.205,1,32
58.197.125.99,1,32
23.86.20.140,12,8487
88.110.11.141,1,32
115.55.217.146,1,48
123.110.240.100,1,32
42.90.28.41,1,76
172.103.218.223,4,160
218.135.168.18,2,80
104.113.212.197,1,32
189.223.153.73,1,60
179.153.49.32,1,32
126.214.192.48,1,32
190.19.12.192,1,32
71.230.250.229,2,80
113.61.110.202,1,60
35.68.143.3,8,1545
124.135.120.57,1,76
131.121.12.132,1,32
126.114.191.169,14,17168
157.127.99.114,1,32
223.97.193.48,1,28
77.251.62.128,1,32
103.72.27.25,1,40
52.95.201.7,2,104
176.195.182.6,1,32
71.230.250.180,1,40
58.139.70.135,1,40
105.189.37.80,1,32
58.39.62.37,1,32
88.78.203.223,1,32
52.6.187.23,1,32
192.176.17.233,1,56
85.125.179.170,1,60
139.173.136.137,3,120
216.168.97.59,1,32
71.206.141.129,1,32
170.205.139.12,1,32
110.69.200.10,1,60
184.3.62.249,1,40
109.65.95.240,1,32
13.30.246.134,1,76
196.180.49.10,11,484
46.219.28.183,1,32
101.124.208.72,1,60
42.242.111.29,1,32
206.8.244.73,1,56
84.201.131.240,1,32
81.226.207.145,1,32
84.188.76.140,1,32
201.60.47.176,1,32
189.214.234.209,1,32
27.20.97.192,1,32
172.249.30.54,4,432
46.117.59.125,1,32
139.255.150.156,1,32
212.217.180.111,1,44
211.170.77.153,1,32
81.63.194.134,1,40
192.240.46.135,1,32
64.160.76.77,3,132
89.146.45.42,1,32
14.119.177.132,1,32
126.242.139.185,1,32
141.109.13.140,1,32
54.143.127.5,1,32
213.62.168.3,1,40
49.200.3.159,1,32
115.65.105.243,1,44
60.194.219.174,1,32
52.245.134.11,2,229
190.133.42.129,1,32
176.209.107.139,2,100
104.0.140.251,6,3668
218.194.115.169,1,32
207.100.165.65,1,32
1.94.88.116,1,52
173.59.113.253,1,32
111.93.242.156,1,44
139.218.234.205,1,52
206.194.210.35,1,52
18.252.249.149,1,32
27.251.62.11,1,52
123.202.230.216,1,48
37.17.216.8,1,40
88.11.63.89,1,40
172.76.196.114,1,52
109.227.177.234,1,32
60.67.216.178,2,88
187.240.207.184,1,32
94.29.8.184,1,44
71.230.250.241,1,40
50.254.169.143,1,32
98.90.214.113,1,32
216.157.19.158,1,60
64.22.164.130,4,301
23.83.251.42,2,812
14.231.214.255,1,32
206.188.173.199,10,6137
157.42.86.25,2,120
45.32.241.224,1,167
181.233.78.188,1,32
130.53.249.161,12,5640
49.3.104.39,1,32
107.197.49.116,1,32
171.209.110.127,1,58
111.175.91.218,3,164
122.59.113.241,1,44
113.228.1.236,1,44
176.59.188.190,3,120
118.172.114.179,1,32
78.237.207.162,1,28
151.23.185.186,1,32
79.125.255.188,1,44
177.104.216.190,1,32
78.251.148.53,1,32
58.145.131.119,1,32
88.160.161.127,1,32
190.236.77.21,1,32
47.244.10.123,3,252
58.49.14.137,1,48
49.203.141.6,1,40
108.78.204.171,1,32
60.74.104.234,1,32
220.131.74.133,1,96
189.96.52.210,1,32
140.144.214.121,2,80
221.234.114.28,1,32
158.237.94.60,1,32
203.244.203.3,1,32
188.83.74.34,1,32
213.0.176.246,1,32
196.180.49.191,7,532
52.26.89.23,1,32
77.136.132.210,1,32
134.214.229.157,2,80
62.72.77.192,1,32
190.101.139.63,1,32
24.90.103.61,1,32
108.89.36.227,1,32
131.3.197.203,1,40
39.46.150.59,1,93
123.160.211.238,1,32
91.174.21.217,1,32
69.108.217.63,1,32
2.76.19.124,1,44
5.190.109.3,1,60
125.248.234.121,1,40
179.25.45.122,1,32
92.202.227.54,1,40
193.160.215.96,1,32
46.6.120.55,1,32
88.151.134.252,1,32
154.242.151.114,1,32
104.141.75.38,1,32
179.191.68.74,1,32
49.192.165.201,1,76
95.240.177.205,1,44
190.179.58.20,1,32
177.70.34.213,1,44
115.98.107.196,1,32
87.75.141.251,1,32
79.139.4.162,1,32
211.44.71.155,1,32
171.213.6.154,1,48
31.106.132.247,1,32
186.55.141.53,1,32
66.67.84.185,1,32
111.112.245.8,1,60
193.154.78.77,1,32
125.194.86.210,1,32
174.243.250.146,1,32
74.225.188.90,1,32
212.104.34.131,1,32
62.111.138.74,1,32
37.227.167.185,1,60
85.114.70.252,1,32
78.21.51.184,1,32
54.233.126.66,1,32
47.252.179.131,3,120
123.151.4.26,1,32
190.102.72.122,1,32
78.235.43.94,1,40
202.6.145.234,1,40
95.40.209.79,1,32
49.164.89.211,1,52
58.53.104.61,1,32
64.18.30.198,1,60
190.120.103.201,1,32
104.24.202.64,1,32
217.139.190.74,1,32
152.59.216.107,1,40
88.103.10.28,1,32
176.236.196.37,1,32
221.9.254.154,1,60
190.26.17.70,1,60
74.251.93.123,1,32
196.180.49.68,3,132
83.161.94.18,1,60
71.230.250.37,2,80
70.95.243.161,1,32
199.253.83.188,1,32
90.117.13.26,1,32
23.219.116.104,1,32
51.175.166.0,1,32
188.51.22.137,1,32
82.61.51.18,1,40
75.160.22.203,1,32
175.138.184.173,1,76
192.108.225.208,8,704
109.222.254.180,1,32
177.238.101.184,1,44
35.80.114.130,1,32
1.82.56.180,1,48
218.237.169.29,1,32
90.113.152.88,1,40
190.232.252.112,1,60
119.135.238.53,1,132
71.230.250.119,1,40
91.139.69.158,1,32
108.128.86.176,1,32
182.5.251.149,1,32
87.171.219.60,1,32
171.52.81.68,1,52
62.211.139.20,1,32
54.40.214.200,1,32
2.248.211.232,1,32
203.22.206.14,1,40
118.112.106.241,1,44
182.46.88.36,1,32
114.153.113.209,1,32
54.174.36.173,1,32
13.205.11.218,1,76
120.184.169.69,1,32
187.244.65.102,1,40
201.198.14.115,1,32
176.82.218.29,1,48
177.14.214.39,1,32
189.53.255.74,1,40
87.228.75.193,1,32
200.91.213.103,1,52
206.250.222.50,1,60
91.44.198.57,1,32
45.198.24.225,1,60
218.250.173.70,1,76
46.149.106.222,1,32
176.74.7.229,1,32
66.46.247.184,1,32
47.87.169.71,1,32
49.50.0.97,1,52
156.237.150.118,1,32
95.168.48.4,1,32
180.130.182.118,1,76
186.6.208.53,1,40
174.182.9.21,1,32
123.233.75.43,1,60
81.31.212.141,1,32
141.4.83.203,1,32
43.211.83.84,1,40
201.24.35.42,1,32
119.139.99.49,1,32
126.140.63.131,1,32
181.66.215.4,1,32
181.67.56.196,1,32
37.17.174.14,1,32
175.51.33.110,1,32
52.77.227.85,1,32
86.208.227.225,1,32
37.17.218.105,1,40
78.189.94.128,1,32
46.81.170.74,2,120
116.24.174.138,1,60
41.170.122.78,1,52
172.255.169.28,1,32
187.193.74.142,1,40
95.49.44.63,1,32
75.64.209.56,1,32
212.214.59.255,1,32
211.98.219.176,4,529
190.134.247.153,1,40
31.178.179.223,1,32
61.210.110.11,1,32
67.228.13.95,1,32
176.219.143.246,1,32
80.221.216.132,6,501
113.189.87.59,1,32
95.101.36.132,1,32
200.220.79.255,1,32
218.106.249.42,1,40
185.140.173.152,1,32
125.163.139.247,1,60
41.97.49.191,1,40
69.184.180.65,1,32
119.114.112.169,1,32
212.220.164.67,1,32
66.58.226.193,1,32
73.163.115.98,1,32
47.59.166.154,1,52
142.161.25.145,2,80
192.45.116.143,1,32
201.153.177.18,1,40
90.113.148.174,1,40
199.152.232.183,1,32
174.200.130.188,1,32
73.248.151.17,1,32
202.112.43.45,1,40
61.108.204.89,1,52
119.82.49.189,1,60
87.182.59.132,1,40
89.132.196.145,1,32
223.56.114.217,1,32
112.171.112.143,1,32
1.48.206.233,1,40
112.48.201.154,1,32
190.167.28.16,1,48
177.157.33.122,1,32
12.59.97.166,1,40
218.128.12.164,5,404
81.243.59.67,1,32
92.220.99.41,1,32
84.84.41.190,1,32
179.57.190.59,1,48
47.41.211.137,1,32
24.148.154.196,1,32
81.22.197.233,1,32
43.218.52.130,1,32
177.126.201.26,1,32
50.206.75.230,1,32
46.42.85.31,2,80
88.82.207.102,1,32
115.7.223.134,1,32
76.140.79.186,1,32
210.34.124.158,8,728
193.63.219.69,1,32
188.139.123.30,3,120
184.185.155.248,1,32
139.173.159.2,2,80
46.230.38.117,1,32
68.158.163.143,1,32
156.63.46.178,1,40
98.124.59.218,1,32
175.163.27.43,1,32
110.222.31.192,1,32
122.212.95.255,1,40
138.53.106.58,1,32
46.252.57.243,1,32
182.163.115.154,1,32
221.123.38.44,1,32
123.179.192.186,1,76
103.102.86.116,1,40
90.72.237.81,1,32
49.176.159.65,1,32
87.58.43.52,2,100
217.253.79.244,1,32
190.124.67.209,1,56
27.237.201.70,1,60
59.68.201.25,1,32
78.4.91.172,1,32
84.105.58.255,1,32
140.206.14.53,1,32
125.190.87.38,1,44
186.36.141.232,1,40
45.125.150.1,4,368
50.63.203.61,1,32
39.55.56.62,1,32
1.63.5.62,1,48
94.98.46.183,1,32
175.173.192.108,1,32
124.231.77.242,1,44
35.92.150.133,1,32
78.255.159.59,1,40
42.5.120.243,2,116
188.121.100.237,1,32
79.131.53.108,1,32
185.151.91.195,1,32
62.2.41.69,1,32
124.66.228.105,1,32
187.129.36.98,1,32
83.125.185.119,1,32
17.192.251.89,1,105
134.38.232.64,1,32
46.252.48.196,1,60
216.68.133.177,20,9336
104.243.199.124,4,615
88.11.63.91,1,40
182.185.232.23,1,32
13.55.53.203,1,76
59.115.191.179,1,40
68.255.205.253,1,40
60.149.54.148,1,32
82.23.161.103,1,32
90.113.149.30,1,40
41.96.187.179,1,32
42.105.179.83,1,48
146.24.165.196,1,60
73.57.73.246,1,32
175.177.0.207,2,80
104.31.206.52,1,32
82.184.80.248,1,32
95.151.78.27,1,32
31.99.61.19,2,88
23.211.229.162,1,32
206.9.11.196,2,80
102.84.25.151,1,32
41.58.57.49,1,32
71.230.250.214,1,40
124.167.14.88,1,32
93.80.162.244,1,44
5.64.104.151,1,40
222.135.178.80,1,32
93.219.40.52,1,32
23.94.230.211,1,52
177.191.107.179,1,32
13.161.234.153,3,1298
212.41.203.90,1,32
5.181.56.56,1,32
206.210.155.238,1,32
177.211.125.221,1,32
52.117.88.89,2,82
35.50.52.96,2,80
99.37.63.134,1,32
188.175.214.69,1,40
69.78.222.38,1,32
47.126.114.91,1,40
149.0.80.5,1,32
177.115.212.158,1,32
71.56.232.196,1,32
113.158.140.239,1,40
112.223.72.106,1,32
185.35.159.192,1,32
14.228.20.132,1,32
163.83.232.248,1,32
52.19.62.24,3,595
124.229.205.166,1,52
113.42.162.140,1,48
104.243.199.61,4,316
169.47.131.125,2,111
58.187.27.83,1,32
52.94.120.11,1,204
190.76.58.63,1,32
186.252.228.58,1,32
202.118.191.201,1,96
211.236.126.181,1,40
37.120.36.78,1,32
191.119.47.92,1,32
146.108.206.70,1,32
172.249.31.78,5,421
139.173.133.45,2,80
24.136.50.249,1,32
177.194.168.25,1,32
193.232.37.66,1,60
108.137.187.47,1,32
178.222.5.217,1,40
123.123.28.246,1,32
70.34.253.30,1,44
121.108.139.232,1,32
73.51.171.206,1,32
60.58.152.161,2,80
119.123.27.47,1,32
62.86.184.185,1,32
23.64.129.175,2,135
54.243.146.4,1,40
12.251.38.151,1,32
60.200.110.11,1,32
121.163.2.184,1,32
85.12.135.106,1,32
104.244.238.248,1,32
123.198.172.30,1,52
73.21.177.9,1,32
52.67.66.152,1,32
37.17.210.249,1,40
186.52.39.14,1,44
217.128.147.50,1,32
88.34.59.31,1,32
203.177.65.123,1,60
92.83.200.28,1,32
77.217.253.212,1,32
87.101.11.103,1,32
122.239.113.76,1,32
1.148.127.198,1,60
84.49.138.125,1,32
190.131.226.254,1,40
46.217.222.168,1,32
222.137.84.154,1,52
169.62.88.62,1,32
92.16.45.1,1,32
200.245.233.198,1,32
176.13.72.236,1,32
27.116.151.141,1,32
151.176.204.203,1,32
182.116.113.120,1,60
101.225.55.225,1,76
118.70.41.234,1,32
189.226.242.189,1,32
85.56.4.241,1,32
82.30.84.108,1,32
71.183.94.140,1,32
77.129.117.110,1,32
179.230.140.119,1,32
78.192.49.16,1,32
175.175.237.119,1,32
187.6.34.29,1,48
91.11.56.143,1,40
182.176.102.165,1,76
122.59.107.100,1,44
78.168.111.210,1,32
184.79.233.41,1,32
187.176.231.43,1,32
201.99.231.74,1,40
181.116.38.164,1,32
151.19.239.73,1,44
129.189.232.222,1,32
89.137.50.163,1,32
113.63.15.254,1,60
177.228.39.69,1,44
138.186.51.141,1,60
217.150.1.34,1,32
122.149.141.209,2,88
129.196.8.42,6,336
66.46.247.31,1,40
88.11.63.78,2,80
72.175.138.233,1,32
62.134.127.2,1,60
192.242.72.241,1,56
83.70.177.160,1,32
196.180.49.24,3,132
110.40.127.61,1,32
18.224.196.121,1,32
68.228.21.43,1,60
156.33.130.35,1,40
91.128.42.78,1,60
124.24.197.69,2,100
71.196.123.164,1,32
187.190.87.20,1,32
177.213.197.78,1,60
70.58.148.236,1,32
217.231.219.196,1,32
172.249.28.75,1,52
71.230.143.41,1,40
79.34.77.190,1,32
77.126.141.236,1,32
64.65.244.70,2,80
188.175.255.32,1,32
54.219.84.174,1,32
61.105.174.176,1,48
112.153.167.78,1,48
126.241.136.134,1,32
76.150.180.104,1,32
78.68.192.128,1,40
1.88.49.70,1,44
86.218.59.72,1,32
168.31.205.61,1,60
108.7.26.118,1,32
77.228.119.54,1,32
151.78.4.89,1,40
59.26.73.126,1,32
172.249.28.99,6,3099
201.68.15.107,1,40
189.222.177.187,1,40
60.153.141.167,1,48
14.157.81.226,1,60
71.230.250.249,2,80
24.239.238.225,1,32
80.130.187.38,1,32
73.248.107.175,1,60
80.215.98.181,1,32
201.26.254.177,1,32
68.74.189.228,2,80
220.171.159.68,1,48
51.161.89.58,1,60
54.49.152.123,1,76
96.29.187.100,1,32
58.233.41.196,1,32
128.78.227.242,1,40
108.90.86.33,1,32
69.103.212.69,1,32
87.170.106.115,1,32
209.118.238.118,1,52
2.151.242.211,1,32
52.248.173.170,1,76
213.119.52.247,1,32
217.173.134.246,1,32
185.153.62.210,1,32
115.206.228.149,1,60
177.228.132.115,1,40
171.61.18.175,1,40
177.144.171.161,1,32
18.226.215.110,1,32
91.101.78.201,1,32
95.241.183.178,1,40
186.168.130.173,1,32
118.179.92.135,1,32
177.140.123.139,1,44
172.249.25.177,7,1121
119.251.164.249,1,32
84.215.217.134,1,32
5.83.175.64,1,32
69.42.151.205,1,32
83.160.149.17,1,32
62.134.127.35,1,32
71.230.250.181,1,40
52.68.22.151,1,32
182.106.46.124,1,52
173.234.105.85,1,32
36.20.19.74,1,40
94.211.84.208,1,32
106.220.112.234,1,52
49.213.236.228,1,32
119.71.166.253,1,40
162.150.48.59,1,40
113.8.93.88,1,40
126.198.62.197,1,32
2.232.37.150,1,32
95.128.239.32,1,44
42.18.54.179,1,32
83.184.236.230,1,32
187.27.38.43,1,40
2.32.132.205,1,32
183.97.50.95,1,40
83.253.21.160,1,40
216.105.23.143,1,32
131.161.55.21,1,32
197.148.190.154,1,32
217.61.177.84,1,32
75.182.240.158,1,32
203.154.145.8,1,32
172.249.31.64,39,7617
60.237.72.48,1,32
39.47.146.247,1,32
27.47.79.29,1,52
78.52.203.12,1,32
189.41.181.174,1,32
213.238.61.144,1,32
188.178.233.245,1,32
94.180.91.155,1,40
123.212.214.98,1,32
79.115.203.17,1,32
211.25.221.16,1,32
58.46.57.35,1,32
76.225.244.8,1,32
203.172.182.248,1,32
58.196.96.127,1,32
220.235.16.120,1,60
67.177.227.58,1,32
99.220.105.140,1,32
195.5.115.57,2,120
177.212.80.154,1,56
89.179.140.91,1,32
31.150.165.17,1,60
50.184.223.137,1,32
83.205.118.145,1,60
185.134.52.211,7,847
134.214.194.172,1,40
95.136.176.112,1,32
201.182.80.244,1,52
111.204.202.37,1,32
91.242.35.207,1,32
23.80.3.220,1,68
45.120.75.251,1,60
50.140.185.33,1,32
120.144.149.221,1,76
178.181.104.98,1,32
199.51.37.237,1,32
188.104.142.212,1,40
160.164.224.32,1,32
118.119.214.34,1,32
111.194.129.35,2,88
41.46.137.236,1,40
66.249.182.82,3,509
152.88.38.90,1,32
192.227.98.131,1,52
71.168.22.98,1,32
123.134.127.255,1,32
179.56.35.136,1,60
12.60.145.161,1,32
221.46.104.170,1,52
189.12.86.204,1,32
27.123.133.254,1,32
88.11.63.76,4,160
221.9.242.142,1,40
72.181.100.36,1,32
61.80.219.94,1,40
112.239.194.39,1,76
190.189.58.247,1,32
196.160.64.136,1,32
104.12.67.198,1,32
109.234.121.198,1,32
200.71.37.242,1,32
159.52.36.12,3,120
182.223.150.124,1,40
200.56.221.28,1,32
222.152.31.65,1,44
78.127.49.180,1,32
220.205.90.141,1,60
106.93.86.112,1,32
78.157.66.67,1,32
93.246.34.153,1,32
93.50.204.40,1,32
211.236.126.179,1,40
77.188.26.120,1,32
77.29.233.65,1,32
203.177.150.182,1,32
1.60.215.179,1,32
68.57.252.85,1,32
23.119.160.171,1,32
168.109.174.21,1,56
90.177.22.184,1,32
119.71.60.207,1,40
126.129.100.16,1,32
14.97.231.240,1,32
71.230.250.230,1,40
79.56.88.220,1,32
179.112.1.28,1,32
73.185.202.96,1,32
82.231.255.209,1,32
83.149.5.219,1,44
182.79.142.144,1,32
87.54.122.176,1,40
108.176.67.45,1,32
52.16.11.217,1,32
109.174.173.59,1,70
34.221.181.153,1,32
129.237.165.172,1,32
5.66.86.51,1,44
5.64.104.148,2,80
185.40.123.245,1,32
67.190.139.12,1,32
91.35.43.206,1,40
81.142.2.214,1,44
181.73.234.144,1,32
79.103.63.249,1,32
61.82.68.242,1,60
189.140.167.141,1,32
35.20.96.59,1,52
73.176.244.108,1,32
13.161.169.82,1,52
61.202.18.62,1,32
183.136.162.246,2,80
222.220.144.174,1,56
71.34.126.171,1,32
74.109.52.24,1,32
84.153.212.98,1,32
186.47.107.197,1,32
197.5.195.252,1,44
58.49.5.13,1,52
178.101.210.97,1,32
58.205.237.112,1,32
113.32.180.53,1,32
92.93.201.136,2,164
217.119.219.64,1,32
95.96.233.76,1,32
39.17.203.145,1,60
35.83.231.252,1,32
177.195.44.126,1,60
70.49.129.173,1,32
114.59.17.49,1,32
66.74.66.253,1,32
82.121.143.88,1,32
208.36.1.238,1,60
114.165.232.230,1,52
110.77.239.176,1,52
190.163.243.160,1,32
221.156.100.252,1,32
119.131.18.127,1,32
223.0.215.181,1,114
139.14.113.129,1,32
126.23.44.17,1,76
139.232.55.227,1,48
196.59.59.251,1,40
84.21.169.180,1,32
1.199.171.229,1,60
122.11.91.44,1,32
184.183.238.179,1,32
52.99.13.230,1,32
213.216.186.38,1,96
82.247.58.211,1,40
94.93.85.83,1,32
18.182.137.232,1,76
176.47.191.38,1,40
71.230.250.79,1,40
66.45.58.7,1,32
78.234.38.21,1,40
172.249.25.181,7,2084
50.12.46.193,1,32
78.169.16.14,1,48
60.73.52.24,1,76
196.76.161.164,1,32
60.246.113.95,1,32
193.5.242.249,1,32
134.21.12.230,1,32
191.99.127.128,1,32
59.71.186.10,1,40
189.35.7.17,1,40
93.216.164.119,1,32
145.253.1.133,1,60
151.247.151.160,1,32
92.51.252.70,1,32
184.21.16.38,2,88
182.8.242.70,1,32
77.8.254.179,1,32
222.217.108.152,1,44
73.91.116.209,1,32
175.218.166.253,1,40
73.119.31.112,1,32
78.6.105.81,1,32
210.148.141.33,1,40
185.180.150.38,1,32
166.246.88.83,1,32
221.99.32.75,1,32
192.8.17.181,1,32
113.28.154.216,1,40
4.127.0.141,1,32
114.23.62.149,1,32
207.173.74.103,1,32
183.117.93.67,1,76
192.134.82.123,1,40
76.78.11.59,1,32
116.250.205.138,1,60
83.0.23.209,1,32
205.22.42.38,1,32
178.112.89.27,1,32
5.64.104.146,1,40
85.60.225.112,2,120
142.83.196.249,1,32
173.252.236.73,1,60
58.195.254.187,1,60
177.202.160.17,1,60
94.252.122.170,1,32
106.32.172.226,1,32
14.55.221.201,1,32
83.195.105.33,1,32
94.190.66.147,2,120
175.162.26.93,1,40
151.217.97.161,1,44
37.36.6.7,1,32
120.202.118.39,1,52
84.164.230.252,1,32
116.176.178.72,1,32
170.219.171.238,1,32
92.243.105.197,1,32
99.212.218.26,1,32
118.88.7.222,1,32
34.238.104.182,1,32
71.230.250.234,1,40
126.184.134.226,1,32
185.126.164.186,9,381
222.118.54.39,1,32
2.194.84.141,1,32
114.158.118.252,1,32
173.223.116.16,1,32
90.35.31.116,1,32
91.251.25.42,1,32
187.78.249.143,1,40
14.131.24.51,1,32
89.145.19.175,1,40
179.188.22.152,1,32
94.176.204.228,1,32
17.188.246.185,1,105
65.156.47.187,1,40
197.52.143.94,1,32
31.104.22.29,1,32
138.128.143.108,1,32
177.206.149.140,1,32
112.177.164.57,1,32
70.67.108.248,1,32
190.128.45.96,1,32
83.16.35.254,1,32
71.230.250.9,2,80
176.255.168.221,1,32
178.37.29.170,1,44
82.165.181.114,1,32
187.46.129.5,1,32
92.92.9.107,1,52
37.217.74.4,2,80
68.70.43.194,1,32
46.158.181.171,1,32
103.241.207.81,1,32
78.235.243.163,1,32
122.57.30.253,1,44
175.237.31.19,1,32
187.20.75.179,1,32
151.252.175.248,1,32
89.223.52.229,1,32
184.35.79.19,1,32
120.159.106.216,1,40
86.177.241.195,1,32
80.180.7.227,1,32
106.52.115.59,1,60
115.74.100.131,1,32
183.172.255.67,1,48
24.223.119.161,1,40
112.163.38.113,1,40
201.106.140.1,1,32
73.145.214.85,2,80
109.19.137.186,1,40
39.40.86.27,1,32
141.103.156.164,1,32
58.58.167.134,1,32
121.219.241.240,1,32
69.139.99.252,1,32
123.189.98.16,1,40
64.54.224.188,1,60
184.26.26.140,1,32
126.191.78.49,1,32
71.230.250.217,1,40
60.137.92.69,1,32
73.129.87.244,1,32
86.170.12.25,1,60
37.17.212.188,1,40
222.78.233.224,1,32
123.157.98.151,1,32
165.230.183.164,3,225
171.162.238.29,1,32
190.63.66.69,1,32
12.17.112.41,1,32
133.205.110.106,1,32
165.230.183.165,1,76
171.170.24.201,1,32
62.181.3.24,1,44
99.37.199.208,1,32
85.197.22.5,1,32
188.217.84.71,1,32
103.30.108.177,3,120
181.205.133.211,1,32
41.214.241.9,1,32
41.28.182.212,1,32
213.167.180.1,1,32
59.6.47.56,1,32
80.160.97.26,1,32
52.72.189.249,1,32
80.223.233.221,1,32
216.68.133.227,5,740
90.8.252.243,1,32
185.182.103.104,1,40
113.218.222.96,1,44
23.253.205.233,1,32
23.230.123.233,2,104
174.19.104.119,1,60
31.173.102.120,1,32
73.121.237.6,1,32
66.220.149.66,1,68
192.240.11.194,1,60
34.198.89.183,5,313
90.41.82.117,1,32
61.108.248.17,1,48
193.143.15.16,1,40
87.202.4.198,1,32
27.176.86.212,1,32
71.230.250.52,2,80
65.249.238.74,1,32
47.40.238.169,1,32
122.224.241.175,1,76
177.100.8.189,4,160
196.180.49.64,3,174
81.60.22.57,1,32
37.177.58.70,1,32
213.215.245.59,4,353
74.193.187.87,12,1728
73.215.180.60,1,32
114.165.36.214,1,48
188.87.5.13,1,32
62.246.9.155,1,32
24.62.195.162,1,32
12.32.133.182,1,32
196.180.49.41,1,45
124.254.24.235,1,32
125.64.91.231,1,32
88.169.75.153,1,32
94.246.233.95,1,32
176.37.88.80,1,32
60.28.41.191,1,52
5.64.104.157,1,40
119.180.197.13,1,52
108.44.238.114,1,32
182.89.137.202,15,9155
197.249.251.227,2,100
122.7.99.95,1,32
72.92.78.193,1,60
93.187.247.133,1,32
121.95.143.128,1,40
217.41.194.1,1,32
119.9.137.17,1,32
109.16.51.195,1,32
125.188.224.191,1,32
179.158.122.233,1,32
90.181.204.17,1,32
104.181.115.24,1,32
93.147.128.105,1,32
189.218.185.249,1,32
82.126.59.87,1,32
220.74.22.154,1,32
177.244.89.174,1,32
50.1.23.119,1,32
172.212.104.134,1,32
159.187.123.22,1,32
84.16.73.177,1,32
52.163.214.248,1,146
104.248.65.1,5,200
182.49.18.225,1,48
114.161.152.164,1,52
87.81.223.78,1,32
202.112.47.138,1,40
83.246.195.218,1,32
118.252.46.89,1,32
193.189.184.8,1,44
193.77.26.105,1,32
72.156.232.11,1,32
66.229.137.204,1,32
98.26.231.117,1,32
69.127.125.185,1,32
13.30.5.30,1,76
112.129.87.182,1,32
181.195.237.139,1,32
41.149.143.208,1,32
126.113.118.67,1,32
66.29.200.107,1,32
46.148.171.195,1,32
39.7.126.144,1,76
94.156.215.33,3,120
143.7.83.148,1,40
204.242.26.122,2,478
95.197.207.61,1,52
50.193.39.229,1,40
210.29.95.78,1,32
107.161.135.134,1,40
93.235.105.83,1,32
176.62.233.105,1,32
165.116.13.224,3,167
23.231.40.139,1,32
179.184.115.89,1,44
94.67.60.177,1,60
84.37.209.177,1,52
218.108.109.79,1,32
54.172.88.210,1,32
47.80.84.57,1,40
131.94.241.54,1,40
91.27.149.81,1,32
96.110.64.230,1,56
88.202.130.235,1,32
23.100.14.80,31,45168
221.23.21.122,1,52
198.129.56.185,1,93
186.6.210.233,1,40
184.163.42.86,1,32
191.120.113.14,1,32
175.137.34.58,1,32
88.20.25.1,1,32
222.236.111.20,1,40
188.78.43.247,1,32
36.172.6.16,1,132
203.136.251.100,1,44
109.230.245.127,1,32
164.165.38.202,1,44
112.136.13.246,1,32
61.67.231.16,1,32
182.220.252.163,1,32
171.159.41.42,1,32
27.213.219.94,1,48
83.80.91.196,1,32
190.53.113.174,1,60
66.52.18.150,1,32
190.254.209.137,1,32
45.65.155.155,1,32
49.64.139.153,1,32
82.129.86.220,1,32
167.139.25.77,1,40
91.133.183.14,1,32
91.19.23.146,1,32
85.200.234.240,1,52
39.247.10.192,2,120
177.149.111.170,1,32
151.16.109.2,1,32
180.125.155.161,1,32
190.217.15.221,1,32
101.174.48.161,1,32
80.128.150.251,1,32
75.171.99.132,1,32
216.125.124.9,1,32
95.241.211.245,1,60
173.171.174.14,1,32
178.169.249.143,1,32
213.38.161.3,1,40
216.44.164.215,1,75
179.88.154.14,1,40
211.233.3.188,1,76
27.253.147.128,1,60
66.90.58.118,1,76
185.13.104.254,1,40
62.76.138.100,1,32
96.222.27.147,1,32
125.31.195.132,1,32
61.90.249.244,1,48
5.139.23.47,1,32
139.173.128.224,2,114
89.117.220.173,1,56
177.60.99.74,1,32
211.165.251.177,1,40
198.236.44.129,1,60
179.82.9.186,1,40
89.191.249.127,1,32
23.64.129.206,1,135
51.29.133.124,1,32
72.80.21.216,1,60
69.101.105.42,1,32
72.105.228.221,1,32
66.7.222.127,1,32
123.114.123.66,1,48
112.228.90.171,1,76
142.161.195.55,2,80
220.128.170.88,1,32
24.15.117.55,1,40
128.36.163.202,1,32
210.135.31.117,1,87
80.103.227.1,1,56
105.144.254.225,1,32
128.33.196.68,1,32
62.204.52.51,1,32
198.129.57.54,1,77
95.23.18.162,1,32
122.242.145.82,1,32
67.140.150.243,1,32
90.130.48.226,4,160
203.136.241.37,1,44
219.101.95.157,1,32
203.136.241.38,1,44
31.208.102.120,1,40
124.153.25.98,1,60
176.125.203.79,1,32
119.83.60.185,1,32
180.159.242.28,1,48
121.184.95.243,1,32
172.113.115.241,1,32
172.103.157.2,1,40
142.81.214.143,1,32
172.196.167.254,1,32
178.54.17.226,1,32
177.148.240.64,1,40
13.206.156.234,1,76
196.173.247.25,1,32
120.107.227.221,1,32
220.149.58.3,1,40
58.164.202.92,1,60
104.25.139.51,1,32
95.16.232.62,1,32
169.60.75.3,1,32
216.103.125.82,1,32
71.230.152.134,5,219
171.170.74.250,1,76
107.177.240.129,1,32
113.197.24.227,1,48
172.110.96.47,1,32
182.79.179.91,1,44
62.167.12.106,1,32
222.111.94.13,1,32
221.100.38.237,1,32
113.198.38.166,1,48
65.64.244.54,1,32
182.48.106.228,1,60
190.4.43.61,1,32
170.9.236.48,1,32
95.23.107.202,1,52
173.163.27.161,1,32
118.0.124.202,1,32
139.173.141.211,1,40
188.58.158.188,1,32
68.74.23.188,3,120
58.194.249.251,1,60
58.48.50.45,1,32
103.11.11.38,1,32
103.216.232.111,1,32
101.32.208.211,1,32
177.189.104.248,1,32
93.223.19.206,1,32
93.39.111.241,1,32
86.167.145.58,1,32
93.48.106.58,1,52
54.49.14.41,1,76
180.138.30.187,4,160
152.35.98.252,1,44
114.45.128.124,1,32
208.121.6.206,7,1095
160.174.91.182,1,32
37.17.222.88,1,40
162.25.175.234,1,32
4.46.224.150,1,32
210.163.193.145,1,60
79.18.203.57,1,32
78.23.125.83,1,32
178.59.129.28,1,32
188.9.195.126,1,40
119.133.183.202,1,104
107.9.4.236,1,32
217.21.23.206,1,32
190.205.187.204,1,32
104.154.189.193,1,32
125.35.189.127,1,44
41.166.217.190,1,32
185.20.212.237,1,44
65.154.65.6,1,32
115.205.103.83,1,32
111.248.214.88,1,32
119.190.22.182,1,52
133.202.120.126,1,32
121.141.118.173,1,32
143.192.85.118,3,156
36.4.88.188,1,60
86.134.150.111,1,32
121.111.150.103,1,32
177.71.95.189,1,60
13.207.135.19,1,76
113.55.249.192,1,60
216.46.173.177,1,40
113.101.255.42,1,76
93.234.71.23,1,32
52.127.204.248,1,32
37.189.115.227,1,32
120.149.144.159,1,32
211.172.72.9,1,60
145.146.35.99,2,80
81.244.122.34,1,32
81.134.166.96,1,32
88.237.97.10,1,32
211.237.32.15,1,56
151.44.237.146,1,44
177.254.16.218,1,60
100.213.223.179,1,32
88.241.23.209,1,32
141.149.249.0,2,80
195.188.68.23,1,32
27.33.13.195,1,32
198.252.61.115,1,32
113.39.73.87,1,58
1.16.214.236,1,32
200.127.233.74,1,32
219.4.191.199,1,32
1.252.148.226,1,32
2.100.151.80,2,104
113.149.157.175,1,40
64.65.244.174,1,40
45.56.91.160,2,80
76.133.193.193,1,32
5.161.254.191,1,84
172.249.162.130,2,104
37.42.105.62,1,32
192.35.170.125,8,5049
76.236.246.250,1,32
85.87.155.142,1,32
188.103.255.169,2,104
46.237.196.95,1,32
84.154.169.66,1,32
37.192.115.29,1,32
109.218.233.199,1,32
73.89.214.28,1,32
189.115.215.93,1,32
118.135.40.6,1,52
54.36.132.88,1,32
187.59.32.122,1,32
5.64.104.128,1,40
222.128.89.181,1,58
71.230.143.47,1,40
160.172.215.175,1,32
96.59.179.155,1,32
222.66.224.193,1,32
189.18.125.18,1,32
60.151.108.130,1,40
74.106.80.143,1,32
45.173.104.225,1,32
114.168.132.140,1,40
71.230.250.172,1,40
175.224.145.232,1,32
89.129.62.155,1,48
131.114.130.4,1,32
179.237.54.186,1,32
191.102.119.115,1,32
36.172.7.88,1,76
83.91.133.208,1,32
206.98.156.2,1,32
123.112.130.162,1,60
218.225.197.124,1,56
119.17.223.186,1,32
12.92.41.98,1,32
2.239.196.65,1,32
45.71.196.25,1,32
85.22.74.9,1,44
63.210.253.190,1,32
153.83.64.186,1,32
88.183.222.103,1,32
217.163.239.89,1,32
2.61.150.122,1,32
143.253.165.135,1,32
106.4.66.170,4,272
27.51.216.41,1,32
189.86.240.180,1,32
71.230.251.248,1,40
67.12.152.204,1,32
184.113.128.228,1,32
177.11.115.11,1,32
45.168.240.58,1,60
81.203.242.52,1,32
122.180.0.185,1,56
197.132.156.161,1,60
181.0.210.232,1,32
172.249.25.186,8,1514
170.17.185.6,1,44
115.134.128.192,1,32
106.104.116.205,1,32
54.48.140.177,1,76
113.30.161.108,1,52
115.234.138.22,1,32
151.150.187.160,1,52
109.206.125.129,1,32
80.250.143.65,1,32
75.79.43.5,1,32
63.221.194.178,1,32
80.215.15.115,1,40
179.93.13.50,1,40
94.149.203.173,1,32
60.65.31.144,1,32
139.173.130.252,2,80
188.125.29.68,1,32
114.233.15.105,1,76
171.231.135.152,1,40
173.182.181.137,1,32
81.94.146.154,1,32
186.62.1.181,1,32
111.178.156.229,1,40
180.141.78.82,1,40
172.103.155.75,1,40
123.16.73.184,1,32
117.37.215.235,1,32
71.151.201.199,1,32
108.70.195.103,1,32
83.244.112.130,1,32
67.253.43.3,1,32
194.211.181.234,1,32
62.192.57.224,1,32
116.248.54.65,1,40
221.162.45.241,1,32
210.238.246.53,1,32
186.5.42.12,1,32
89.121.222.26,1,32
5.64.104.149,2,80
23.124.17.87,1,32
77.89.105.63,1,52
183.107.34.78,1,40
112.184.238.67,1,32
142.161.207.203,1,40
162.20.39.96,1,32
222.209.233.97,1,76
125.163.41.249,1,52
64.220.169.70,1,32
88.11.63.93,2,80
120.131.1.3,1,40
173.60.226.170,1,40
46.191.230.249,1,32
91.39.130.255,1,132
80.92.28.104,1,32
173.62.81.247,1,32
88.137.169.59,1,32
106.82.187.35,1,60
93.64.26.187,1,56
36.167.241.118,1,76
147.130.116.210,1,32
176.127.223.171,1,60
14.32.35.64,1,32
213.173.98.37,1,32
189.86.172.129,1,44
109.31.24.0,1,32
91.223.193.79,1,32
183.103.200.108,1,32
79.39.22.60,1,44
27.237.215.43,1,79
210.156.142.139,1,117
116.159.188.140,1,32
222.209.210.62,1,132
77.85.150.1,1,44
24.91.25.79,1,32
118.229.201.24,1,40
222.160.77.116,1,32
105.136.171.208,1,32
95.249.159.206,1,40
179.121.239.90,1,32
58.220.82.58,1,32
185.233.198.63,1,32
70.53.110.5,1,52
111.73.22.133,1,60
218.143.242.249,2,92
200.177.123.206,1,32
85.167.20.42,1,32
46.46.150.147,1,32
69.38.122.76,1,32
97.47.99.220,1,32
191.192.7.200,1,32
182.160.195.27,1,32
185.253.161.126,1,32
14.88.80.115,1,48
189.116.15.193,1,32
111.249.58.77,1,52
52.112.192.179,1,52
72.243.38.148,1,95
71.230.250.54,1,40
177.196.229.122,1,60
122.136.156.203,1,32
182.99.211.112,1,32
95.75.240.197,2,293
117.231.55.218,1,40
1.69.144.238,1,40
82.78.240.252,1,32
176.5.109.63,1,44
96.33.156.21,1,32
201.134.253.83,1,32
70.80.96.193,1,32
77.228.38.29,8,5814
67.54.101.133,1,32
118.30.163.197,1,48
122.115.238.199,1,32
78.4.91.99,1,60
104.179.138.10,1,60
113.221.98.126,1,52
170.178.186.22,1,60
122.57.162.86,1,44
103.61.108.246,1,48
79.81.28.227,1,32
210.19.128.25,1,60
89.238.150.56,1,32
86.101.11.135,1,32
103.198.19.107,1,48
52.94.120.10,1,110
134.21.252.115,1,60
60.31.246.178,1,32
176.126.86.99,1,32
177.165.34.34,1,40
98.3.213.241,1,32
95.19.144.21,1,52
187.108.41.34,1,32
80.38.92.249,1,32
95.241.211.106,1,32
139.170.210.16,1,52
62.232.76.154,1,76
196.218.190.61,1,32
80.112.93.224,1,32
112.240.41.251,1,48
183.173.151.251,1,40
179.220.69.223,1,40
81.152.140.201,1,32
74.244.18.4,1,32
116.178.223.67,1,32
101.47.155.92,1,32
94.20.115.41,1,32
54.245.67.48,7,530
109.125.82.188,1,32
94.49.62.186,1,40
54.137.135.129,1,32
84.89.11.27,1,32
14.20.244.112,1,40
175.111.72.216,1,32
125.202.238.40,1,32
2.204.77.65,1,32
217.228.121.12,1,32
62.253.212.127,1,32
119.137.248.66,1,76
12.27.222.74,1,32
162.150.152.161,1,32
201.203.3.202,1,32
85.110.131.101,14,560
111.165.238.161,1,32
64.121.156.67,1,32
87.122.43.202,1,32
14.141.17.249,1,32
51.60.122.102,1,76
52.250.110.162,1,76
154.114.11.167,1,32
187.162.147.110,1,60
80.98.87.161,1,32
122.162.217.96,1,32
197.54.166.132,1,40
190.239.46.107,1,40
193.223.183.73,1,40
73.76.193.255,1,32
23.100.131.136,110,160912
43.192.33.102,1,32
113.183.40.202,1,32
165.158.49.92,1,32
189.180.151.191,1,32
221.7.84.38,1,60
177.58.229.17,1,32
52.227.116.1,13,6925
52.252.95.0,1,76
14.100.20.238,1,32
112.22.207.152,1,32
123.107.207.149,1,60
24.206.201.182,1,32
192.227.96.253,7,4667
181.207.224.189,1,32
93.161.97.147,1,40
218.128.12.170,1,52
118.65.81.180,1,32
71.230.250.187,1,40
81.232.16.171,1,32
183.254.121.108,1,76
172.19.142.104,1,32
96.90.61.225,1,32
1.72.21.129,1,60
213.95.28.189,1,32
192.148.95.165,1,60
86.239.227.185,1,32
222.221.250.98,1,32
14.40.241.162,1,32
125.241.70.65,1,60
88.79.181.6,1,32
121.182.81.65,1,32
34.228.2.75,1,32
12.208.48.10,1,32
1.4.158.200,1,32
75.105.128.102,1,32
81.173.215.121,1,40
186.52.46.145,1,32
49.244.91.89,1,40
183.120.152.159,1,32
213.93.18.191,1,32
79.108.203.131,1,32
73.254.145.91,1,32
180.145.220.207,1,32
142.161.201.125,1,40
86.156.76.88,1,32
84.179.3.231,1,44
115.197.109.13,1,32
83.161.20.121,1,32
46.183.120.108,1,40
69.239.160.77,1,32
187.236.38.165,1,32
177.31.103.150,1,32
77.98.105.226,1,32
34.248.140.204,1,32
80.56.90.227,1,44
209.21.205.105,1,32
75.148.54.86,1,32
171.202.85.225,1,32
129.232.156.193,1,32
176.27.175.142,1,56
177.58.155.150,1,40
131.159.150.13,1,60
164.48.28.89,2,88
103.31.19.58,1,60
115.215.78.199,1,32
173.55.222.90,1,60
183.86.152.59,1,32
70.34.12.130,1,32
39.36.71.154,2,88
35.91.146.47,1,32
59.127.136.152,1,40
23.10.125.197,1,32
119.139.23.211,1,52
93.168.132.3,1,32
58.63.155.63,1,32
50.218.143.137,1,40
24.143.169.57,1,32
79.105.34.56,1,40
125.208.110.200,1,40
179.215.26.115,1,32
50.154.144.255,1,60
108.73.130.252,1,40
79.161.70.32,1,40
70.44.5.68,1,32
190.29.120.156,1,60
102.80.208.166,1,32
172.249.28.107,1,519
115.102.174.131,1,32
89.17.29.123,1,32
211.236.126.187,1,40
52.74.166.225,1,32
79.61.157.84,1,32
126.177.163.249,5,474
17.203.227.33,1,105
79.124.37.53,1,32
85.173.150.197,1,32
27.46.205.137,1,32
98.87.210.27,1,32
24.72.87.27,1,32
12.27.222.69,1,60
121.104.64.63,1,60
197.60.127.7,1,40
112.216.174.26,1,32
5.62.127.68,1,32
184.170.126.252,1,32
1.61.251.213,1,48
83.254.206.102,1,40
201.79.139.146,1,32
115.195.202.176,1,40
171.53.186.209,1,76
50.251.145.133,1,32
13.176.48.193,1,40
59.27.59.220,1,32
73.10.81.189,1,32
41.165.74.103,1,71
101.198.29.232,1,48
186.179.134.170,1,32
95.62.115.5,1,32
113.45.97.231,1,48
108.28.117.164,1,32
159.231.152.62,1,32
171.49.213.193,1,52
27.37.163.223,1,32
71.230.250.245,1,40
91.185.14.204,1,32
83.172.205.173,1,32
23.93.204.83,1,32
37.106.213.224,1,40
152.120.82.101,1,60
220.144.160.133,1,40
216.178.182.178,1,32
197.22.95.76,1,32
106.10.207.249,1,52
81.195.251.212,1,40
106.96.90.9,3,120
66.82.141.64,1,32
69.32.31.151,1,32
91.115.40.228,1,32
177.223.184.81,1,32
90.91.109.139,1,32
24.212.46.244,1,32
203.36.184.198,1,32
78.139.141.13,1,32
121.147.159.168,1,32
49.111.196.90,1,32
90.114.215.166,1,32
68.160.142.215,1,32
72.172.86.177,1,32
71.61.110.67,1,32
171.238.129.163,1,52
113.215.193.135,1,76
194.119.188.237,1,32
41.252.181.138,1,60
196.180.49.74,4,176
88.249.152.23,1,32
46.6.102.27,1,32
85.181.17.176,1,32
125.146.86.216,1,32
186.53.108.242,1,60
69.109.246.197,1,230
195.244.231.122,1,60
217.197.22.117,1,32
222.70.128.207,1,32
180.187.231.137,1,32
69.87.244.31,1,32
119.73.164.54,1,32
182.89.137.223,9,7001
46.11.180.209,1,32
42.54.8.79,1,32
203.197.14.22,1,32
89.148.169.15,1,32
40.133.73.102,1,32
126.154.244.53,1,32
138.58.130.19,1,32
91.181.117.152,1,32
190.40.105.220,2,80
103.240.85.123,1,52
191.109.235.227,1,40
212.67.93.49,1,60
220.178.153.41,1,32
188.89.15.130,1,32
98.128.75.46,1,32
89.46.161.212,1,32
98.8.223.32,1,32
86.168.255.146,1,32
77.57.226.26,1,32
62.67.241.150,1,32
122.60.121.162,1,44
183.241.125.67,1,32
89.89.74.167,1,32
91.106.222.175,1,60
200.54.233.208,1,32
86.110.1.71,1,56
104.109.231.73,2,135
54.237.181.89,1,32
190.228.115.125,1,32
144.111.36.127,1,48
119.68.146.68,1,76
184.165.45.166,1,32
82.67.181.51,1,32
202.95.176.126,1,32
94.6.223.230,1,52
74.193.223.230,1236,1790604
221.38.61.197,1,32
2.232.215.4,1,32
83.12.227.103,1,32
123.154.39.0,1,60
106.201.7.6,1,32
59.77.229.197,1,40
179.52.31.181,1,32
88.55.138.50,1,44
118.55.36.233,1,32
218.197.242.115,1,32
108.171.173.82,1,32
220.145.47.251,1,40
201.185.89.182,1,32
189.210.238.41,1,32
58.22.11.243,1,32
92.34.31.101,1,32
178.28.148.75,1,40
36.23.94.119,1,40
95.218.210.209,2,80
193.175.190.11,1,32
140.144.57.43,2,111
114.213.59.33,1,52
153.28.128.129,1,32
147.104.107.203,1,40
47.22.221.37,1,32
177.52.17.15,1,32
182.104.242.67,1,48
160.225.120.132,1,32
183.174.28.217,1,52
71.130.208.230,1,32
71.23.86.87,1,32
187.234.165.66,1,44
123.142.153.13,1,52
221.168.227.128,1,32
183.251.33.187,1,48
52.248.149.88,1,76
85.150.38.243,1,32
14.186.5.239,1,32
139.164.184.130,1,32
116.25.171.167,1,32
113.160.249.210,1,52
115.250.28.220,1,32
78.25.94.118,1,32
80.154.79.114,1,32
50.13.152.78,1,32
211.236.126.189,2,80
126.218.92.205,12,1176
2.39.49.220,1,32
82.42.227.211,1,32
206.163.6.84,1,60
148.51.121.219,1,32
207.23.214.190,1,32
117.233.173.188,2,88
71.213.4.212,1,32
27.49.181.56,1,52
94.253.31.251,1,32
37.231.107.166,1,32
68.105.127.64,1,40
180.93.96.33,1,52
198.41.153.96,2,498
196.248.234.101,1,32
73.136.91.212,1,32
115.88.101.182,1,60
81.128.190.44,1,56
42.248.8.98,1,52
182.191.204.26,1,32
64.137.89.59,1,32
185.172.142.171,1,32
104.166.155.197,1,32
207.10.46.174,1,32
126.48.52.71,5,350
162.45.102.191,1,32
95.232.105.49,1,32
126.228.234.151,1,32
2.77.0.160,1,52
120.104.98.80,1,40
74.193.127.106,1127,1543492
24.217.12.227,1,44
149.175.178.81,1,32
85.62.237.62,1,32
183.145.95.37,1,40
197.242.54.97,1,32
107.157.250.21,1,40
79.245.141.177,1,32
129.196.10.251,1,96
61.26.113.148,1,40
121.71.39.245,1,32
110.71.6.181,1,132
37.17.181.182,1,40
81.183.40.229,1,32
160.225.108.190,2,100
177.160.142.157,1,56
31.110.109.2,1,40
68.32.90.80,1,32
182.9.219.179,1,32
171.213.152.246,1,32
66.147.92.145,1,32
14.76.69.112,1,60
213.19.51.223,1,32
50.10.56.189,1,32
96.199.151.38,1,40
90.26.228.66,1,32
172.103.173.194,2,80
79.99.35.83,1,32
223.4.239.94,1,60
183.173.143.126,1,52
103.46.174.216,1,32
120.221.217.126,1,32
180.80.210.92,1,32
172.103.180.58,2,80
201.104.187.150,1,40
222.112.115.193,1,32
183.252.8.146,1,60
14.84.90.236,1,52
49.215.165.34,1,48
41.21.106.64,1,32
139.243.113.238,1,52
95.171.226.66,1,32
77.16.155.245,1,32
94.150.40.249,1,32
103.47.16.65,1,52
123.19.23.212,1,44
79.14.67.189,1,32
59.19.209.92,1,32
90.20.145.157,1,32
212.129.129.5,1,32
118.25.246.154,1,32
195.10.64.189,1,32
78.12.31.90,1,32
87.183.181.133,1,32
64.4.175.222,1,32
139.173.134.7,1,40
35.92.136.154,1,32
113.125.46.229,1,40
93.245.191.246,1,32
45.213.23.18,1,32
125.197.175.107,1,32
118.15.30.136,1,32
45.32.47.51,1,76
118.171.84.71,1,32
126.218.96.97,5,293
163.162.161.94,1,64
115.57.64.160,1,32
49.92.248.56,1,32
189.157.115.37,1,32
179.48.176.113,1,60
117.10.98.177,1,132
85.120.25.167,1,40
80.219.48.169,1,32
185.125.131.41,1,52
115.248.230.197,1,32
73.205.192.42,1,32
209.118.55.114,1,32
125.235.91.122,1,48
75.159.13.23,1,32
24.30.80.56,1,32
218.128.12.141,6,336
52.113.123.157,1,32
123.136.4.175,1,32
212.231.72.90,1,60
107.164.100.235,1,32
174.239.45.18,1,32
60.211.137.236,1,32
119.64.110.243,1,32
114.199.77.38,1,32
125.33.208.138,1,44
58.237.205.88,1,32
12.222.39.145,1,32
72.227.168.57,1,32
110.39.97.49,1,32
184.121.36.83,1,32
140.93.215.6,1,32
116.251.232.178,1,32
103.112.155.109,3,187
74.34.254.109,1,56
160.170.58.108,1,32
185.201.23.248,1,32
83.198.115.125,1,32
113.31.82.248,1,52
83.153.2.231,1,32
112.153.171.148,1,52
24.255.6.162,1,32
191.157.202.134,1,32
1.254.63.27,1,32
87.122.180.21,1,32
118.49.105.38,1,32
107.11.182.108,1,32
69.212.73.202,1,32
190.233.57.102,1,32
104.89.24.187,1,32
83.206.126.226,1,40
114.167.22.11,1,40
112.171.145.15,1,40
114.28.17.178,1,40
174.127.67.4,1,32
70.127.193.74,1,32
80.149.43.175,1,32
117.115.67.166,1,32
221.116.177.250,1,32
118.75.48.199,1,40
139.242.191.135,1,76
102.129.15.73,1,32
110.201.157.47,1,76
90.113.152.197,1,40
179.4.191.243,1,32
222.182.182.70,1,32
67.139.210.191,1,32
176.202.113.194,1,32
187.198.7.38,1,40
52.15.167.76,1,72
171.168.73.46,1,52
2.65.196.204,1,32
73.9.174.90,1,32
186.223.235.97,1,32
45.26.159.225,1,32
222.114.174.163,1,32
121.148.33.198,1,58
198.37.175.76,152,223997
199.88.72.188,1,32
186.42.144.29,1,60
52.72.185.234,3,2943
36.6.52.92,1,32
123.119.185.255,1,60
84.16.133.84,1,32
106.52.53.181,1,60
139.173.141.120,2,80
180.78.253.12,1,40
216.143.174.134,1,32
188.123.160.22,1,32
97.63.246.251,1,32
104.210.79.247,1,32
197.21.38.246,1,32
185.184.31.245,1,32
123.107.207.183,1,60
35.125.105.83,1,32
13.31.242.0,1,32
63.79.109.41,1,32
106.4.184.82,1,32
115.46.203.5,1,48
5.37.150.40,1,32
27.180.70.198,1,40
203.20.6.23,1,32
78.65.235.2,1,44
5.43.39.38,1,32
103.232.65.59,6,240
71.230.250.224,1,40
177.229.12.244,1,32
81.192.144.5,1,40
192.226.144.81,4,2520
221.252.137.63,1,32
188.62.31.163,1,32
109.202.145.114,1,40
42.177.120.101,1,32
54.38.119.173,1,32
82.55.127.212,1,32
34.232.60.111,1,32
27.180.87.161,1,44
164.48.28.74,2,88
79.111.214.94,1,32
198.111.69.151,1,32
167.193.13.211,1,32
189.42.119.95,1,32
145.146.21.151,1,40
80.159.21.57,1,90
23.60.173.60,1,32
196.199.149.203,1,32
91.11.172.197,1,40
91.141.220.157,1,32
108.49.116.100,1,32
185.111.100.3,1,52
179.28.121.98,1,32
125.109.193.131,1,32
59.17.105.249,1,60
77.215.99.5,1,52
196.71.234.212,1,32
178.21.226.147,1,32
202.129.62.160,8,1412
113.159.91.185,1,32
89.246.202.193,1,32
112.172.130.117,1,60
113.71.62.202,1,52
27.33.139.8,1,40
84.129.195.51,1,32
124.0.180.198,1,32
42.133.249.247,2,116
90.39.160.112,1,32
87.128.36.63,1,52
45.55.107.98,1,32
138.185.167.66,1,44
193.176.27.140,1,32
116.171.134.237,1,32
200.216.245.142,1,32
208.127.37.190,1,32
66.249.182.128,4,787
207.13.106.217,1,32
73.43.137.25,1,32
13.194.157.112,1,32
71.230.250.138,1,40
180.139.240.89,1,48
211.74.196.54,1,32
54.244.179.120,1,32
87.226.128.27,1,32
121.113.24.9,1,32
54.175.69.186,1,32
46.176.253.175,1,32
180.138.99.148,1,32
125.236.24.132,1,60
167.139.227.181,1,60
217.214.17.45,1,32
101.60.80.198,1,32
69.173.46.231,1,32
117.82.214.138,1,40
177.95.215.52,1,32
41.37.233.10,1,40
192.23.58.57,1,32
175.245.213.104,1,32
115.40.240.213,1,76
27.126.86.119,1,48
119.1.130.138,1,32
75.91.105.99,1,32
217.145.6.189,1,32
111.73.66.237,1,60
177.213.194.163,1,96
86.198.40.3,1,32
201.233.118.100,1,32
178.188.234.235,1,32
87.114.188.80,1,32
104.239.17.115,1,32
179.71.204.104,1,32
1.77.84.83,1,52
27.16.25.244,1,32
13.207.154.135,1,76
118.134.119.253,1,32
72.2.47.29,1,32
41.173.47.41,1,40
167.144.95.120,1,32
82.138.92.46,1,32
108.159.125.218,1,32
221.25.135.241,1,52
87.254.231.240,1,32
80.56.237.229,1,32
76.144.110.66,1,32
54.186.213.155,1,32
189.225.90.120,1,32
184.42.216.183,1,32
192.69.162.145,1,32
172.119.170.135,1,32
126.137.71.152,1,32
195.66.28.140,1,32
67.160.214.207,1,32
111.193.39.183,1,52
190.44.194.180,1,32
23.29.5.60,2153,3284876
68.64.161.68,1,32
125.114.40.31,1,32
173.221.73.16,2,120
213.4.200.57,1,32
106.14.200.232,1,32
101.122.109.5,1,60
52.30.174.234,2,80
41.222.97.49,1,52
36.219.224.167,1,32
37.214.14.12,1,32
220.203.124.249,1,52
68.188.96.19,1,32
124.159.61.161,1,40
47.41.151.221,1,40
73.175.22.104,1,32
5.150.220.111,1,40
172.103.154.82,1,40
108.81.47.215,1,32
79.127.192.13,1,40
60.130.216.200,1,76
201.17.202.27,1,60
179.162.202.177,1,32
156.60.240.69,1,40
113.122.79.230,1,32
115.192.221.180,1,52
95.152.118.102,1,32
85.181.138.229,1,32
74.3.164.128,1,32
118.223.171.101,1,32
74.100.92.107,1,32
219.107.146.244,1,32
46.115.204.199,1,32
202.112.44.126,1,40
111.243.220.148,1,32
213.169.157.252,1,32
89.231.228.221,1,32
38.186.226.139,7,1259
223.14.105.55,1,32
177.254.151.220,1,32
95.146.100.21,1,52
177.32.139.72,1,32
88.220.48.13,1,32
191.165.244.134,1,32
188.24.123.184,1,40
98.118.165.138,1,32
109.43.76.19,1,60
209.61.197.160,1,32
111.195.125.76,1,32
213.101.40.68,1,32
128.37.1.182,1,32
89.9.25.92,1,32
201.209.146.17,1,32
183.86.227.72,1,40
104.77.248.229,2,191
190.105.32.128,1,32
73.53.140.21,1,32
201.52.35.49,1,32
23.94.230.129,2,111
218.235.18.135,1,52
77.14.42.21,1,60
40.137.199.5,1,32
175.211.67.175,1,32
36.164.9.202,1,60
23.192.115.12,1,32
23.65.209.82,1,32
2.25.114.130,1,32
156.40.174.245,1,40
207.239.72.239,1,32
58.203.104.32,1,60
24.13.233.66,1,32
103.29.129.66,1,32
176.1.40.36,1,32
37.122.103.113,1,52
61.113.174.62,1,32
218.7.67.189,1,56
73.166.2.170,1,32
108.219.205.83,1,32
222.142.165.150,1,40
121.156.31.184,1,32
218.100.16.74,1,40
105.40.152.120,1,32
81.57.17.12,1,32
68.37.196.235,1,32
197.148.88.159,1,32
198.28.146.172,1,32
115.44.32.117,1,32
172.249.30.188,9,1262
118.161.38.112,1,32
14.191.252.6,1,32
62.125.167.249,1,32
2.107.110.227,1,32
77.142.67.65,1,32
81.26.207.214,1,32
170.195.203.219,1,44
116.148.14.201,1,76
154.169.230.141,2,88
59.65.218.143,1,44
61.108.29.215,1,52
37.17.217.86,1,40
109.199.59.39,1,32
217.249.74.59,1,32
189.210.147.204,1,32
159.141.113.240,1,32
218.7.67.174,1,56
179.185.95.185,1,32
88.107.61.252,1,32
166.164.152.227,1,32
92.247.109.61,1,32
221.229.152.252,1,32
34.235.46.113,1,32
202.100.222.128,1,44
54.208.179.28,1,32
5.40.154.151,1,44
112.135.45.66,1,32
52.101.158.226,2,104
46.182.106.20,1,40
94.89.144.106,1,32
98.85.81.178,1,32
191.112.167.86,1,32
76.154.48.114,1,32
124.155.139.222,1,40
76.237.68.26,1,32
82.44.85.14,3,120
218.148.246.203,1,76
54.239.30.11,1,32
111.246.203.180,1,60
68.228.246.68,1,32
5.109.18.148,1,32
78.0.146.229,1,32
208.37.82.57,1,32
195.43.30.132,1,52
71.206.90.114,1,32
213.245.139.230,1,56
104.120.156.140,42,28068
216.111.109.24,1,32
195.134.206.206,1,32
187.132.26.206,1,32
107.193.99.153,1,32
219.43.23.191,1,32
212.52.126.134,1,32
156.32.97.55,1,40
130.53.198.91,6,1153
1.50.50.116,1,40
39.48.179.1,1,60
117.201.178.49,1,48
126.26.20.195,1,32
23.73.67.188,1,32
105.134.122.239,1,32
183.188.241.102,2,1271
108.73.145.19,1,40
120.155.129.39,1,76
197.45.173.219,1,32
93.53.214.133,1,32
97.8.196.125,1,32
87.184.54.74,1,32
90.4.99.171,1,44
209.238.5.84,1,92
27.37.202.237,1,60
91.175.204.215,1,56
90.123.164.144,1,32
1.63.179.2,1,60
218.204.177.1,1,32
185.177.146.87,1,32
184.14.91.185,2,262
139.173.178.190,1,40
23.71.214.171,1,32
104.128.80.1,2,316
201.111.105.147,1,44
24.101.251.156,1,40
84.21.105.5,1,32
14.204.2.180,1,40
76.137.43.255,1,32
4.104.20.170,1,56
131.231.39.56,1,52
78.209.55.248,1,32
81.144.100.184,1,32
191.109.147.139,1,40
192.4.30.149,1,32
109.104.251.68,1,32
189.101.204.76,1,32
218.128.12.180,2,104
113.220.248.41,1,32
39.56.121.43,1,32
113.172.43.103,1,32
190.145.178.110,1,40
85.212.213.229,2,80
60.87.106.242,1,46
213.219.72.234,2,96
113.171.194.236,1,56
5.36.239.14,1,40
2.67.234.131,2,150
69.253.17.59,1,32
172.102.204.49,2,80
95.176.54.62,1,32
51.60.122.105,1,43
96.64.158.128,1,40
103.59.171.165,2,100
2.31.244.75,1,32
31.110.17.123,1,32
114.243.225.145,1,32
108.52.12.198,1,60
103.23.164.29,1,52
79.248.39.154,1,32
170.149.205.189,1,32
109.182.115.49,1,32
88.134.164.108,1,32
177.155.223.41,1,52
82.12.77.138,1,32
119.84.233.251,1,52
106.100.31.1,1,32
188.197.105.25,1,32
176.38.8.150,1,40
74.193.187.159,1,60
108.34.41.26,1,32
67.185.18.203,1,32
189.234.255.181,1,32
96.73.59.69,1,32
187.199.92.10,1,40
121.87.13.89,1,60
187.17.189.170,1,32
113.215.214.252,1,40
14.38.213.25,1,60
23.100.39.32,23,10993
186.120.39.244,1,32
160.179.135.102,1,32
182.142.25.34,1,32
182.243.226.130,29,41920
94.242.237.59,1,32
175.166.30.218,1,32
196.209.44.199,2,64
89.178.126.165,1,32
46.234.223.64,3,1349
168.254.100.180,1,32
71.230.250.182,1,40
211.53.42.209,1,40
144.252.118.9,1,32
81.109.202.70,1,40
122.13.208.100,1,60
121.103.36.17,1,32
175.218.110.255,1,32
24.145.152.122,1,32
117.29.186.5,1,44
71.230.250.158,1,40
1.80.212.21,1,52
172.249.30.184,14,6200
83.38.61.13,1,32
125.250.112.23,1,32
50.247.33.148,1,32
159.179.76.6,1,32
65.208.188.184,1,32
47.0.50.227,1,32
5.64.211.48,1,32
195.31.243.228,1,40
24.211.44.106,1,40
173.221.209.53,4,2924
68.220.41.196,1,32
62.215.79.120,1,32
117.233.22.211,1,40
189.121.107.193,1,40
85.80.211.209,1,32
41.163.35.79,1,40
67.173.242.148,1,32
212.47.51.244,1,32
46.97.200.5,1,32
52.15.215.182,1,125
52.19.208.118,2,104
54.181.20.30,1,76
195.189.215.70,1,60
83.166.108.82,1,32
18.233.76.255,4,272
180.103.106.82,1,32
221.26.25.212,1,32
23.36.49.195,1,52
85.35.98.247,1,32
107.195.166.143,1,32
27.170.190.32,1,40
71.116.42.250,1,60
96.71.210.218,1,32
69.98.46.51,1,32
62.180.146.4,1,32
124.69.167.40,1,32
150.79.245.75,1,248
183.127.122.244,1,132
179.161.87.56,1,32
187.238.75.18,1,32
89.235.243.185,1,40
176.248.81.93,1,32
61.220.248.92,1,32
73.134.238.155,1,32
37.208.12.212,1,52
217.199.43.67,1,32
123.246.116.93,1,48
211.147.195.63,1,52
73.216.32.42,1,32
212.197.214.119,1,32
156.34.117.194,1,40
189.124.187.77,1,32
195.5.116.189,1,60
50.174.8.186,1,32
1.76.227.223,1,32
47.244.36.188,2,168
49.50.159.113,1,52
151.184.62.103,1,32
12.51.76.37,1,32
37.17.188.167,1,40
73.209.178.223,1,32
197.42.216.112,1,40
82.222.12.50,1,40
187.100.184.173,1,32
89.175.127.31,1,32
59.30.234.228,1,32
24.43.193.188,1,32
116.47.169.207,1,64
54.133.219.72,1,32
216.211.36.138,1,90
54.247.49.46,1,32
88.11.63.68,1,40
98.178.67.227,1,32
98.120.242.137,1,32
218.145.169.151,1,32
125.229.95.124,1,32
82.132.110.0,1,32
217.120.95.183,1,32
58.239.245.20,1,40
184.161.249.201,1,32
173.98.94.125,1,32
18.215.125.156,1,32
13.161.234.140,1,40
103.71.248.158,1,32
220.59.25.224,1,32
182.128.144.167,1,32
88.80.165.77,1,32
84.149.219.29,1,32
87.67.177.220,1,32
185.244.4.228,1,32
179.162.170.209,1,32
192.240.84.239,1,70
125.255.98.114,1,52
91.132.214.153,1,32
182.209.182.40,1,48
202.167.40.8,1,60
34.229.123.44,1,32
186.232.129.84,1,32
211.203.232.68,1,40
24.28.140.177,1,32
182.6.71.13,1,32
142.81.13.158,1,56
220.203.124.162,1,52
88.225.211.218,3,132
205.34.38.81,1,32
2.219.69.59,1,32
103.204.93.109,3,151
98.59.78.151,1,32
111.192.91.147,1,32
58.33.72.246,1,32
79.105.37.81,1,32
186.4.223.10,1,32
37.122.119.24,1,32
218.168.164.120,1,32
5.25.246.224,1,32
24.59.38.116,1,32
121.137.81.67,1,32
88.11.63.92,1,40
220.144.180.63,1,40
93.19.248.122,1,60
199.161.223.197,1,32
123.126.225.90,1,32
72.170.250.54,1,195
121.135.191.205,1,32
60.18.98.104,1,60
190.162.177.160,1,32
206.45.32.226,1,32
83.196.17.77,1,32
52.15.181.62,1,76
31.145.17.252,1,32
70.236.39.235,1,32
86.137.49.191,1,32
66.223.180.165,1,32
61.162.70.179,1,32
221.137.156.184,1,60
89.26.48.100,1,32
52.224.242.30,1,32
219.121.223.44,1,60
61.95.148.45,1,32
202.106.143.230,1,40
177.195.143.131,3,421
86.129.174.58,1,32
41.163.106.23,1,40
188.113.251.172,1,32
72.152.145.211,1,32
157.100.7.197,1,32
111.163.111.202,1,48
136.88.209.106,1,32
189.50.130.106,1,40
98.139.101.217,1,32
174.144.209.171,1,32
24.40.210.209,1,32
126.149.49.206,1,32
118.183.166.115,1,32
105.191.65.144,1,32
46.74.53.82,1,32
5.129.100.172,1,40
198.173.7.238,1,32
190.38.198.240,1,32
58.191.152.166,1,32
66.221.249.228,1,32
46.38.193.74,1,32
58.213.58.81,1,32
180.126.37.56,1,60
95.203.116.55,1,32
77.108.163.110,1,32
5.91.201.254,1,32
71.230.250.64,1,40
118.113.111.218,1,44
76.231.206.25,1,32
177.55.25.10,1,60
81.217.18.189,1,32
83.242.77.66,1,32
104.76.248.179,1,32
12.106.137.193,1,32
212.113.100.64,1,32
196.129.200.193,1,40
111.222.229.83,1,40
73.105.246.200,1,32
88.121.152.1,1,32
71.230.250.96,1,40
97.44.62.142,1,32
179.48.29.28,1,40
37.235.121.67,1,32
24.93.97.230,1,32
124.41.84.55,1,60
8.247.244.137,1,84
213.147.24.177,1,32
212.138.246.164,1,32
118.169.70.108,1,32
217.226.50.105,1,32
92.13.54.205,1,32
211.57.174.133,1,32
71.194.128.225,1,32
89.120.155.99,1,32
177.246.206.222,1,32
220.180.73.245,2,104
113.49.37.240,1,64
148.59.105.197,1,32
89.254.182.255,1,32
58.37.41.158,1,60
220.156.236.133,1,40
5.64.104.136,2,80
61.26.222.95,1,40
184.112.205.43,1,32
198.198.248.153,1,32
63.130.71.238,1,32
74.164.68.140,1,32
71.230.250.173,1,40
59.126.161.135,1,32
124.253.200.216,1,32
216.117.39.131,1,32
112.23.253.45,1,32
37.138.200.219,1,32
45.52.7.122,1,32
210.152.109.221,1,164
79.117.123.31,1,44
162.23.111.16,1,32
94.111.206.17,1,32
110.101.93.128,1,32
13.207.107.33,1,32
151.182.59.116,1,44
93.114.173.26,1,32
126.212.229.240,1,32
178.16.91.88,1,32
18.182.107.153,1,76
218.135.192.184,1,32
172.24.178.90,1,32
95.33.233.54,1,32
118.85.138.51,1,52
123.107.206.76,1,60
1.81.117.227,1,40
74.193.112.244,348,504694
201.212.24.232,1,40
109.21.248.131,1,32
189.148.169.107,1,32
95.227.31.151,1,32
170.178.165.26,2,80
187.205.18.88,1,32
18.209.183.179,1,32
83.255.86.33,1,32
65.169.141.48,1,32
201.139.254.52,1,32
81.18.230.26,1,32
188.75.45.67,1,32
81.100.178.43,1,32
220.174.252.70,1,32
104.105.188.237,1,32
175.247.184.49,1,32
87.56.200.111,1,32
182.54.195.40,1,52
191.73.110.71,1,32
218.231.184.203,1,32
211.59.241.252,1,32
223.104.60.237,1,60
182.28.159.146,1,60
217.64.244.102,1,32
177.116.5.13,1,40
39.4.219.27,1,32
41.86.123.51,1,44
35.54.68.72,2,112
13.29.110.210,1,32
82.221.152.226,1,32
201.40.216.66,1,32
23.86.31.213,1,52
179.93.181.65,1,40
145.249.81.242,1,32
14.167.73.202,1,52
183.97.113.139,1,32
18.237.75.85,1,71
190.105.169.124,1,32
66.98.43.37,1,32
117.205.219.63,1,44
177.201.153.61,1,56
96.8.78.136,1,32
138.41.134.227,1,56
203.19.13.56,1,32
84.159.174.220,1,32
5.254.141.166,1,60
1.73.223.63,1,48
54.250.251.41,1,76
99.46.241.194,1,32
119.225.130.84,1,32
185.44.201.165,1,40
210.240.31.186,1,32
122.174.76.89,1,32
82.24.208.25,1,32
90.112.170.221,1,40
195.2.30.174,1,56
195.138.152.3,1,56
182.113.34.117,1,60
92.54.52.210,1,32
27.126.232.111,1,32
110.206.119.55,1,32
91.110.143.216,1,32
76.153.204.109,1,32
83.47.32.196,1,32
123.178.173.192,1,32
94.52.210.241,1,40
173.124.63.94,1,32
113.173.90.105,1,52
185.29.79.57,1,60
63.133.226.51,1,32
41.47.86.188,1,40
50.56.131.244,1,32
217.180.72.129,1,32
118.166.56.203,1,40
86.241.233.245,1,60
122.115.114.61,1,32
37.21.169.1,1,32
200.51.66.51,1,32
81.227.175.254,1,52
116.223.195.236,1,76
18.250.113.217,1,40
104.50.84.129,1,32
210.194.148.165,1,57
220.189.92.131,1,32
220.52.103.103,1,32
73.94.205.38,1,32
141.42.29.31,1,40
72.162.75.51,1,32
200.253.112.106,1,32
47.151.127.11,1,32
142.255.21.120,1,48
156.34.86.193,1,40
119.124.213.231,1,40
96.193.9.95,1,32
98.1.119.99,1,32
107.5.142.187,1,32
2.199.143.220,1,32
78.69.182.27,1,44
81.102.146.219,1,32
59.125.165.46,1,52
124.169.91.183,1,32
78.51.93.2,1,32
71.221.88.108,1,32
106.220.168.93,1,60
178.5.174.139,1,32
12.99.130.22,1,32
189.117.46.4,1,32
88.39.17.80,1,40
88.143.146.204,1,32
179.67.106.201,1,40
83.186.112.132,1,32
115.154.20.246,1,52
52.255.110.189,1,76
78.159.146.234,1,32
181.164.22.25,1,48
178.42.142.217,1,32
184.153.95.121,1,32
83.108.231.178,1,32
118.248.121.63,2,80
61.127.106.13,1,60
17.193.185.201,5,965
73.180.172.48,1,32
172.249.30.61,3,235
178.231.62.47,1,32
189.212.87.183,1,32
131.34.199.134,1,44
195.204.224.85,1,32
175.55.55.141,1,32
52.88.218.81,1,32
37.106.239.155,1,40
82.223.155.191,1,32
154.118.216.234,1,32
113.11.30.55,1,32
37.17.221.161,1,40
125.164.120.149,1,32
65.96.43.87,1,32
37.79.95.241,1,32
14.103.167.182,1,32
178.33.136.87,1,32
185.147.88.219,1,40
91.20.238.101,1,60
116.153.196.44,1,60
54.230.168.176,1,32
60.22.103.60,1,48
23.233.156.253,1,32
2.59.17.231,1,32
171.151.99.149,1,48
67.82.31.157,1,32
159.2.142.178,1,32
71.19.46.26,1,32
77.17.49.241,1,60
92.78.141.157,4,374
13.207.129.248,1,76
116.134.237.232,1,52
76.75.114.0,1,32
80.21.160.69,1,32
68.161.103.167,1,32
79.118.44.170,1,32
37.226.48.39,1,40
5.196.92.102,1,32
177.137.240.21,1,48
85.104.216.189,1,32
66.212.101.16,1,32
59.69.115.20,1,52
5.140.231.207,1,40
71.24.36.151,1,32
121.124.145.2,1,32
27.180.114.36,1,32
185.50.202.105,1,60
80.211.231.82,1,32
223.158.88.113,1,32
13.220.128.131,1,32
175.140.234.236,1,32
175.177.1.98,1,32
125.34.25.11,1,44
37.239.250.163,1,52
67.244.102.57,1,32
95.60.130.200,1,32
179.77.62.25,1,32
101.159.160.222,1,32
112.153.187.184,1,52
190.239.193.225,1,32
75.102.112.251,1,60
191.113.129.73,1,32
179.91.197.227,1,44
198.183.217.31,1,32
83.242.177.40,1,60
125.209.103.37,1,32
84.32.160.238,1,32
85.151.160.233,1,32
87.117.156.69,1,32
54.248.113.100,1,84
164.48.28.87,2,88
97.15.143.29,1,32
94.182.201.23,1,32
126.9.125.142,8,1821
114.198.115.73,1,76
121.99.124.255,1,32
31.80.94.141,1,32
125.69.30.252,1,32
167.224.133.96,8,12000
5.228.201.22,1,44
49.219.102.240,1,32
101.3.210.122,1,32
70.46.223.14,1,32
59.160.66.197,1,52
78.122.52.56,1,32
125.241.98.65,1,48
217.178.79.23,2,128
78.102.158.158,1,56
47.38.225.0,1,32
64.227.185.187,1,32
179.211.41.91,1,32
39.13.178.49,1,32
201.183.181.119,1,56
186.245.46.101,1,32
23.94.228.206,102,136459
94.156.188.170,1,60
5.86.218.185,1,32
211.27.231.121,1,44
87.82.90.153,1,32
176.220.104.196,1,32
222.186.189.200,1,32
107.211.78.15,1,32
122.133.29.171,1,60
99.132.13.170,1,60
89.145.82.62,1,32
183.87.62.38,1,48
72.76.65.60,1,32
106.196.255.153,1,32
60.215.190.90,1,32
46.136.164.48,1,44
114.62.86.198,1,32
46.147.76.71,1,32
45.127.68.159,1,32
82.17.99.47,1,32
36.208.13.74,1,76
84.23.42.159,1,32
45.223.160.91,1,32
218.196.95.219,1,32
113.161.34.171,1,32
182.54.125.7,1,52
103.255.63.90,1,32
117.117.90.237,2,80
69.209.243.131,1,32
121.169.207.47,1,60
84.175.161.244,1,32
141.60.74.91,1,40
101.1.242.207,1,32
191.252.27.198,1,44
91.214.207.37,1,32
13.204.233.1,2,104
115.38.223.225,1,40
14.239.243.123,1,32
186.145.139.126,1,32
94.180.229.13,1,32
82.168.97.207,1,32
97.4.243.178,1,32
188.10.180.7,1,40
181.215.20.164,1,32
95.249.209.243,1,44
37.53.8.218,1,32
109.61.166.209,1,40
211.60.155.190,1,28
64.34.119.29,1,32
211.146.225.254,1,32
109.207.182.19,1,60
106.204.141.49,1,32
91.33.206.246,1,32
113.59.215.204,1,52
103.220.110.234,1,32
187.67.221.46,1,52
112.8.122.246,1,132
58.237.188.45,1,76
191.214.143.231,1,40
70.79.225.137,1,32
70.50.238.233,1,199
77.235.87.3,1,32
109.42.221.122,1,40
12.22.43.6,1,32
175.233.152.250,1,32
24.53.203.129,1,60
61.30.17.22,1,32
212.35.158.254,1,32
173.208.191.44,1,32
123.21.102.227,1,52
12.34.135.102,1,32
160.122.176.33,1,32
205.35.32.218,1,32
121.128.142.164,1,32
38.114.185.149,1,60
58.49.46.25,1,32
108.96.6.84,1,32
119.43.55.134,1,40
192.229.155.225,4,3272
105.147.194.252,1,60
93.54.222.155,1,40
166.161.87.242,1,32
93.7.20.102,1,32
54.51.96.68,1,44
82.123.109.115,1,32
176.54.203.80,1,32
170.12.214.27,1,60
23.226.18.170,1,32
87.141.67.58,1,32
179.72.51.247,1,32
135.235.65.87,1,32
123.5.56.21,1,40
74.50.249.166,1,32
187.181.129.0,1,44
142.137.119.44,1,32
87.20.43.213,1,32
128.235.2.103,1,32
205.58.72.233,4,1396
42.58.136.123,1,32
216.52.199.53,1,40
18.225.53.153,1,32
76.236.17.5,1,40
126.41.228.217,1,64
112.182.159.7,1,32
64.185.217.121,1,60
95.20.144.142,1,32
111.65.103.67,1,32
180.102.129.183,1,48
201.8.148.14,1,32
81.165.225.145,1,32
124.58.143.168,1,60
205.58.75.105,1,211
62.91.173.81,1,32
77.235.18.94,1,44
117.39.76.93,1,40
96.17.123.176,1,32
87.125.48.217,1,32
221.12.244.121,1,32
70.224.178.120,1,32
71.230.250.12,1,40
171.171.117.75,1,60
117.126.204.116,1,52
117.88.203.112,1,32
95.241.168.15,1,44
221.20.201.1,1,76
212.207.44.189,2,80
54.192.57.199,1,40
213.141.101.213,2,80
126.172.83.63,1,32
118.250.75.81,1,52
85.138.57.14,1,32
54.35.13.62,1,32
37.213.70.118,1,32
203.166.184.217,5,480
212.156.81.199,1,32
114.7.191.190,1,32
172.249.29.70,8,663
50.247.152.31,6,374
113.11.51.46,1,52
185.105.205.67,1,32
65.69.224.235,1,32
211.53.8.78,1,32
109.147.86.238,1,32
185.199.160.59,1,32
108.190.180.143,1,32
47.89.160.169,1,32
82.190.118.196,1,32
5.33.192.156,1,32
79.226.122.192,1,32
201.68.95.164,1,60
2.138.124.66,1,32
199.217.117.98,1,40
111.202.21.100,1,40
1.62.131.98,1,52
45.125.126.41,1,40
99.39.78.57,1,32
162.1.121.43,1,32
46.185.84.250,1,40
62.237.130.104,1,60
178.83.84.42,1,32
79.22.109.55,1,32
2.102.128.60,1,32
108.43.169.116,1,32
39.23.79.105,1,52
77.73.147.26,1,32
223.25.103.166,1,44
98.65.52.7,1,32
159.137.149.121,2,80
180.90.8.107,1,32
88.77.105.81,1,32
202.43.200.168,1,32
84.137.75.209,1,32
148.50.35.38,1,32
70.25.185.104,1,32
123.204.212.111,1,32
96.56.150.212,1,40
77.241.188.54,1,32
65.166.142.187,1,32
186.8.221.199,1,32
111.194.8.8,1,32
115.182.75.149,1,60
42.59.110.193,1,40
121.90.231.37,1,32
190.219.34.195,1,32
89.199.196.118,1,32
122.191.31.189,1,32
100.236.113.7,1,32
220.177.157.252,1,58
73.188.25.152,1,32
122.118.83.28,1,40
94.137.62.200,1,32
108.181.136.249,1,32
217.245.15.99,1,32
200.217.88.217,1,32
123.48.31.184,1,132
172.82.188.122,1,32
213.153.174.146,1,40
52.255.188.18,1,76
197.54.71.38,1,40
182.106.209.37,1,60
191.177.17.72,1,32
116.41.227.17,1,32
104.8.102.182,1,32
125.173.57.229,1,32
210.71.226.169,1,52
46.113.142.201,1,40
119.126.29.179,1,40
169.23.127.1,1,32
77.81.254.88,1,32
114.17.214.51,1,32
118.89.27.101,1,40
201.68.164.114,1,40
188.115.23.115,1,32
66.83.200.178,1,32
114.200.164.195,1,40
121.174.167.145,1,40
171.200.137.211,1,32
166.126.178.121,1,32
88.224.8.212,1,32
73.39.39.224,1,32
220.145.45.237,1,32
114.42.94.222,1,32
13.205.201.136,2,152
79.157.167.131,1,32
63.110.242.69,1,32
139.173.99.128,1,118
83.253.56.110,1,40
76.227.156.214,1,60
116.158.174.211,1,32
171.208.45.24,1,52
93.4.54.19,1,53
177.175.171.67,1,32
67.129.74.252,1,56
182.144.173.117,1,52
98.95.179.106,1,32
184.37.182.140,1,32
122.236.100.184,1,48
73.238.137.166,1,32
3.136.48.246,1,32
106.75.108.156,1,60
220.251.193.210,1,32
218.224.68.108,1,32
66.63.103.245,1,40
17.203.229.225,1,769
59.68.134.91,1,60
42.224.31.166,1,48
218.161.56.192,1,32
60.66.161.16,2,80
221.141.230.34,1,60
62.200.34.253,1,32
63.108.77.142,1,32
122.59.213.196,1,44
103.252.4.92,1,32
89.173.238.210,1,32
124.86.155.117,1,52
78.223.56.4,1,32
98.28.231.190,1,32
91.196.216.162,1,32
222.179.173.2,1,32
89.88.40.10,1,60
189.159.247.4,1,32
115.40.78.98,1,58
188.24.152.40,1,40
122.44.78.222,1,32
83.86.130.114,1,32
82.246.174.61,1,44
88.93.64.164,1,32
222.140.47.235,1,40
60.132.201.167,1,32
40.45.60.45,6,4227
189.161.202.23,1,32
60.242.134.107,1,32
14.144.13.203,1,60
220.204.14.135,1,32
23.193.243.200,1,32
49.144.60.52,1,60
23.40.72.173,1,32
103.212.42.232,1,52
41.42.206.66,1,32
195.213.56.189,1,32
220.147.177.62,1,32
37.103.65.69,1,60
189.202.121.89,1,32
60.155.217.115,1,32
123.182.103.19,1,132
173.216.15.87,1,32
96.218.158.107,1,32
78.140.84.226,1,32
45.6.112.52,1,44
85.233.165.28,1,40
84.75.242.102,1,32
49.144.61.88,1,60
186.40.64.177,1,32
222.213.142.237,1,76
221.2.200.23,1,52
24.47.37.104,1,32
198.155.58.158,1,60
73.2.96.22,1,32
115.21.222.90,1,52
73.19.136.51,1,32
122.148.167.100,1,32
94.90.13.164,1,40
185.157.163.226,1,60
217.245.15.31,1,60
187.67.200.176,1,40
207.111.153.149,1,52
71.85.115.190,1,60
213.193.237.102,1,32
123.131.131.186,1,32
73.46.81.45,1,32
37.17.214.79,1,40
213.168.28.65,1,32
114.96.242.114,1,52
42.227.98.184,1,76
75.139.43.124,1,32
126.98.235.56,1,32
187.114.235.10,1,32
93.80.99.58,1,32
114.166.221.111,1,143
18.178.123.169,1,76
125.64.172.147,1,52
71.230.250.131,1,40
187.243.100.189,1,32
121.99.132.198,1,48
112.52.63.175,1,32
81.190.151.237,1,32
197.204.54.123,1,48
113.57.150.195,1,52
151.7.151.127,1,32
193.217.249.99,1,32
54.227.13.99,1,32
209.35.248.250,1,32
66.173.122.58,1,32
71.230.250.77,1,40
77.34.49.200,1,32
60.69.25.14,1,32
95.200.87.154,1,32
52.96.49.28,1,32
41.167.216.187,1,40
146.15.96.134,1,32
190.3.94.55,1,32
50.237.134.151,1,32
219.98.95.231,1,32
92.200.209.72,1,32
191.31.57.154,1,32
190.24.202.108,1,40
52.10.158.158,1,32
91.25.51.68,1,32
27.239.29.9,1,48
17.132.124.95,2,263
216.63.113.174,1,32
213.64.131.220,1,32
176.7.50.253,1,32
37.23.238.64,1,44
177.223.40.83,1,32
78.147.87.24,1,52
94.195.119.89,1,40
24.221.6.175,1,32
172.102.234.115,1,60
85.200.230.25,1,60
178.28.52.88,1,32
83.193.78.169,2,80
49.118.162.8,1,32
179.222.220.196,1,32
218.196.142.150,1,40
118.249.216.243,1,32
179.117.183.220,1,32
218.82.21.115,1,40
103.28.173.57,1,32
52.11.213.145,1,52
34.211.69.165,1,52
104.248.178.161,1,40
112.30.39.165,1,76
51.61.206.238,1,60
204.173.243.134,1,32
189.128.56.117,1,40
89.214.30.151,1,40
42.181.14.39,1,32
73.167.131.100,1,32
93.54.154.218,1,40
77.173.242.35,1,32
113.208.0.180,1,32
70.112.93.216,1,32
80.7.45.155,1,32
89.176.243.213,1,32
82.68.124.211,1,32
124.160.171.8,1,76
184.8.173.189,1,32
125.76.40.155,1,32
125.97.28.38,1,32
190.42.43.44,1,32
23.54.97.178,1,32
189.210.240.85,1,32
125.196.224.163,1,32
159.239.120.12,1,32
125.210.26.35,1,32
50.213.60.126,1,32
118.239.216.20,1,32
71.230.250.72,2,80
176.120.210.43,1,32
182.52.207.34,1,40
52.91.89.57,1,32
42.227.32.246,1,32
94.223.77.66,2,100
76.139.72.62,1,32
188.194.223.127,1,32
69.184.212.94,1,32
67.147.102.72,1,52
162.62.44.225,1,32
71.189.240.103,1,32
67.42.174.87,1,32
91.33.180.11,1,60
72.231.49.4,1,32
223.49.120.92,1,32
180.83.254.117,1,32
37.18.188.79,1,76
212.63.189.125,1,32
213.180.2.20,1,56
13.194.230.199,1,32
92.194.192.98,1,40
46.17.188.156,1,32
126.188.27.189,1,32
180.33.244.5,1,32
206.72.178.135,1,32
52.75.231.73,1,32
115.98.20.51,1,32
139.173.152.35,1,40
87.199.169.236,1,32
190.184.30.3,1,32
12.98.251.103,1,32
60.23.173.46,1,52
199.222.91.81,1,32
182.116.126.62,1,40
52.15.129.212,3,916
90.17.151.5,1,32
113.227.120.248,1,60
74.7.30.118,1,32
118.229.139.61,1,32
182.40.79.223,1,32
60.130.212.111,1,60
201.230.177.129,1,32
122.36.139.190,1,32
2.7.47.116,1,32
14.39.217.56,1,32
113.217.242.50,1,32
67.172.96.173,1,32
61.165.141.120,1,32
182.223.78.22,1,76
181.188.236.207,1,40
112.37.220.174,1,40
159.231.162.25,1,60
131.116.81.116,1,60
62.130.60.180,1,32
2.202.30.12,1,32
58.220.14.97,1,32
24.246.248.139,1,32
217.56.36.220,1,32
14.76.190.186,2,112
186.120.70.252,1,32
124.238.155.39,1,32
12.73.148.200,1,32
34.218.237.52,1,32
112.231.13.60,1,32
178.5.99.255,1,40
50.240.89.31,1,32
172.103.189.171,1,40
108.147.142.88,1,32
17.80.194.69,2,135
79.100.22.115,1,40
121.151.235.112,1,32
13.205.222.231,1,76
108.74.70.86,1,32
190.186.29.159,1,40
74.193.23.172,2,214
198.23.94.254,1,32
221.124.244.191,1,32
36.16.202.5,1,32
222.82.79.16,1,40
85.244.35.3,1,32
75.73.224.53,1,32
107.4.164.46,1,32
211.227.87.131,1,32
60.58.93.218,2,80
86.195.65.65,1,32
70.169.95.11,1,96
211.233.37.187,1,52
82.191.70.8,1,32
117.224.93.8,1,32
86.228.139.54,1,44
24.127.97.53,1,32
52.249.87.209,1,76
45.127.107.93,1,76
50.165.8.87,1,32
182.176.225.142,1,32
89.48.177.169,1,52
73.240.153.254,1,32
178.127.186.205,1,40
107.13.78.226,1,32
45.32.49.101,1,40
84.195.205.147,1,32
111.242.200.175,1,52
120.116.55.136,1,32
78.212.50.121,1,32
116.150.208.157,1,52
180.149.157.119,1,40
75.158.84.105,1,32
78.114.176.122,1,32
83.249.129.226,1,32
159.153.222.237,1,32
110.135.198.132,1,32
92.46.162.121,1,44
197.226.5.96,1,32
208.119.24.113,1,32
14.53.141.59,1,40
79.122.132.121,1,32
84.92.128.213,1,32
119.222.27.94,1,48
72.25.131.142,1,32
169.44.231.14,1,32
136.169.64.166,1,32
200.126.217.21,1,40
189.117.245.97,1,44
97.41.24.42,1,32
112.138.115.44,1,32
68.222.140.116,1,32
84.39.234.176,1,32
37.17.188.79,2,80
79.100.101.153,1,32
145.145.189.26,1,32
205.82.52.87,1,129
178.222.109.216,1,40
173.44.96.153,1,32
172.100.231.19,1,32
50.219.174.142,1,32
82.88.142.181,1,32
219.199.142.77,1,44
151.150.185.80,1,52
177.157.153.217,1,32
106.85.220.180,1,60
197.151.84.4,1,32
92.194.223.151,1,32
159.52.41.98,1,40
105.190.198.234,1,32
94.230.136.234,1,32
190.113.200.131,1,32
80.53.123.18,1,52
151.30.173.87,1,32
90.13.246.29,1,32
79.39.137.46,1,32
181.54.60.209,1,44
220.139.228.97,1,40
118.75.156.154,1,40
71.230.250.107,1,40
221.40.216.11,1,40
200.65.19.234,1,60
190.144.27.34,1,52
186.153.203.193,1,60
40.141.243.186,1,32
83.28.7.29,1,32
177.58.101.32,1,32
188.201.112.201,1,32
82.225.7.191,1,32
119.78.217.79,1,32
187.139.46.141,1,32
71.230.250.215,1,40
117.237.153.197,1,32
173.165.225.254,1,32
23.104.6.83,1,32
100.211.160.199,1,32
222.189.199.211,1,32
69.195.111.134,1,32
67.200.98.234,1,32
119.19.185.44,1,40
190.94.136.244,1,32
37.17.219.184,1,40
24.112.61.40,1,32
183.164.122.136,1,32
118.175.178.80,1,32
200.17.119.9,1,32
222.171.228.217,1,32
112.163.38.119,1,40
98.138.120.254,1,32
92.79.146.128,1,32
181.40.64.83,1,40
196.180.49.18,1,45
85.1.50.191,1,32
189.5.158.218,1,32
68.233.131.65,1,32
202.165.37.58,1,40
180.145.80.123,1,40
67.79.50.53,1,60
125.162.78.64,1,32
189.20.118.156,1,32
52.18.96.114,1,32
194.88.242.197,1,32
91.77.167.113,1,32
110.57.160.73,1,32
1.67.54.85,1,32
193.252.188.134,1,40
189.85.254.28,1,32
103.204.93.13,2,111
41.165.247.41,1,40
180.134.64.144,1,60
84.66.254.208,1,32
141.107.142.217,1,60
173.218.77.146,1,32
125.207.180.40,1,32
212.163.68.145,1,40
124.12.54.213,1,32
117.97.193.183,1,76
88.31.131.196,1,60
113.45.82.142,1,60
186.219.95.103,1,32
165.229.167.219,1,32
89.33.248.230,1,32
107.161.161.15,1,32
222.161.179.149,1,76
218.128.12.128,2,104
63.113.24.204,1,32
91.25.204.6,1,32
93.173.61.46,1,32
181.165.246.181,1,32
88.57.35.78,1,32
94.235.57.249,1,40
49.124.81.93,1,40
31.168.96.234,1,32
42.97.8.153,1,48
223.103.160.141,1,60
201.247.171.134,1,32
159.103.241.51,1,32
86.193.205.63,1,32
18.178.164.43,1,76
217.49.174.193,1,32
84.84.225.174,1,32
190.140.148.185,1,32
222.105.73.225,1,32
177.53.178.44,1,32
203.136.253.150,1,44
50.143.13.108,1,32
47.208.92.68,1,32
195.222.43.59,1,32
121.168.123.245,1,32
27.243.161.1,1,58
41.30.26.110,1,32
186.175.171.115,1,32
92.37.231.250,1,32
210.117.146.247,1,60
118.40.43.56,1,40
14.173.49.143,1,52
1.36.204.80,1,32
37.121.45.40,1,32
177.111.95.193,1,32
188.11.232.149,1,40
78.185.231.137,1,32
151.231.128.180,1,32
89.209.254.101,1,52
58.27.191.18,1,32
1.38.61.45,1,32
223.50.120.172,1,60
175.60.64.15,1,32
210.21.42.206,1,60
175.63.48.70,1,60
72.28.209.107,1,40
64.61.152.48,1,32
185.182.103.146,2,1459
177.224.187.80,1,32
14.116.125.29,1,32
68.218.32.16,1,32
60.150.55.47,1,44
24.82.148.32,1,32
83.250.46.22,1,32
187.90.143.172,1,32
62.161.248.98,1,32
75.92.13.124,1,32
47.222.177.91,1,32
17.193.181.200,1,749
155.148.247.244,1,32
96.120.13.248,1,32
31.163.136.157,1,40
190.212.19.185,1,60
92.53.6.199,1,32
195.54.145.138,1,84
213.229.9.14,1,52
58.42.139.124,1,32
81.143.212.240,1,32
84.188.242.147,1,32
41.97.165.162,1,32
12.28.38.118,1,32
97.48.255.182,1,32
50.139.198.169,1,32
218.229.200.228,1,76
220.145.60.188,1,40
218.149.252.159,1,32
212.93.76.166,1,32
59.64.205.103,1,32
71.177.12.24,1,32
76.94.156.66,1,32
50.171.253.82,1,32
179.151.45.202,1,32
64.30.244.20,1,44
175.215.224.137,1,40
38.126.36.54,1,32
113.189.199.238,1,32
75.108.135.5,1,32
112.255.174.73,1,40
71.81.163.246,1,32
36.250.199.89,1,32
179.157.198.189,1,32
201.76.235.226,1,60
50.18.72.185,1,32
58.54.44.26,1,52
134.214.76.147,1,40
54.212.244.77,1,32
123.193.42.196,1,76
98.250.77.105,1,32
37.144.123.16,1,32
148.244.136.125,1,32
71.230.250.22,2,80
179.83.72.204,1,40
2.74.84.162,1,52
77.59.33.150,1,40
201.31.180.105,1,32
217.144.43.33,1,96
12.111.175.130,1,32
78.64.27.96,1,44
217.178.79.16,2,192
24.248.13.132,1,32
159.137.197.133,1,40
201.64.153.105,1,32
112.166.112.226,1,32
222.164.240.127,1,52
201.132.160.245,1,32
32.208.160.206,1,32
188.12.77.169,1,60
188.49.36.64,1,32
119.56.127.192,1,76
84.191.177.242,1,32
103.204.92.246,8,424
87.234.35.85,1,40
188.10.176.58,1,40
106.110.141.29,1,32
126.231.86.6,1,32
24.10.2.0,1,32
31.113.147.114,6,468
96.197.177.176,1,32
104.160.222.30,1,32
213.2.209.19,1,32
119.155.116.70,1,32
80.78.128.14,1,32
80.106.150.208,1,40
210.183.191.68,1,32
188.226.149.28,1,40
164.154.215.66,1,32
78.40.177.95,1,32
31.204.138.90,1,56
79.72.9.213,1,32
39.46.129.247,1,62
66.213.240.166,1,32
37.131.219.68,1,32
121.178.56.183,1,32
175.48.241.130,1,32
47.8.160.226,1,52
175.202.235.164,1,32
188.205.151.234,1,32
23.194.17.129,1,32
195.155.38.39,1,60
151.73.164.101,1,32
58.59.66.255,1,32
177.202.225.39,1,32
173.229.158.59,1,32
187.10.141.141,1,32
79.49.64.255,1,32
213.80.194.139,1,32
105.141.238.237,1,32
192.222.83.130,1,32
94.60.195.210,1,32
45.249.226.126,1,32
113.233.167.95,1,32
14.124.55.206,1,32
193.250.66.122,1,56
78.134.143.54,1,40
183.133.68.247,1,32
212.60.177.123,1,32
188.15.78.74,1,32
69.7.148.9,1,32
187.242.10.187,1,32
104.72.14.149,1,32
128.44.213.251,1,32
183.197.91.65,1,32
123.164.155.245,1,76
182.15.184.130,1,32
78.167.148.191,1,52
197.226.5.130,1,32
156.218.222.113,1,32
221.173.225.180,1,32
17.192.163.46,2,610
64.41.244.72,1,32
78.17.118.96,1,32
88.241.129.104,1,40
207.223.161.195,1,32
182.28.141.44,1,60
181.169.107.93,1,40
152.57.25.7,1,40
203.56.134.233,1,32
222.71.24.157,1,32
119.23.89.238,1,32
222.135.51.100,1,32
73.146.183.249,1,32
66.115.205.192,1,32
110.102.224.69,1,48
165.103.35.135,1,32
58.18.238.247,1,32
47.81.134.64,1,60
65.191.107.38,1,32
65.156.71.197,1,32
223.33.227.167,1,32
187.146.68.88,1,56
151.193.205.33,1,32
187.84.2.202,1,32
113.247.125.130,1,48
77.7.192.199,1,82
85.100.145.21,1,48
27.214.86.102,1,60
178.245.219.96,1,32
179.49.231.155,1,32
4.84.33.133,1,32
45.223.238.133,1,60
180.163.4.158,1,76
103.204.93.32,1,60
69.109.246.198,1,304
70.58.107.111,1,32
200.214.103.1,1,56
115.23.78.4,1,48
46.75.37.45,1,76
75.85.188.203,1,32
96.39.161.179,1,32
71.230.250.102,2,80
67.218.205.107,1,40
104.152.236.131,1,44
222.185.215.103,1,52
109.114.145.197,1,32
70.118.55.33,1,48
41.168.208.0,1,40
208.112.126.2,2,301
24.189.159.170,1,32
83.114.212.139,1,32
14.189.178.122,1,52
61.89.1.50,1,32
115.194.98.0,1,76
212.243.230.25,1,32
39.3.252.232,1,58
61.149.60.249,1,60
121.195.223.253,1,32
175.177.66.179,1,76
64.106.126.164,1,60
104.213.185.37,2,111
172.249.25.137,4,160
120.210.139.158,1,40
119.0.128.113,1,32
23.88.57.10,1,32
66.37.254.19,1,32
126.193.45.1,1,32
218.129.23.182,1,40
180.82.211.104,1,32
115.253.229.240,1,32
149.148.32.221,1,60
84.81.195.130,1,32
98.86.17.47,1,32
18.184.172.242,1,40
24.145.135.153,1,32
114.200.56.49,1,32
112.168.194.198,1,32
221.128.64.94,1,32
42.105.209.158,1,48
182.101.74.211,1,52
209.98.198.126,1,56
104.120.157.219,1,52
116.132.174.64,1,52
221.35.57.5,1,60
82.157.118.177,1,32
111.195.179.250,1,40
14.63.184.70,1,32
98.11.252.250,1,32
71.230.250.56,1,40
82.246.109.62,1,40
218.229.201.151,1,76
27.162.154.81,1,96
175.119.41.225,1,32
117.101.136.61,1,32
201.166.181.241,1,44
213.156.54.13,1,44
77.64.163.162,1,32
195.5.101.1,1,60
83.239.197.170,1,52
81.70.145.52,1,32
47.87.41.69,1,32
192.62.214.142,1,32
76.78.63.106,1,52
200.175.133.242,1,40
218.26.195.218,1,32
70.57.232.6,1,60
151.232.248.215,1,32
14.74.174.48,1,48
201.10.7.76,1,32
94.17.135.70,1,32
122.191.211.183,1,52
176.221.86.49,1,32
72.29.96.251,1,32
75.181.241.12,1,32
49.235.70.37,3,213
179.181.104.153,1,44
172.249.162.147,4,206
157.50.254.168,2,64
91.193.182.19,1,32
79.220.39.188,1,32
162.26.140.144,1,32
119.152.207.207,1,48
85.135.203.168,1,32
94.42.227.233,1,32
104.247.2.216,1,32
90.69.184.182,1,32
120.210.9.37,1,40
174.189.49.120,1,32
189.129.21.22,1,32
103.122.234.186,1,32
46.73.9.190,1,32
78.168.255.135,1,32
77.119.29.108,1,44
90.31.25.250,1,32
83.137.133.90,1,60
50.203.206.44,1,32
99.64.135.221,1,32
123.20.61.238,1,52
37.227.234.121,1,84
181.29.173.255,1,32
74.193.223.138,1497,2161716
73.15.54.36,1,32
73.234.143.216,1,32
116.242.53.177,1,56
77.43.162.238,1,52
37.187.8.25,1,32
121.148.249.125,1,32
202.115.30.229,1,32
115.226.107.104,1,84
112.140.254.243,1,32
188.28.38.56,1,40
68.80.174.28,1,32
70.44.134.73,1,32
180.148.57.80,1,32
23.90.252.99,1,40
171.197.187.177,1,32
171.188.254.53,1,32
2.160.239.108,1,44
95.153.224.244,1,32
78.215.85.30,1,40
78.142.71.74,1,32
211.245.143.205,1,40
78.233.44.219,1,32
46.118.100.61,1,52
115.96.200.174,1,32
111.193.26.10,1,64
93.49.45.9,1,32
96.77.193.26,1,32
117.115.119.68,1,40
123.179.195.179,1,76
175.214.71.37,1,32
62.180.14.141,1,32
86.153.135.176,1,32
71.32.129.211,1,32
158.0.39.51,1,32
87.228.203.109,1,32
121.123.150.45,1,32
203.136.241.35,1,44
79.161.79.169,1,40
190.166.249.83,1,32
14.182.1.40,1,52
122.12.119.230,1,32
211.200.146.104,1,40
71.168.136.220,1,32
184.157.217.214,1,32
174.120.38.197,1,32
176.216.81.220,1,32
119.136.163.96,1,48
160.161.75.15,1,32
140.229.216.178,1,76
174.233.217.210,1,32
216.186.195.115,1,32
1.1.39.153,1,32
68.58.39.235,1,32
204.107.177.19,1,32
41.159.208.170,1,32
49.199.33.175,1,40
218.146.210.10,1,44
119.76.105.80,1,76
111.253.236.36,1,48
74.234.63.102,1,40
52.250.19.33,1,76
67.20.235.81,1,56
185.72.218.212,4,160
77.20.224.238,1,32
68.23.85.62,1,32
61.66.73.169,1,32
106.49.221.21,1,76
177.131.43.127,1,32
124.63.14.242,1,60
211.236.126.177,1,40
216.157.77.173,1,32
23.205.163.99,1,32
12.29.71.138,1,32
71.26.241.172,1,32
178.81.113.253,2,88
187.243.52.251,1,32
96.49.244.20,1,32
222.166.103.104,1,32
122.246.233.2,1,60
83.69.82.27,1,32
81.211.13.109,1,56
52.255.218.30,1,32
41.132.13.232,1,32
178.67.132.104,1,60
36.246.41.94,1,52
71.230.250.216,1,40
124.174.136.103,1,32
221.31.231.219,1,32
47.178.253.200,1,32
80.67.55.229,1,32
61.28.140.60,1,40
134.214.198.102,1,40
61.108.94.183,1,76
113.160.115.24,1,32
37.17.217.233,1,40
60.126.207.5,1,32
36.163.107.113,1,40
218.99.215.186,1,40
94.248.159.42,1,32
149.53.137.172,1,32
69.107.24.157,1,32
2.21.127.187,1,32
189.99.199.14,1,32
75.68.35.20,1,32
34.253.201.213,1,32
68.214.139.199,1,32
77.42.206.149,1,40
79.105.210.132,1,32
182.163.111.141,1,60
113.157.199.133,1,40
81.134.222.235,1,32
5.227.0.44,1,32
47.136.199.239,1,32
185.60.165.203,3,456
141.149.145.166,1,60
50.206.235.158,1,32
178.90.64.56,1,44
117.32.174.4,1,60
113.18.106.230,1,56
119.164.195.10,1,32
96.95.198.86,1,32
83.9.224.39,1,32
88.19.7.64,1,32
104.15.177.153,1,32
217.178.79.27,2,121
71.253.147.3,1,32
183.97.55.1,1,40
82.187.174.84,1,32
132.194.209.184,1,32
113.20.27.134,1,52
206.141.190.135,1,32
111.246.190.120,1,32
1.27.65.104,1,32
84.58.57.43,1,32
2.34.118.51,1,32
103.72.27.33,1,40
154.181.195.177,1,32
73.24.143.233,1,32
108.55.2.18,1,32
181.228.73.56,1,32
125.238.176.78,1,52
166.62.254.220,1,32
191.210.64.231,1,32
188.201.45.134,1,40
165.133.215.155,1,32
151.150.78.18,1,52
176.219.126.108,1,32
49.221.31.126,1,32
177.150.220.172,1,40
93.251.121.149,1,32
142.161.202.113,1,40
1.63.228.98,1,48
74.208.63.153,1,32
186.59.127.107,1,32
124.63.134.221,1,32
94.105.57.37,1,32
88.115.246.49,1,32
122.164.131.31,1,32
42.233.209.76,1,60
190.95.169.80,1,32
103.51.162.156,1,32
34.242.33.78,1,32
178.222.32.138,1,40
124.33.250.65,1,32
119.120.169.226,1,32
88.157.183.226,1,32
104.6.176.196,1,32
114.37.2.98,1,32
62.75.146.5,1,32
77.172.123.44,1,32
95.205.177.239,1,32
69.214.30.162,1,40
47.252.79.133,1,32
213.191.114.211,1,32
98.152.24.76,1,32
206.9.8.109,1,40
80.120.6.150,1,32
91.186.191.238,1,32
73.80.222.142,1,32
140.206.106.251,1,84
148.19.130.81,1,32
172.126.115.170,1,32
134.31.254.141,1,32
27.57.207.196,1,32
5.64.104.159,1,40
14.55.18.201,1,32
213.53.118.134,1,32
113.224.45.48,1,60
125.228.105.22,1,40
188.203.112.32,1,32
31.163.206.100,1,40
49.211.111.161,1,76
85.140.117.5,1,52
73.231.240.17,1,32
143.194.80.89,1,40
177.217.78.52,1,32
88.30.230.204,1,32
114.21.49.112,1,32
187.193.230.136,1,32
91.179.77.56,1,32
68.70.235.97,1,32
73.221.39.138,1,32
218.221.170.112,1,40
14.214.189.150,1,32
177.160.79.150,1,60
82.167.224.26,1,32
17.62.229.75,2,80
193.89.110.104,1,32
60.224.2.105,1,32
65.215.199.1,1,32
208.69.253.12,1,32
188.200.77.73,1,32
220.165.214.234,1,40
79.155.251.23,1,40
200.65.26.70,1,60
191.74.107.69,1,44
186.52.77.27,1,32
27.53.187.54,1,32
60.244.65.170,1,32
84.20.231.209,1,32
52.14.32.136,1,32
82.143.152.5,1,32
143.150.231.178,1,32
126.0.220.111,1,32
37.56.84.11,1,32
47.189.196.37,1,40
5.45.159.122,1,32
52.16.83.182,1,78
188.104.85.24,1,32
89.116.59.186,1,40
182.24.127.214,1,44
188.205.86.216,1,40
178.172.128.116,1,32
103.207.67.89,1,40
103.56.217.30,1,40
27.219.60.120,1,32
109.220.223.207,1,32
178.36.113.134,1,32
196.213.30.58,1,32
221.92.213.24,1,48
179.103.3.123,1,32
195.148.217.37,1,32
103.11.251.210,1,32
206.179.80.103,1,40
187.230.125.194,1,32
109.202.9.67,1,40
82.71.255.67,1,32
114.217.207.136,1,44
109.220.254.241,1,52
92.61.243.236,1,60
115.237.190.246,1,32
95.23.254.92,1,32
207.75.14.184,1,40
87.194.110.58,1,32
52.87.213.149,1,32
124.139.46.153,1,32
188.187.225.177,1,32
95.50.209.196,1,32
61.26.166.62,1,32
27.189.103.13,1,32
68.41.68.10,1,32
78.219.107.224,1,32
123.11.182.11,1,32
184.167.253.188,1,32
172.106.214.211,1,32
209.171.207.208,1,40
70.121.54.5,1,32
114.175.42.69,1,52
39.24.88.46,1,32
119.85.183.113,1,32
177.129.40.75,1,32
86.136.89.3,1,32
98.33.217.165,1,32
71.183.128.55,1,32
97.7.0.130,1,32
69.240.195.112,1,32
187.219.78.89,1,32
104.70.120.60,1,32
201.105.65.221,1,32
186.181.241.39,1,32
201.218.210.250,1,32
187.158.18.112,1,40
98.16.88.149,1,32
121.255.41.81,1,32
79.179.120.198,1,155
96.56.126.89,1,32
20.134.244.149,1,32
49.204.70.126,1,52
112.38.207.87,1,32
182.116.185.42,1,40
82.119.89.65,1,32
172.86.131.161,1,32
191.203.114.48,1,32
4.45.249.25,1,60
34.238.201.152,1,32
52.248.108.176,1,76
113.39.15.176,1,48
5.71.107.186,1,32
152.42.240.96,1,32
191.106.131.111,1,32
70.40.120.159,1,32
190.28.99.54,1,32
124.66.99.87,1,32
54.227.53.38,1,76
61.40.84.174,1,40
123.212.118.21,1,32
178.1.83.154,1,52
66.173.40.154,1,28
212.117.103.85,1,32
174.152.161.13,1,32
88.55.72.212,1,32
83.132.78.138,1,32
91.254.225.10,1,32
67.144.29.215,1,32
186.154.132.80,1,40
12.75.201.138,1,32
60.14.139.0,1,60
72.101.222.44,1,32
37.17.192.241,1,40
121.215.252.178,1,32
194.120.102.188,1,32
82.33.102.174,1,32
183.173.140.166,1,52
162.12.244.207,1,32
211.18.212.22,1,32
221.22.243.188,1,40
98.133.241.255,1,32
83.202.96.141,1,32
183.207.233.13,1,60
87.204.223.72,1,32
203.251.179.191,1,32
59.11.40.242,1,32
219.124.57.149,1,32
122.180.237.253,1,44
138.208.95.78,1,32
70.20.203.141,1,32
186.237.185.86,1,32
54.217.183.62,1,32
83.77.27.29,1,32
85.171.185.41,1,40
106.96.103.146,1,32
113.203.148.196,1,52
139.241.142.85,1,132
177.160.19.197,1,60
41.254.113.15,1,32
218.17.54.17,1,32
88.109.71.84,1,32
70.167.48.56,1,32
68.253.24.122,1,32
182.47.103.86,1,32
192.231.113.241,1,32
211.40.153.215,1,32
102.82.250.225,1,32
145.146.6.108,1,40
201.166.142.102,1,32
172.203.178.132,1,32
106.70.72.140,1,76
201.9.229.105,1,40
81.219.190.33,1,40
123.203.189.189,1,32
94.245.155.18,1,32
115.20.8.52,1,32
195.141.198.201,1,56
36.223.159.158,1,32
98.129.213.183,1,32
88.233.115.238,1,32
187.246.28.219,1,32
200.146.70.153,1,32
114.170.90.23,3,154
87.130.13.106,1,32
172.249.25.131,14,1472
177.223.93.32,1,40
126.186.171.45,1,32
103.213.174.217,2,80
12.207.193.184,1,32
124.210.4.174,1,56
49.211.107.243,1,32
41.37.106.199,1,40
37.186.151.25,1,32
175.226.192.213,1,32
5.24.167.101,1,32
174.131.123.127,1,32
210.255.106.45,1,64
108.179.177.115,1,32
174.203.13.179,1,32
47.150.222.75,1,32
23.46.129.82,1,32
156.48.156.117,1,40
115.156.188.10,1,32
13.218.8.151,10,724
188.250.89.157,1,32
216.245.89.139,1,60
176.62.70.210,1,32
218.89.169.44,1,48
23.220.80.36,1,32
179.228.146.181,1,32
122.236.129.171,1,32
24.209.56.86,1,32
111.182.208.26,1,32
113.207.90.227,1,52
42.248.207.102,1,76
180.133.206.209,1,76
181.23.244.132,1,32
58.237.88.133,1,56
74.59.255.189,1,32
143.215.184.164,1,32
122.62.39.219,1,44
54.231.22.226,1,32
52.54.221.84,1,32
196.128.65.42,1,60
156.35.38.187,1,40
182.8.14.201,1,32
5.147.248.95,1,32
1.62.69.255,1,32
153.83.174.106,1,32
47.205.235.97,1,32
5.140.230.28,1,40
1.42.67.5,1,60
210.71.252.73,1,32
27.122.21.70,1,60
149.44.46.38,1,32
222.111.145.145,1,32
156.61.244.75,1,40
31.127.51.208,1,44
69.101.201.218,1,32
71.40.4.155,1,32
67.207.30.52,1,32
181.58.70.129,1,32
82.30.171.110,1,32
202.92.207.59,1,72
198.57.72.220,1,32
181.35.244.177,1,32
73.198.93.152,1,32
88.126.140.21,1,40
81.127.183.179,1,32
109.202.248.11,1,32
178.223.253.156,1,40
64.247.128.254,1,99
113.21.220.26,1,60
221.35.200.228,1,32
119.137.72.27,1,132
122.212.221.144,1,32
68.147.247.187,1,32
124.157.55.216,1,32
50.27.79.130,1,32
74.205.221.198,1,32
71.230.143.40,1,40
109.9.14.208,1,32
196.141.89.52,1,32
168.18.65.193,1,32
90.89.253.217,1,56
92.108.56.179,1,32
159.141.14.195,1,451
95.45.98.193,1,32
40.143.39.218,1,32
181.233.217.170,1,32
218.99.215.9,1,40
23.248.135.248,1,32
96.81.36.101,1,32
175.139.205.29,1,32
110.73.185.78,1,32
121.129.134.73,1,32
216.68.133.234,5,4136
92.62.131.148,1,32
50.248.34.87,1,32
109.210.248.46,1,60
123.202.208.171,1,52
200.176.234.155,1,32
52.51.183.50,2,540
92.48.13.241,1,32
221.199.93.247,1,96
183.115.98.48,1,60
112.241.31.102,1,32
74.167.78.95,1,32
82.234.248.30,1,32
90.89.254.72,1,56
184.106.128.25,1,44
54.240.159.55,1,32
5.34.27.111,1,52
109.190.57.54,1,32
104.230.0.5,1,60
173.123.190.74,1,32
52.248.65.245,1,76
60.143.110.215,1,52
219.110.228.76,2,80
119.70.76.83,1,60
64.108.222.140,1,32
60.58.155.90,1,74
69.5.55.13,1,32
195.77.68.2,1,32
213.160.209.32,1,32
79.67.124.188,2,64
148.217.255.9,1,68
64.142.168.190,1,32
221.46.38.173,1,32
35.76.4.147,1,32
17.199.26.131,2,120
2.248.173.200,1,32
153.28.145.139,1,32
182.134.166.86,1,32
64.146.121.159,1,32
12.91.125.170,1,56
181.44.36.140,1,32
128.182.160.9,1,32
177.64.91.81,1,32
119.216.142.194,1,32
189.222.89.18,1,40
183.246.205.63,1,48
209.102.38.41,1,32
210.131.143.4,1,84
203.136.253.155,1,44
113.158.137.31,2,80
103.153.121.170,1,32
93.123.158.216,1,32
213.139.136.216,1,32
123.98.240.76,1,32
42.83.173.137,1,32
23.47.144.69,1,32
221.7.84.221,1,76
60.193.164.181,1,32
188.175.252.103,1,40
185.94.218.137,1,60
200.230.143.70,1,32
37.49.166.80,1,32
182.216.34.14,1,40
82.229.253.20,1,32
187.20.148.104,1,32
187.199.237.231,1,48
77.106.102.254,1,32
65.151.60.80,1,32
121.161.148.135,1,40
104.249.15.236,1,32
122.156.160.69,1,32
128.221.22.34,1,32
117.244.27.29,1,40
71.230.250.67,1,40
190.229.216.174,3,231
54.230.57.141,1,32
17.172.62.71,1,60
73.139.128.27,1,40
189.183.233.28,1,32
212.146.96.115,1,32
88.237.160.198,1,32
91.237.254.164,1,32
109.23.210.26,1,40
58.219.205.252,1,58
187.45.78.27,1,32
50.130.240.246,1,60
189.122.192.204,1,32
121.209.168.40,1,40
88.231.253.94,1,32
83.112.70.223,1,32
111.181.77.160,1,32
195.101.129.55,1,96
124.228.178.193,1,48
147.197.205.135,1,32
123.107.203.161,1,56
184.32.190.76,1,32
177.212.124.3,1,60
216.211.33.118,1,92
177.212.124.6,1,32
52.126.129.255,2,174
173.107.19.191,1,32
117.35.242.239,1,32
72.9.228.4,1,32
87.76.64.174,1,32
69.197.134.162,1,32
81.201.114.183,1,32
95.84.224.4,1,60
172.249.28.66,5,531
41.164.218.27,1,40
216.127.77.164,1,32
194.4.1.143,1,32
31.115.116.205,1,32
107.161.177.182,1,40
184.183.30.65,1,32
76.130.12.137,1,32
189.17.190.172,1,32
74.34.217.214,1,32
181.50.133.127,1,32
198.151.142.224,1,364
213.212.105.78,1,60
118.55.120.191,1,52
93.178.174.163,1,32
118.172.56.206,1,60
84.33.2.97,1,60
121.128.151.11,1,32
103.234.34.205,1,52
88.105.108.145,1,32
96.3.184.219,1,32
178.20.156.96,1,32
79.19.115.200,1,52
89.87.29.117,1,48
189.216.11.189,1,32
95.231.214.174,1,32
128.221.138.45,1,40
114.197.112.208,1,32
5.247.228.151,1,32
109.218.120.225,1,32
173.205.184.52,1,32
54.208.223.180,1,52
139.173.208.135,1,40
61.26.0.127,1,96
5.64.104.156,1,40
101.63.37.103,1,60
104.120.156.94,9,8018
209.48.24.36,1,32
163.162.151.165,1,44
222.179.245.122,1,60
175.175.50.178,1,32
23.24.119.172,1,32
197.23.50.190,1,32
77.8.109.167,1,32
87.34.158.198,1,32
92.71.170.115,1,32
91.130.10.64,1,32
12.154.120.64,1,32
220.42.35.225,1,40
172.115.50.174,1,32
118.91.202.85,1,40
3.135.138.244,1,60
139.232.144.76,1,76
182.48.112.124,1,76
88.125.39.28,1,32
76.203.242.58,1,32
89.135.100.128,1,56
93.217.114.197,1,32
90.113.157.229,1,40
94.65.120.114,1,32
52.69.182.0,1,32
61.247.100.90,1,32
86.134.57.230,1,32
85.120.51.55,1,40
46.169.184.123,1,32
58.155.55.194,1,32
77.173.145.76,1,32
185.1.94.153,1,32
68.165.128.88,1,32
217.219.233.23,1,40
88.11.63.90,1,40
2.103.96.127,1,32
173.249.16.203,1,125
1.95.240.224,1,52
103.127.60.22,1,40
113.21.236.38,1,48
88.192.63.144,1,32
36.23.234.129,1,32
103.101.139.139,1,32
152.80.61.142,1,32
52.127.19.48,1,32
24.207.137.163,1,32
69.236.68.185,1,32
114.195.169.65,1,32
188.162.119.37,1,32
218.100.95.26,1,32
84.218.217.182,1,32
37.17.215.207,1,40
91.246.118.4,1,32
23.86.19.219,50,65941
119.136.158.134,1,32
54.232.71.114,1,32
46.16.82.59,1,32
221.244.118.119,1,32
24.80.198.104,1,32
24.169.131.138,1,32
114.170.117.146,1,48
111.93.154.124,1,44
119.18.93.159,1,32
110.233.69.30,1,44
71.30.64.21,1,32
209.64.11.174,1,32
62.35.241.196,1,32
212.30.15.183,1,32
189.28.199.100,1,32
205.58.72.50,1,286
94.84.162.129,1,32
172.113.204.221,1,32
14.231.126.38,1,32
209.132.205.146,1,96
192.49.160.106,1,32
195.69.159.250,1,32
189.226.57.187,1,32
191.247.110.160,1,32
73.152.76.242,1,32
84.14.247.164,1,32
121.149.215.85,1,32
183.114.222.150,1,32
151.142.63.193,1,60
90.11.1.26,1,32
106.51.165.230,1,76
64.135.194.34,1,32
43.222.57.251,1,40
4.78.67.237,1,32
101.208.155.232,1,32
54.165.211.72,1,40
101.225.55.17,1,60
81.190.100.74,1,40
121.88.244.25,1,32
52.3.141.234,1,32
23.254.194.45,1,32
54.215.145.180,6,6082
5.75.249.117,1,40
119.7.137.90,1,32
196.71.85.125,1,32
183.97.55.153,1,40
222.160.239.189,1,32
106.192.246.151,1,32
179.82.68.149,1,40
220.115.206.1,1,32
181.172.251.147,1,32
151.227.255.226,1,32
87.186.245.112,1,32
195.224.59.249,1,60
66.103.51.57,1,32
24.60.222.133,1,32
158.250.93.200,1,131
123.53.173.184,1,32
159.137.236.63,1,40
1.200.171.36,1,32
159.137.239.124,1,40
18.182.109.227,1,76
114.166.239.219,1,60
200.81.179.67,1,32
217.233.229.23,1,32
37.152.84.239,1,32
122.239.137.2,1,36
100.229.184.22,1,32
142.60.157.194,1,32
221.29.101.70,1,32
197.24.187.227,1,32
42.60.6.44,1,32
31.173.153.28,1,32
23.211.25.241,1,32
117.247.223.15,1,52
186.178.153.208,1,32
36.6.98.17,1,52
196.67.240.151,1,40
46.79.241.68,1,32
124.34.160.111,1,32
104.198.219.73,1,32
24.27.39.93,1,32
142.25.171.224,1,44
41.175.124.173,1,32
12.92.136.97,1,32
179.158.245.76,1,32
123.248.30.115,1,32
39.81.199.13,1,56
123.120.224.240,1,32
77.139.120.230,1,32
168.250.159.234,1,32
18.225.27.106,1,44
79.136.185.18,1,32
182.119.216.102,1,40
129.243.40.113,1,32
192.159.182.13,1,32
174.212.209.50,1,32
216.41.55.81,1,60
147.250.177.234,1,32
172.249.28.77,4,1278
66.13.39.62,1,32
190.130.223.38,1,40
107.115.201.252,1,32
166.131.111.248,1,32
152.57.39.209,1,32
170.139.193.17,1,32
89.170.40.18,1,44
82.78.120.82,1,32
92.194.140.160,1,40
163.53.159.194,1,32
2.123.14.43,1,32
49.34.122.100,1,32
187.143.164.157,1,32
112.245.89.74,1,40
65.102.178.122,1,32
101.34.210.25,1,32
76.202.31.255,1,60
92.255.207.74,1,32
220.159.245.170,1,40
115.18.87.183,1,40
47.42.172.6,1,32
221.99.152.153,1,32
126.214.38.121,1,32
80.199.253.34,1,32
81.136.172.82,1,32
149.203.134.76,1,32
5.125.1.4,1,32
41.117.160.54,1,32
70.57.87.72,1,32
112.248.81.55,1,32
119.118.135.236,1,32
80.124.22.246,1,32
52.244.72.84,1,32
125.33.105.55,1,44
104.236.209.185,1,32
61.101.249.66,1,40
178.136.159.111,1,32
182.131.53.234,1,56
93.235.168.75,1,56
97.27.80.80,1,32
24.130.64.167,1,32
183.136.64.156,1,32
180.189.108.29,1,32
60.92.5.162,1,40
185.127.93.32,1,40
187.209.191.160,1,44
92.5.216.45,1,32
3.199.108.250,1,32
183.97.48.173,2,80
220.62.227.168,1,32
204.48.46.14,1,32
172.249.162.63,1,52
92.223.161.208,1,32
209.48.24.61,1,60
181.92.131.108,1,40
188.227.50.155,1,32
64.220.121.184,1,32
151.202.5.206,1,32
177.243.76.191,1,32
124.154.188.74,1,40
190.80.11.78,1,32
113.122.94.134,1,56
81.109.202.71,1,40
64.197.110.197,1,56
46.214.146.202,1,40
36.234.229.138,1,52
58.185.24.170,1,32
188.245.57.1,1,32
113.62.124.144,1,64
104.120.156.164,5,4409
102.185.70.75,1,32
187.112.38.90,1,32
78.206.40.127,1,32
68.42.61.32,1,52
110.221.40.101,1,40
197.45.210.181,1,32
46.45.98.223,1,44
221.31.117.105,1,52
91.125.103.11,1,32
122.252.231.77,1,52
180.79.156.142,1,32
148.19.66.102,1,60
201.48.52.23,1,32
58.70.29.48,1,32
72.158.35.158,1,32
14.213.127.167,1,60
75.107.49.117,1,32
104.18.71.195,1,32
202.50.223.198,1,52
109.206.143.255,1,32
50.205.105.68,1,32
104.111.198.255,1,32
144.219.110.58,1,52
171.206.205.136,1,32
211.245.223.0,1,40
76.49.231.147,1,32
79.23.132.20,1,44
70.74.227.79,1,32
222.209.239.67,1,60
37.190.2.165,1,32
176.125.68.57,1,32
178.183.74.58,1,58
66.101.130.254,1,32
71.230.250.167,1,40
52.104.69.86,1,32
183.97.54.64,1,40
94.225.47.233,1,32
79.168.216.130,1,40
95.87.89.172,1,44
111.248.119.132,1,32
54.35.137.39,1,76
178.240.93.72,1,40
213.18.3.68,1,56
41.103.220.140,1,32
32.217.208.238,1,32
93.12.252.93,1,32
184.106.135.117,1,32
188.154.57.84,1,32
190.178.107.167,1,32
195.81.197.6,1,60
178.227.89.224,1,40
180.93.254.67,1,32
87.136.95.173,1,32
101.63.39.36,1,52
67.255.55.160,1,32
72.160.192.224,1,32
176.31.47.215,1,32
73.206.210.144,1,32
79.131.194.199,1,32
80.121.92.105,1,32
36.31.205.20,1,32
110.56.246.82,1,32
178.165.14.189,1,32
80.201.105.249,1,48
203.171.209.38,1,32
85.186.201.165,1,60
113.189.140.24,1,52
50.129.72.237,1,32
195.203.38.166,1,32
45.209.96.186,1,60
124.213.182.69,1,32
217.229.216.212,1,32
68.205.80.65,1,32
186.41.35.34,1,40
64.127.13.238,1,32
139.218.155.119,1,132
