,sip_ct,sip_pkt_size_ct
157.42.16.141,7,280
92.190.195.61,1,56
27.229.45.82,1,44
60.203.161.51,1,32
108.73.145.173,24,16004
172.249.28.78,10,4946
52.15.239.237,36,10700
115.191.94.73,1,52
81.109.202.48,160,6400
185.62.237.173,2505,262275
185.0.65.10,25,1000
114.60.43.169,2006,2952832
17.193.185.205,1380,1967880
162.194.80.116,18935,28393812
111.196.100.182,330,10560
218.243.159.179,1,60
128.78.171.178,115,14892
74.193.112.201,1037,1475883
185.72.27.1,39,1560
185.72.27.118,24,960
204.194.145.251,1193,878908
202.104.233.201,1,40
178.42.236.116,1,52
92.190.198.199,1,56
191.106.253.133,1,32
92.190.202.187,1,56
125.232.102.58,752,30080
185.72.26.104,42,1680
213.141.187.182,1,32
74.193.190.124,10,786
92.190.194.54,1,56
119.189.92.86,1,32
149.55.154.201,1,32
181.60.77.49,1,32
104.71.245.210,465,693973
212.78.53.124,1,32
46.55.156.130,1,32
46.231.172.31,54,2160
108.73.145.146,10,893
121.132.40.132,1,32
152.218.83.135,15,935
98.233.86.116,1,32
185.252.120.253,47,2820
218.49.41.129,1,32
194.96.126.164,130,5200
104.122.233.194,1,32
92.190.194.51,1,56
17.193.183.217,1683,2450448
139.253.188.67,63,3024
71.8.232.12,1,32
151.179.69.150,1,32
114.211.222.155,8,320
92.190.202.155,1,56
108.58.94.243,1,32
112.5.192.160,1,32
182.5.234.153,1,32
196.32.59.193,1,32
102.155.35.224,1,32
23.85.15.90,3,2552
92.190.203.96,1,56
14.233.252.252,11,440
185.104.111.133,5,280
175.206.165.42,1,40
92.190.197.182,1,56
91.66.103.66,152,205690
121.20.23.58,102,5504
79.191.202.87,1,32
54.49.119.193,11,5681
92.190.194.89,1,56
92.190.200.98,1,56
183.188.241.139,4,904
93.176.199.110,1,32
92.190.195.173,1,56
23.247.73.124,1,32
213.159.146.132,1,60
118.135.147.22,3,324
93.211.169.33,1,32
69.39.251.60,3,151
187.53.10.108,1,32
92.190.194.159,1,56
217.107.232.169,1,32
195.208.244.146,290,11600
210.139.160.132,1,56
113.171.224.1,1,96
62.174.135.5,2,80
122.232.19.92,69,3068
78.235.85.227,1,58
151.106.127.201,30,1320
185.72.27.66,191,7640
222.186.21.52,19,2299
92.190.202.160,1,56
172.249.30.177,24,4308
81.109.202.26,264,10560
80.115.8.67,1,32
182.91.137.57,98,147000
92.190.200.24,1,56
109.3.46.240,1,44
193.216.222.159,15,600
43.217.140.162,52,9539
101.152.233.110,58,22752
209.238.124.122,7,308
81.109.202.46,151,6040
223.40.40.122,1,52
162.194.50.126,44,5555
117.117.95.121,265,346055
162.1.253.41,18,10368
185.72.27.145,48,1920
188.175.184.125,1,40
77.241.122.240,6,240
208.127.215.67,2,80
109.188.168.149,1,32
81.109.202.49,153,6120
175.172.40.51,1,32
92.190.199.195,1,56
172.249.28.121,86,122032
190.117.154.87,1,32
92.190.196.53,1,56
166.157.239.235,1,32
185.176.69.145,1,32
46.231.172.30,43,1720
162.98.219.192,1,32
95.129.183.180,2,137
104.75.147.36,235,349916
171.198.140.4,1,76
107.164.180.51,247,9880
221.24.62.14,1,32
171.241.181.197,1,48
35.66.121.10,4,222
220.149.4.120,6,360
24.87.28.9,1,32
115.47.134.193,1,32
190.28.165.251,1,60
216.75.225.73,1,40
122.12.157.81,1,32
185.0.65.16,48,1920
92.190.199.13,1,56
87.47.30.30,1,60
158.160.75.114,1,32
119.234.209.138,2,80
132.202.169.69,1,32
113.196.235.181,1,52
58.194.249.92,1,52
117.117.90.185,242,363000
1.86.180.26,1,32
103.213.63.75,113,5876
174.245.98.243,1,32
142.161.236.75,6,240
104.6.12.48,494,721587
115.232.215.93,1,32
71.230.250.201,1,40
71.183.64.233,1,32
182.109.225.47,1,64
98.62.106.255,1,32
212.233.218.201,1,60
213.203.13.184,2791,4172588
69.127.95.230,1,32
107.164.186.35,264,10560
12.49.229.246,1,32
119.20.25.175,1,40
197.58.38.105,1,40
195.208.253.162,31,1240
188.182.61.170,1,32
108.73.145.12,88,20427
162.100.27.216,1,32
73.187.200.21,1,32
81.24.26.136,1,32
13.4.142.54,29,2578
82.107.253.210,1,32
201.182.167.200,1,60
85.206.71.178,1,32
126.210.20.219,1,32
208.166.93.172,1,32
34.197.99.223,1,32
220.57.205.219,1,32
200.53.197.93,1,32
81.109.202.36,62,2480
147.130.149.196,1,32
84.255.124.90,1,32
74.167.212.53,1,56
103.108.23.104,26,936
61.144.189.162,1,32
192.30.96.69,1,75
185.72.27.94,25,1000
122.239.137.2,1,36
18.182.3.139,20,5804
71.230.251.251,11,440
151.150.76.83,3,434
64.22.164.172,3,219
173.96.151.181,1,32
187.24.104.216,1,32
162.12.150.111,224,8960
50.159.242.126,5,280
220.172.133.91,1,48
124.70.126.92,1,32
91.161.121.216,1,32
120.180.155.151,45,1980
58.195.45.195,1,32
46.231.172.29,54,2160
73.85.121.24,1,32
5.64.104.149,2,80
172.119.52.97,27,6337
60.199.143.98,1,32
92.67.254.131,14,560
84.127.4.109,1,32
185.72.26.105,21,840
69.92.214.101,2,138
142.161.238.230,5,200
186.232.185.11,1,32
14.83.220.130,1,52
211.180.182.106,1,56
190.163.223.100,1,32
81.173.12.110,1,32
23.28.98.49,1,32
54.172.234.40,1,32
126.26.254.114,379,181938
49.109.125.213,1,48
116.240.48.166,1,32
106.45.34.164,1,32
187.244.73.187,1,40
80.53.119.27,1,32
2.160.203.61,1,44
139.249.177.160,1,32
160.170.9.76,1,32
193.143.189.9,1,40
117.79.94.62,12,7689
81.105.240.164,1,56
177.230.92.51,1,32
71.230.250.218,1,40
197.57.92.204,1,40
211.230.96.211,1,32
195.208.253.181,32,1280
89.199.67.26,6,264
77.141.124.216,1,32
50.58.93.162,1,32
172.249.162.142,20,4106
119.56.179.214,2,120
222.105.216.29,1,60
190.29.119.180,1,40
121.177.43.190,1,32
86.181.93.104,1,32
95.127.55.113,1,32
74.47.136.163,1,32
123.24.183.77,1,32
69.193.164.3,1,32
206.195.27.1,34,7469
221.38.25.24,1,32
126.237.86.67,4,1086
185.172.191.207,1,32
54.215.145.102,31,10154
84.221.125.153,1,32
23.208.168.26,1,32
200.197.232.254,1,32
166.252.102.125,1,32
45.125.82.119,2,80
73.10.19.22,1,60
190.91.94.243,1,32
211.5.147.36,1,32
174.212.121.210,1,32
191.99.6.105,1,32
217.139.72.25,1,32
116.188.241.217,1,32
52.246.14.193,3,327
159.153.180.3,6,240
50.215.217.229,1,32
156.59.99.83,1,40
73.183.29.70,1,32
179.224.181.139,1,32
36.249.41.126,1,40
77.12.120.57,1,60
120.116.180.36,1,32
65.216.202.218,1,32
189.233.164.36,1,32
113.171.120.216,1,32
74.226.129.146,1,32
77.140.226.103,1,32
201.136.154.195,1,32
5.189.61.210,40,49314
216.250.35.74,1,56
195.23.119.148,1,32
194.147.3.103,1,60
190.28.165.53,1,32
78.23.88.239,1,32
104.109.231.73,3,163
24.237.32.1,1,32
96.90.24.108,1,32
193.216.222.153,32,1280
61.26.0.89,9,360
85.224.157.5,1,32
132.145.151.51,25,1000
212.163.68.145,7,280
93.39.229.114,1,32
172.249.30.49,21,4045
208.91.103.90,1,32
117.27.43.63,95,13974
178.185.104.75,14,616
178.242.121.241,1,32
5.224.154.238,1,32
80.30.162.225,1,28
200.16.156.137,1,32
186.88.141.236,39,2184
37.177.46.161,1,44
213.35.141.131,1,32
95.250.32.160,1,40
68.118.234.219,1,32
119.137.88.205,1,52
187.120.23.245,1,32
194.135.32.90,1,32
54.250.171.116,1,32
52.15.82.10,1,52
197.146.9.33,1,32
123.255.34.87,1,32
161.197.7.87,1,157
206.188.173.65,5,289
46.231.172.26,47,1880
73.76.230.137,1,32
74.207.231.13,1,32
200.216.107.252,1,32
23.109.198.248,1,32
216.202.230.134,15,600
190.39.8.30,2,88
118.135.77.6,1,40
114.55.168.222,1,58
222.166.153.1,2,80
88.11.63.77,1,40
35.68.159.219,3,156
31.113.147.64,52,6475
185.72.27.61,26,1040
71.230.250.151,3,120
59.20.68.10,1,60
128.221.25.238,4,504
189.102.227.152,1,32
221.31.142.241,1,40
52.15.222.106,3,364
79.13.165.185,1,32
88.11.63.86,3,120
203.19.247.107,27,8536
217.194.217.83,1,32
31.113.147.98,74,15953
87.228.94.196,1,32
37.189.71.69,1,32
75.141.28.175,1,32
81.109.202.16,51,2040
66.135.60.245,1,40
119.137.70.86,1,76
81.142.100.146,1,32
126.218.126.139,5,378
165.229.131.38,7,280
71.192.101.56,1,32
31.113.228.84,1,56
13.30.125.15,27,3002
87.59.82.222,198,7920
81.109.202.69,22,880
185.72.26.18,25,1000
182.87.156.75,100,19759
185.134.52.211,7,847
159.153.172.26,6,240
98.112.54.119,1,32
138.214.7.190,1,32
202.228.117.199,10,3395
115.57.97.134,1,32
138.186.163.252,1,44
122.178.12.29,1,32
36.194.10.226,1,48
86.216.245.193,1,52
175.165.60.161,1,32
92.226.29.161,1,32
18.228.12.102,1,32
216.183.48.37,3,478
112.39.157.56,2,148
116.159.158.96,1,32
82.54.174.197,49,1960
46.3.55.31,1,32
191.111.215.149,1,32
123.146.36.130,1,32
105.43.9.157,1,32
31.121.56.186,1,32
201.208.117.51,1,32
175.113.102.158,1,32
36.22.161.45,1,32
76.89.117.172,1,48
148.208.54.41,1,32
172.249.25.191,413,501222
205.58.72.40,1,239
186.33.175.74,1,32
196.180.49.189,7,308
61.207.124.62,1,32
108.73.145.19,24,1218
114.29.148.245,1,40
104.225.126.174,3,120
185.12.25.165,14,560
63.228.164.64,1,32
201.29.73.227,1,32
149.80.29.141,1,32
95.171.3.41,1,32
196.180.49.37,7,308
52.20.70.104,1,40
210.74.143.44,1,44
52.66.40.211,1,32
70.125.227.217,1,32
47.37.66.220,1,32
81.25.228.37,1,32
83.91.204.223,2,100
220.202.165.104,21,840
84.213.233.205,1,32
189.188.118.241,1,32
106.82.70.154,1,76
184.27.151.106,1,32
52.212.0.58,13,5079
187.253.98.50,1,40
86.220.113.90,1,40
59.125.158.154,1,32
221.230.32.64,1,32
185.72.26.63,12,480
184.168.84.15,1,32
66.247.69.62,16,704
213.167.254.148,1,60
60.57.98.61,1,32
192.239.236.121,2,278
52.14.254.220,12,672
183.97.55.2,2,80
117.98.161.118,1,32
31.113.147.113,93,63207
186.155.98.197,1,32
68.31.188.196,1,32
209.7.53.209,1,32
45.33.76.87,2,138
18.182.186.35,1,76
173.233.156.52,1,96
196.180.49.4,8,352
146.71.72.100,1,32
203.130.19.50,2,138
210.155.78.18,2,1370
93.255.208.103,1,32
71.230.251.249,3,660
104.209.66.224,1,32
65.154.121.212,1,32
13.207.63.195,111,150148
134.160.96.199,1,40
70.77.204.188,1,32
41.240.237.57,1,40
69.143.209.145,1,32
185.49.252.227,12,480
189.50.104.174,1,32
108.73.130.76,19,2483
59.177.129.135,1,32
23.95.92.133,6,3533
50.247.114.247,1,105
119.141.63.137,1,32
177.27.230.154,1,44
216.68.133.177,24,6526
75.105.184.190,1,32
77.3.149.123,1,32
78.52.221.130,1,32
111.172.169.150,1,48
179.93.10.66,1,40
124.149.242.174,1,80
172.76.196.114,4,160
23.90.165.128,12,13692
24.158.101.211,1,32
180.93.96.33,1,52
2.175.142.69,1,60
5.244.50.30,1,32
90.112.170.221,1,40
23.124.244.72,1,32
119.74.190.11,1,52
58.27.50.80,1,76
64.22.167.111,5,300
62.2.55.97,1,60
189.18.88.14,1,32
185.72.27.70,79,3160
142.161.168.60,4,160
139.249.112.41,1,32
35.68.170.74,13,1347
71.230.250.7,1,40
178.35.226.182,1,60
71.204.105.75,1,32
172.102.237.232,2,80
188.121.229.82,1,32
121.123.37.247,1,32
119.240.89.242,1,76
129.232.134.51,1,32
99.35.148.171,1,32
34.22.135.181,1,52
180.151.225.93,16,704
218.128.12.164,3,424
111.194.61.225,1,48
46.152.132.145,1,40
183.246.21.110,1,48
191.253.11.115,1,32
71.65.26.153,1,32
173.60.201.117,1,32
189.16.255.158,1,40
124.141.87.47,7,4741
74.193.190.141,15,2430
185.72.27.26,193,7720
212.163.236.192,1,52
77.80.42.163,1,32
138.4.81.97,7,280
166.246.18.111,1,32
54.33.37.90,1,76
196.208.116.108,1,32
212.255.59.143,1,32
134.214.46.204,5,200
134.214.55.84,7,280
218.99.215.41,1,40
177.125.232.226,1,32
125.35.5.136,1,44
17.193.171.235,1,76
23.86.31.213,1,52
118.135.146.171,1,52
80.136.16.211,1,40
94.20.70.14,1,32
61.131.18.26,9,360
80.156.28.187,1,32
218.130.230.73,4,160
52.228.244.85,1,40
111.196.227.55,1,32
110.41.201.18,1,32
79.23.132.20,2,88
213.167.254.152,1,60
192.83.182.132,1,44
203.19.247.172,5,7450
218.7.172.58,1,79
18.226.199.125,1,32
113.5.208.152,1,32
5.189.28.55,1,32
130.53.194.102,5,470
80.227.22.121,1,32
58.215.57.70,1,32
109.61.232.228,1,32
71.193.100.51,1,32
103.204.92.255,44,43463
180.32.20.11,1,32
24.212.30.155,1,32
58.54.130.236,1,52
73.122.56.204,1,32
52.225.197.140,1,32
47.42.56.58,1,32
61.8.111.209,3,168
187.125.96.7,1,40
207.67.168.27,1,32
45.19.31.120,1,32
196.180.49.2,8,352
185.72.27.133,35,1400
13.206.122.249,19,1296
196.211.72.86,1,32
79.128.151.50,1,32
49.199.34.133,1,32
204.42.230.133,1,32
92.221.151.39,1,32
88.11.63.91,2,80
186.105.233.147,1,32
52.254.213.64,4,237
139.251.80.174,1,32
34.208.255.114,1,52
125.33.7.116,1,44
38.186.226.158,5,465
220.56.179.133,1,32
47.121.82.184,4,336
101.198.117.189,1,76
124.239.185.9,1,52
83.194.247.38,4,412
124.234.234.147,1,76
23.66.54.186,2,187
78.191.73.34,1,32
185.184.83.21,8,320
46.214.240.254,1,40
185.72.26.45,15,600
54.133.25.157,1,40
129.196.12.153,4,672
8.216.201.196,10,726
46.121.68.212,1,44
23.218.212.227,5,726
60.17.149.73,1,40
114.179.162.110,1,32
90.121.9.64,1,32
70.53.184.194,1,60
191.48.4.42,1,40
196.180.49.58,9,396
68.74.170.64,5,200
196.205.85.230,1,32
31.163.134.4,1,40
65.244.50.48,1,32
123.0.111.111,1,52
154.44.98.17,1,32
37.17.195.198,1,40
46.45.9.183,1,44
136.89.90.216,1,32
134.214.250.21,1,40
71.230.250.194,1,40
106.45.255.121,1,48
31.113.147.71,89,109820
24.201.149.224,1,32
142.161.233.47,12,504
37.192.221.80,1,32
35.86.144.58,1,52
169.47.46.119,1,32
90.8.193.181,1,32
82.152.127.101,1,32
187.19.99.76,1,32
45.38.196.43,1,32
138.221.35.73,5,200
87.243.8.100,1,32
153.98.92.145,8,320
35.87.68.107,2,111
133.200.138.251,8,884
112.250.209.55,1,32
13.206.225.155,1,40
220.34.6.21,1,40
45.201.164.174,1,32
182.138.23.44,1,32
108.73.130.252,17,872
178.229.26.222,1,32
91.198.252.122,5,200
220.2.5.140,1,40
185.48.172.155,18,720
72.14.193.239,1,32
138.221.243.247,10,400
118.131.178.45,1,32
180.175.170.228,20,1545
217.106.168.100,1,32
1.221.64.4,1,52
46.125.22.16,1,32
74.193.99.4,1,48
23.111.242.152,3,292
186.232.123.178,3,120
34.195.103.120,1,32
219.113.122.24,8,1572
68.74.225.106,5,200
185.118.228.205,1,32
185.49.252.234,18,720
111.223.123.54,2,120
192.134.26.168,1,32
31.222.177.133,1,44
80.8.125.206,1,60
66.45.156.115,1,32
37.157.155.199,1,32
183.99.172.231,1,32
175.232.38.255,1,32
58.249.190.59,19,6830
125.240.157.76,1,32
47.121.240.179,1,40
61.109.123.108,1,334
196.180.49.69,10,440
194.193.134.202,1,60
68.26.86.161,1,32
188.131.23.20,1,32
162.1.252.121,13,7488
79.117.226.43,1,32
178.228.228.225,1,32
111.225.229.242,11,4775
156.28.12.162,5,200
64.135.228.183,1,32
45.126.10.171,15,600
219.96.98.89,1,32
177.171.234.162,2,88
208.87.230.250,3,396
14.100.189.160,1,32
211.47.51.65,1,32
110.67.104.205,2,100
99.134.231.225,1,32
92.43.218.61,1,44
195.14.23.171,5,420
93.68.224.216,1,32
119.48.191.28,1,78
174.175.92.20,1,32
68.212.40.251,1,32
66.182.87.17,1,32
87.167.233.217,1,32
176.25.229.203,1,32
175.205.166.243,1,32
5.64.104.152,3,120
17.193.180.253,1,76
192.49.243.242,54,2160
197.131.155.40,2,88
211.98.219.173,1,40
222.70.166.245,1,48
142.25.171.224,1,44
213.17.156.57,1,32
62.131.91.189,1,32
124.159.39.93,1,32
121.139.41.17,1,60
177.119.229.78,1,32
88.11.63.85,3,120
82.22.105.105,1,32
67.176.168.131,1,32
71.230.152.134,6,296
179.186.66.63,1,44
68.74.78.133,1,40
92.24.28.231,1,32
78.220.73.247,1,32
196.217.170.166,1,32
74.193.190.83,21,5308
188.145.23.240,1,40
17.71.252.67,20,3838
192.242.210.232,1,40
61.47.136.246,1,40
23.80.174.121,1,52
71.230.183.142,6,261
103.213.174.206,1,40
81.125.100.237,1,32
222.138.23.0,1,40
87.175.226.243,1,32
134.214.180.160,6,240
132.216.70.128,1,40
105.190.208.242,1,32
114.42.171.17,1,32
37.17.174.20,1,40
190.219.227.113,1,32
210.131.143.4,1,84
115.246.160.135,1,32
125.71.50.204,1,32
122.128.194.84,1,76
218.128.12.192,1,40
187.204.125.89,1,32
58.217.129.229,1,76
182.99.231.230,1,32
68.210.125.203,1,32
34.199.158.55,29,17527
198.15.169.6,7,308
174.220.120.161,1,32
161.141.23.131,1,32
216.129.125.15,1,32
183.153.101.16,1,40
46.226.205.185,1,40
201.156.191.138,1,44
46.226.249.201,1,32
183.188.30.141,7,2839
182.116.176.91,1,52
187.155.27.164,1,32
98.75.21.219,1,32
223.123.18.184,1,32
178.238.22.156,1,32
59.163.35.100,1,40
38.186.226.140,1,40
120.173.226.170,1,76
61.211.26.66,1,32
87.85.43.36,1,32
77.244.190.72,1,60
104.136.163.95,1,32
185.126.164.187,7,305
123.9.167.230,1,32
187.147.64.254,1,40
107.141.90.57,1,32
70.47.219.187,1,32
190.47.125.132,1,32
117.64.254.6,1,32
79.238.167.7,1,32
78.48.154.217,1,32
122.254.176.117,1,32
37.186.174.136,1,40
190.55.38.129,1,60
177.235.206.176,1,40
221.89.160.26,1,32
84.158.2.158,1,32
176.59.162.203,4,160
54.192.110.138,1,32
34.248.191.178,1,32
23.243.83.197,9,4513
104.224.191.111,1,32
87.32.50.129,1,56
84.34.98.255,1,32
36.164.21.20,15,660
151.150.185.125,18,8690
198.15.182.21,6,252
82.27.28.2,1,32
90.42.157.202,1,32
31.163.138.223,1,40
49.19.42.25,1,40
103.39.191.146,1,40
185.138.108.139,2,80
136.242.103.231,1,52
70.63.164.202,1,32
183.73.47.138,1,32
23.93.225.110,1,32
187.52.131.37,1,32
41.169.84.178,1,40
62.117.4.104,1,96
126.154.2.127,1,32
85.99.125.236,1,32
200.66.15.254,1,56
89.212.150.243,1,32
222.68.162.170,1,32
174.213.89.117,1,32
177.31.234.51,1,32
206.9.11.196,5,200
113.40.85.223,1,60
122.136.160.18,1,32
90.113.151.253,1,40
206.57.241.177,38,4808
191.181.240.5,1,40
52.81.45.48,1,220
185.210.128.206,1,32
91.66.101.172,1,76
1.82.105.141,1,32
54.167.165.215,6,1872
177.254.215.195,1,56
36.170.63.190,1,76
80.212.114.72,12,638
198.15.150.29,8,320
195.5.125.121,1,60
221.103.157.130,1,32
121.105.23.177,1,44
134.107.59.49,1,88
201.54.227.72,1,32
120.180.155.148,32,1408
86.162.71.213,2,80
68.162.87.137,1,32
119.219.161.82,1,76
172.110.242.121,1,32
49.212.103.36,1,32
196.180.49.73,6,264
64.22.165.109,1,52
5.75.233.58,1,32
14.130.19.129,1,60
88.11.63.68,3,120
177.66.207.18,1,44
153.26.51.238,1,40
68.66.218.228,1,32
62.237.51.50,966,1447836
23.220.127.179,2,168
107.9.55.249,8,320
50.130.148.135,1,60
185.72.27.106,63,2520
105.129.0.88,1,32
17.193.180.115,1,76
129.232.21.101,1,32
106.96.13.83,2,80
14.35.191.209,1,40
219.105.240.183,1,32
113.180.93.105,1,32
59.62.76.206,1,60
220.187.58.252,1,48
126.140.172.140,1,40
200.139.97.6,1,32
195.155.65.19,5,200
83.57.199.135,1,52
34.235.252.211,1,32
117.117.90.189,1,52
177.55.157.146,1,32
112.244.208.223,1,32
189.78.41.129,1,32
218.110.72.99,1,32
69.134.1.153,1,56
79.166.60.140,1,40
32.212.233.96,1,32
71.230.134.127,7,322
82.170.162.91,1,32
174.244.123.191,1,32
94.138.81.169,1,84
188.77.235.55,1,52
116.135.102.107,1,60
54.252.184.194,2,104
46.182.226.55,1,32
109.202.173.251,1,40
110.89.38.240,1,32
23.117.204.73,1,32
206.247.147.120,1,60
17.192.163.108,12,4261
50.59.91.23,1,32
96.4.54.148,1,32
172.249.25.186,42,27415
182.154.126.161,3,120
87.116.227.53,1,32
149.175.153.163,1,32
37.152.192.89,2,92
36.170.104.92,1,76
110.41.209.240,1,60
94.247.247.124,5,420
218.89.169.44,1,48
181.45.48.177,1,32
13.22.76.33,4,373
81.109.202.11,27,1080
60.56.220.143,1,40
41.168.112.124,1,40
174.239.30.229,1,32
220.209.100.228,1,40
80.249.113.104,1,60
78.252.204.250,1,32
112.181.94.6,1,32
104.248.1.195,10,400
24.44.54.207,1,32
125.40.14.78,2,80
107.175.27.5,2,80
185.72.26.39,18,720
47.22.224.196,1,32
190.240.138.4,1,32
84.32.36.55,1,40
121.119.83.28,33,1848
118.255.7.74,1,60
4.99.250.5,1,50
175.192.20.188,1,52
159.52.167.215,5,200
158.250.62.12,4,307
177.14.39.205,1,32
68.74.23.184,6,240
42.232.9.20,1,32
76.215.195.181,1,32
46.185.124.235,1,40
118.180.95.47,1,32
68.23.8.175,1,84
169.52.9.36,1,60
123.119.41.127,1,60
121.219.47.98,2,80
73.203.197.148,1,32
79.141.156.71,1,32
64.22.160.146,1,155
2.39.24.17,1,32
202.190.15.194,1,60
193.216.222.161,18,720
183.167.87.82,1,52
203.64.241.150,8,1225
18.182.99.194,31,3092
68.248.47.66,1,32
5.141.123.85,1,32
104.7.147.12,1,40
5.207.205.217,1,32
34.236.52.99,1,32
119.202.110.0,1,32
107.135.61.73,1,60
60.70.189.7,1,32
78.208.23.120,1,40
172.249.29.78,26,4985
66.118.93.5,1,32
68.156.128.241,1,32
152.54.110.208,1,32
179.89.210.105,1,32
91.106.219.169,1,60
166.161.94.119,1,32
221.92.101.46,1,32
58.188.79.80,1,32
5.87.121.198,1,32
54.139.82.46,15,984
108.38.62.178,1,32
71.230.250.29,1,40
113.46.206.218,1,52
167.148.99.50,8,320
173.200.54.200,2,136
87.100.88.97,1,32
141.128.168.64,1,32
71.230.250.137,1,40
78.62.150.77,1,32
189.178.76.110,1,32
73.182.91.41,1,32
113.28.174.61,3,152
49.144.61.148,1,60
196.180.49.23,9,396
181.128.25.214,1,32
191.192.42.221,1,32
71.230.250.189,2,80
95.56.96.159,1,32
61.81.168.123,2,104
123.107.206.97,1,60
196.180.49.74,9,666
134.214.247.119,1,40
222.67.213.231,1,40
80.160.79.130,1,32
63.142.96.165,1,32
41.164.200.17,1,40
180.145.134.161,2,104
23.230.123.186,2,104
125.191.77.103,1,40
167.199.224.238,1,32
185.72.27.142,33,1320
37.53.40.212,1,40
73.205.230.106,1,32
198.37.152.100,1,40
213.34.75.36,1,32
60.141.48.6,3,120
24.41.250.157,1,32
85.149.249.207,1,32
126.128.116.173,1,32
104.240.11.11,1,40
222.181.212.215,1,48
191.25.160.31,2,80
67.173.91.155,1,32
113.235.2.178,1,32
81.109.202.10,29,1160
46.233.250.150,1,32
213.106.28.35,1,32
118.15.32.124,1,32
66.71.161.8,1,32
149.184.252.119,1,40
39.36.71.154,3,132
185.60.165.203,2,156
174.241.161.206,1,32
93.210.150.50,1,32
222.156.187.115,1,32
84.26.6.53,1,32
41.97.156.208,1,32
183.235.222.217,1,60
86.219.22.46,1,40
118.132.248.62,1,52
71.230.250.22,2,80
116.202.255.149,1,56
172.249.30.182,16,6103
71.230.250.80,2,80
185.13.104.254,1,40
89.21.228.185,1,56
204.100.119.20,8,1252
69.5.193.208,1,32
146.235.155.38,1,32
92.86.93.227,1,32
185.72.27.6,26,1040
156.34.237.51,1,40
209.36.63.86,1,32
71.230.146.117,5,234
175.171.85.34,2,80
112.248.88.65,1,28
81.138.252.157,1,60
125.249.26.187,1,48
37.46.36.68,1,44
94.198.18.26,1,40
17.157.186.245,3,374
148.209.232.56,1,32
128.221.90.140,5,200
182.191.240.178,1,32
185.48.173.62,41,1640
31.163.208.210,2,80
83.242.139.89,1,32
87.85.204.10,1,32
210.3.14.140,1,60
54.240.189.99,6,1068
218.196.142.150,1,40
17.166.128.148,1,52
122.61.39.15,1,32
185.182.103.162,2,80
69.197.3.121,1,32
183.195.95.39,1,32
108.73.130.237,3,195
73.3.201.99,1,76
138.196.251.61,1,60
101.61.96.49,2,256
221.196.34.71,1,48
185.231.79.54,7,420
196.180.49.79,10,740
50.179.117.187,1,32
81.140.100.4,1,32
112.225.132.72,1,40
94.134.144.110,1,56
103.92.41.54,1,32
78.139.166.157,1,32
123.107.206.124,1,60
151.19.151.117,1,32
217.178.79.27,3,165
17.166.131.133,15,13450
216.225.157.39,1,96
140.144.36.121,1,40
122.224.223.219,2,96
196.167.251.94,1,60
202.100.168.30,1,60
111.170.252.25,1,32
185.72.26.31,1,40
41.162.94.174,1,40
181.226.25.185,1,32
36.169.98.5,1,32
159.137.136.36,2,80
71.230.250.232,1,40
120.173.69.109,1,60
24.78.173.113,1,32
223.104.62.198,1,52
211.58.157.129,1,32
191.251.238.88,1,44
90.130.48.226,2,80
115.140.14.182,1,32
202.158.109.107,1,32
67.5.139.12,1,32
217.112.5.181,1,32
151.241.21.91,3,132
179.80.44.126,1,60
83.153.38.225,1,32
82.61.63.76,1,60
220.131.212.241,1,52
171.212.102.152,1,48
179.17.120.132,1,32
23.52.97.206,1,32
83.2.11.246,1,32
71.63.72.9,1,32
27.213.8.209,2,96
90.113.145.19,1,40
218.128.12.141,32,6026
221.105.129.148,1,32
125.109.230.203,1,32
77.250.140.224,5,420
104.248.178.161,1,40
113.62.113.174,1,60
90.43.28.174,1,32
62.180.68.95,1,32
27.27.69.10,1,76
80.134.133.3,1,32
185.213.49.122,3,120
83.206.168.49,1,40
222.100.31.56,1,60
114.161.85.149,1,32
78.7.253.122,1,44
176.202.88.78,1,32
191.85.39.61,1,60
52.15.88.10,11,1013
50.180.32.35,1,32
200.59.105.233,1,32
124.153.88.22,1,32
123.149.146.57,1,52
124.11.146.133,1,60
52.14.103.209,18,1310
159.252.229.176,4,932
104.30.213.174,1,32
218.229.201.211,1,76
79.233.97.50,1,32
91.129.128.96,1,32
104.75.146.41,940,1266429
39.36.109.64,1,32
5.227.225.208,1,32
73.113.51.138,1,32
85.23.222.27,1,32
121.66.63.70,4,1054
104.36.128.145,1,32
187.78.107.15,1,32
151.26.174.185,1,60
2.197.155.184,1,32
12.231.41.50,1,32
75.167.214.12,1,32
126.209.105.34,1,32
34.199.30.13,1,32
60.56.223.212,1,32
82.171.163.88,1,32
125.172.164.27,1,40
125.198.220.215,1,32
17.180.89.94,3,170
31.83.232.35,1,32
41.171.240.227,1,32
62.8.25.115,1,32
209.216.218.227,1,32
211.236.126.177,1,40
59.124.175.20,1,32
183.121.120.74,8,460
197.56.23.35,1,40
125.111.181.45,1,40
54.134.81.181,1,32
196.180.49.22,6,264
13.206.18.255,1,76
134.214.180.169,10,400
31.165.26.139,1,32
144.47.154.207,8,1214
202.207.175.5,13,982
82.166.105.59,1,32
178.34.74.230,1,32
13.31.182.118,2,256
172.249.25.137,11,2900
68.173.74.38,1,32
2.72.119.149,1,32
107.160.57.22,2,92
104.111.162.137,1,52
88.108.229.53,1,32
31.220.7.249,1,32
177.96.149.197,1,52
201.15.162.54,1,40
5.141.113.233,1,40
14.101.188.12,1,32
72.187.233.54,1,32
60.58.93.218,1,40
78.171.186.146,1,32
178.64.233.225,1,32
115.36.68.72,1,32
200.187.150.141,1,32
112.153.167.71,1,52
186.41.12.68,1,56
62.208.121.10,1,32
60.153.242.65,1,32
182.131.101.151,1,32
79.127.232.109,1,32
182.128.167.242,1,32
191.155.180.120,1,32
41.154.232.193,1,32
178.111.76.211,1,44
218.252.28.49,1,40
117.233.242.179,1,40
136.103.184.71,1,32
36.233.116.161,3,120
185.21.94.29,1,40
195.25.38.161,1,32
178.114.184.242,1,44
179.190.144.187,1,60
79.14.96.234,1,32
54.194.157.27,1,40
100.248.215.167,1,281
88.94.90.234,1,32
89.34.11.145,1,32
186.218.203.135,1,32
171.189.128.122,1,32
71.230.250.19,1,40
159.137.236.63,1,40
139.147.2.53,1,32
107.21.96.143,1,32
139.122.136.209,1,40
23.80.174.94,1,52
121.77.129.149,1,32
92.119.211.175,3,120
188.89.63.114,1,32
88.174.178.143,1,32
63.205.212.202,1,32
185.48.172.193,56,2240
159.137.224.98,1,40
213.142.158.63,1,32
73.186.150.81,1,32
190.145.122.147,1,32
126.26.113.255,1,32
155.129.220.63,1,32
154.231.126.80,2,104
187.72.39.164,1,32
187.253.26.238,1,32
190.44.231.63,1,32
24.40.11.134,1,32
143.192.82.16,1,52
47.83.191.228,1,32
70.125.221.182,1,40
79.163.215.36,3,120
62.145.232.143,1,32
66.19.248.206,328,17056
170.140.195.217,1,60
124.53.46.215,1,32
91.133.155.181,1,32
195.89.181.170,2,112
17.199.26.164,13,4139
71.230.146.69,7,316
94.109.228.26,1,32
52.24.217.165,25,34762
200.53.93.167,1,32
180.126.201.218,1,32
141.33.205.103,1,40
157.134.33.105,1,76
46.228.101.37,7,308
181.206.105.72,1,32
122.57.82.219,1,44
182.99.23.150,3,120
216.68.133.181,12,4750
223.105.76.225,1,32
202.216.158.39,7,4319
84.165.169.231,1,32
178.176.41.26,1,32
108.39.95.107,1,32
188.66.99.86,1,60
36.219.221.86,1,32
24.156.94.143,1,32
175.34.3.181,1,60
125.73.88.68,1,32
87.254.81.168,1,32
154.169.151.97,1,32
113.149.10.193,1,40
64.59.168.153,1,32
119.194.8.33,1,60
145.236.119.71,46,1840
67.220.188.164,1,32
46.15.156.168,1,32
79.159.248.59,1,32
212.100.13.230,1,60
47.244.11.189,4,336
222.181.112.147,1,58
190.125.105.23,1,32
218.228.56.116,1,52
27.2.66.38,29,1160
174.144.11.8,1,32
106.48.124.196,1,132
98.30.78.47,1,32
95.238.130.139,1,32
83.21.7.198,1,52
41.168.7.21,1,40
218.128.12.180,4,376
151.10.25.210,1,40
148.144.111.235,1,32
101.52.226.158,1,40
191.121.29.181,1,32
71.230.250.110,1,40
54.36.149.56,1,32
172.102.248.212,2,80
111.192.87.126,1,32
195.219.120.132,2,80
105.33.22.188,1,32
188.167.176.21,1,56
93.70.228.139,1,32
5.188.154.14,1,32
165.116.243.41,10,400
69.32.10.11,1,32
201.122.80.33,1,32
41.40.2.69,1,32
83.133.253.136,1,32
27.219.48.82,3,120
94.111.225.128,1,32
185.72.218.212,9,360
172.249.162.201,5,1601
74.193.63.172,1,85
190.0.163.104,1,32
185.72.26.0,16,640
71.238.126.65,1,32
82.218.170.209,1,52
216.165.158.67,1,32
12.208.217.249,1,32
36.6.96.83,1,40
125.70.207.7,1,32
136.66.117.168,1,32
87.59.150.14,1,44
212.156.140.6,1,60
176.24.227.159,1,32
196.128.219.219,1,32
76.73.218.187,1,32
182.212.232.60,1,32
47.244.9.130,4,336
202.126.47.80,1,32
197.254.75.195,2,100
80.102.253.105,1,32
76.32.235.169,1,32
113.105.120.235,3,208
173.105.158.62,1,32
185.72.27.121,26,1040
89.200.206.250,1,40
142.161.196.17,14,560
189.222.201.132,1,32
12.253.104.225,1,32
151.150.76.67,8,416
36.28.55.70,1,32
123.179.139.147,1,76
58.103.44.164,1,40
182.179.65.136,1,32
69.39.46.49,1,32
134.214.229.157,2,80
114.55.171.150,1,40
179.15.105.166,1,32
90.113.144.134,1,40
108.166.158.53,1,32
140.252.107.75,1,60
139.232.144.90,1,76
95.44.151.68,1,32
179.64.132.74,1,60
83.85.162.49,1,32
128.182.85.50,1,32
47.17.39.6,1,32
27.243.156.219,1,60
14.18.67.229,1,76
213.188.211.235,1,40
187.240.55.137,1,48
108.73.145.13,8,635
177.79.12.247,1,44
191.252.53.93,1,40
112.187.79.2,1,32
80.220.235.56,1,32
81.87.162.17,1,32
202.232.119.194,1,52
78.176.98.110,1,32
109.112.93.99,1,32
60.71.60.83,1,32
112.37.210.180,1,52
39.90.7.206,1,48
168.14.98.42,1,32
185.92.155.93,1,60
159.52.175.60,6,240
178.187.112.45,1,40
79.96.151.237,1,32
178.57.86.250,1,32
91.130.83.223,1,32
219.123.116.30,1,52
73.53.166.92,1,32
220.46.86.169,1,32
116.0.71.201,1,32
66.247.94.110,4,273
187.247.23.170,1,32
91.170.101.241,1,32
139.173.141.120,3,120
71.230.250.73,1,40
120.192.155.89,5,480
24.84.158.239,1,32
5.188.115.64,1,40
139.173.21.249,1,32
99.249.94.98,1,32
8.214.130.113,1,32
54.250.193.254,1,76
151.150.187.189,3,156
37.226.92.215,1,32
23.61.189.112,1,40
173.231.174.177,1,32
171.61.12.44,1,40
177.170.38.189,1,32
50.197.202.249,1,32
216.32.176.80,1,32
173.170.47.49,1,32
172.103.173.194,1,40
162.59.156.214,1,60
195.209.180.10,1,76
70.188.236.158,1,32
188.175.98.63,5,200
14.53.141.59,3,120
124.41.90.10,1,56
222.80.235.163,3,120
20.86.217.72,9,920
54.252.127.156,4,465
69.2.159.253,1,32
113.62.4.163,1,48
180.79.121.151,1,32
24.111.3.18,1,32
38.186.226.139,39,53142
67.42.52.166,1,32
114.3.150.39,1,32
116.164.23.101,1,32
182.87.247.156,1,32
83.84.99.177,1,32
88.11.63.82,3,120
89.86.163.200,1,32
58.49.32.204,1,32
218.214.30.113,1,56
189.101.224.28,1,32
95.114.88.193,1,32
74.193.187.99,5,364
67.185.39.159,1,32
8.247.251.251,1,84
212.30.18.144,1,44
129.243.133.192,1,32
221.30.144.175,1,48
185.252.221.169,3,174
46.125.170.125,1,40
177.52.15.235,1,32
109.113.100.164,1,32
24.24.228.242,1,32
122.176.0.181,1,32
79.100.31.207,1,40
118.33.25.145,2,1310
72.85.38.253,1,32
12.60.101.182,1,60
206.190.62.106,1,60
112.54.192.197,1,136
83.88.87.241,1,32
17.199.26.244,3,156
190.49.166.75,1,40
212.60.123.21,1,32
40.59.62.191,1,165
210.43.202.116,1,52
188.13.255.149,1,60
125.111.91.145,1,40
211.233.2.94,1,76
185.72.27.53,13,520
216.14.165.9,1,32
81.224.108.149,1,96
178.245.140.137,5,200
14.242.50.92,1,52
184.5.55.9,1,32
119.225.14.148,5,464
105.156.17.153,1,32
183.160.190.143,1,76
192.49.74.225,1,32
109.182.95.178,1,32
159.52.33.95,4,160
17.199.30.243,3,2828
176.36.159.248,5,473
5.93.222.100,5,3922
24.222.33.46,1,40
47.152.69.69,1,32
13.207.149.21,1,32
74.107.244.60,1,32
76.153.161.221,1,32
172.249.28.110,123,117688
3.238.160.60,5,4055
73.243.93.78,1,32
185.46.163.183,1,32
167.14.194.210,1,32
95.131.170.138,1,32
14.246.115.89,1,32
13.205.131.106,8,812
185.72.27.78,29,1160
68.205.181.106,1,32
24.227.192.223,1,32
82.14.183.207,1,32
87.225.1.72,1,44
80.5.32.56,1,48
73.140.209.126,1,32
2.206.104.223,1,32
52.51.183.51,11,6652
190.183.123.187,1,32
84.253.70.27,1,32
173.192.105.51,1,32
183.166.30.60,1,52
86.219.220.145,1,32
183.167.14.239,1,52
50.12.141.72,1,40
68.74.17.226,2,80
68.74.86.78,1,32
191.120.239.152,1,60
190.190.187.113,1,28
156.48.225.205,1,40
47.121.83.192,2,168
95.151.51.22,1,44
192.83.181.141,1,44
178.53.156.58,1,32
143.215.28.139,1,32
216.68.133.186,138,161465
58.62.147.120,1,32
24.79.163.148,1,32
31.113.147.67,4,256
13.161.169.52,14,7449
186.38.105.200,1,32
49.104.161.201,1,32
64.158.197.25,1,40
101.56.1.87,1,32
47.252.179.131,1,40
64.204.239.37,1,60
114.243.205.35,1,32
80.162.104.151,1,32
62.251.65.53,1,32
117.46.69.202,1,40
205.74.166.139,1,32
47.244.19.130,4,336
146.216.38.80,1,32
185.37.168.80,1,32
188.142.30.235,1,32
85.80.101.37,1,32
139.43.211.39,1,32
41.117.32.81,1,32
177.218.172.111,1,60
187.17.152.137,1,32
80.212.114.216,7,334
84.183.196.92,1,32
73.11.177.116,1,32
46.247.33.75,1,32
220.60.68.67,1,40
205.58.76.18,1,278
13.186.241.142,1,32
110.221.92.98,1,60
119.77.33.14,1,32
208.108.73.78,1,369
45.211.245.214,1,32
189.217.11.222,1,32
180.92.248.75,2,111
68.157.169.234,1,32
213.255.61.61,1,32
104.237.80.166,1,32
123.232.54.113,1,48
190.98.124.63,1,32
77.83.201.116,1,32
49.98.164.113,1,40
74.32.172.93,1,32
99.39.70.174,1,32
100.209.66.126,1,32
68.74.208.252,7,280
91.171.164.222,1,32
103.99.58.248,1,32
43.199.186.129,1,60
211.45.208.37,1,32
218.221.170.112,4,160
124.167.50.170,12,1100
208.121.6.206,8,1371
5.75.107.104,1,40
47.120.247.160,2,168
179.66.222.152,1,40
110.58.92.93,1,40
62.249.55.164,1,40
115.64.150.10,1,44
97.43.210.242,1,32
78.102.67.119,1,32
79.212.3.189,1,32
160.105.69.181,1,32
202.46.29.74,3,172
176.8.139.149,1,32
177.200.155.54,1,60
80.249.42.26,1,32
1.83.48.144,1,52
162.25.230.132,1,40
193.59.231.101,1,32
172.249.28.99,29,5026
78.177.155.94,1,32
174.195.107.151,1,32
23.29.91.102,1,32
109.237.171.157,3,558
34.219.194.146,1,32
212.79.43.99,1,32
5.140.178.58,2,80
74.246.56.224,1,32
84.181.47.107,1,40
46.227.138.117,1,40
218.204.43.71,1,32
114.21.83.121,1,32
167.199.247.26,1,32
92.174.41.6,1,32
173.61.87.223,1,32
66.90.219.1,1,32
103.25.135.165,1,32
190.173.170.79,1,32
5.27.38.172,1,52
156.61.82.146,1,40
111.168.39.20,5,770
106.53.248.247,1,60
115.199.158.68,1,32
185.72.27.41,23,920
139.173.171.12,1,40
23.1.82.127,1,32
112.236.151.49,1,32
51.185.15.161,4,172
70.60.95.121,1,32
81.115.23.1,1,60
82.222.210.176,7,280
71.231.213.161,1,60
186.47.217.35,1,32
117.99.181.252,1,60
184.163.52.85,1,84
27.32.161.53,1,32
52.6.54.107,10,760
188.229.199.53,1,60
211.145.223.100,1,32
24.31.27.197,1,32
89.248.130.58,1,60
221.26.63.159,1,32
185.242.243.101,2,80
77.42.206.131,1,40
179.248.86.13,1,32
18.188.104.227,1,32
183.97.55.153,1,40
81.177.91.35,1,32
219.1.241.244,1,32
71.230.146.118,3,132
67.191.231.254,1,32
111.167.72.9,1,32
213.81.0.101,1,32
5.64.104.137,1,40
88.85.22.56,1,32
80.103.252.179,1,32
45.56.91.160,2,80
92.10.10.109,1,32
101.118.1.140,1,52
42.91.65.9,1,48
209.132.207.194,1,32
118.162.232.221,1,32
89.113.243.129,1,32
67.43.13.121,1,56
14.75.224.17,1,52
121.66.144.133,1,32
13.161.234.186,1,52
187.230.126.27,1,52
181.209.59.29,1,32
95.23.139.54,1,32
23.242.254.220,4,2225
156.35.219.29,1,40
187.60.66.1,1,32
178.125.86.200,1,40
173.33.36.163,1,40
189.184.216.149,1,96
194.69.156.221,1,32
58.208.233.40,2,100
189.180.140.64,1,56
188.237.237.172,1,52
89.174.219.209,1,32
35.88.223.94,1,32
52.241.95.170,1,32
119.203.159.140,1,32
82.81.150.159,1,32
209.100.215.107,12,3469
84.83.23.247,1,32
156.43.17.16,1,40
154.223.96.195,1,32
114.201.167.28,1,32
12.51.103.145,1,32
62.190.72.185,1,32
217.226.31.60,1,32
94.156.72.185,1,40
189.244.221.227,2,80
52.118.14.134,1,40
67.249.103.23,1,32
222.245.197.28,1,52
52.14.8.40,1,76
94.162.86.64,1,32
183.188.32.69,4,208
106.96.198.226,1,40
68.105.178.155,1,32
73.242.211.46,1,32
195.54.145.138,1,84
177.155.22.154,1,32
2.20.219.220,1,32
37.48.21.71,1,32
70.115.181.177,1,32
95.93.27.127,1,32
201.225.69.102,1,32
123.126.193.123,1,32
125.172.134.53,1,76
83.38.129.25,1,32
81.109.202.4,35,1400
185.225.100.182,1,32
85.167.5.155,1,32
179.101.253.139,1,32
107.163.62.42,1,32
121.190.188.161,1,32
185.109.204.136,4,505
185.126.164.186,7,308
96.68.208.195,1,32
74.193.190.157,1,40
82.245.5.105,1,32
85.92.86.175,1,32
218.7.67.193,1,56
164.48.28.92,1,44
114.7.128.61,1,32
121.142.235.219,1,32
52.254.16.212,1,76
106.71.91.144,2,88
209.118.239.100,1,44
59.162.230.117,2,80
61.117.72.245,1,74
188.108.188.1,1,40
86.220.31.168,1,40
88.201.213.97,1,32
50.56.166.216,1,32
49.243.174.111,1,32
27.224.170.114,2,104
77.179.90.58,1,32
189.7.145.102,1,32
117.124.248.243,1,60
213.248.100.31,1,60
27.243.52.12,1,60
98.120.223.215,1,32
180.157.89.201,1,52
116.19.87.13,1,32
129.196.12.130,2,336
185.141.155.206,2,100
186.21.234.178,1,32
223.97.164.90,1,48
202.170.190.29,1,44
14.130.4.114,1,32
18.215.88.235,1,32
190.228.71.52,1,32
71.230.250.56,1,40
69.238.95.196,1,32
52.15.203.234,1,32
79.51.165.252,1,32
171.206.200.211,1,40
143.7.81.133,2,92
66.151.253.76,1,32
221.109.182.92,1,40
197.66.57.155,1,32
105.40.101.58,1,32
123.3.80.187,1,40
221.9.82.137,1,40
1.141.147.182,1,60
159.137.136.71,4,160
91.208.163.49,1,32
24.28.167.170,1,32
113.185.247.210,1,52
23.85.3.154,102,11872
189.61.95.94,1,32
3.136.57.192,1,32
38.157.144.3,1,32
85.174.214.229,1,32
59.126.146.192,1,32
89.222.68.167,1,32
104.37.78.216,1,32
183.146.233.134,1,32
178.103.29.87,5,200
80.27.97.67,1,32
66.90.35.112,1,40
42.233.126.219,1,32
110.58.96.129,5,200
86.192.74.182,1,32
110.91.11.185,1,40
154.163.59.203,1,32
85.77.184.56,1,32
185.72.27.101,24,960
211.178.252.153,1,60
123.190.236.225,1,32
182.205.47.3,1,32
5.188.104.139,5,548
196.180.49.65,7,210
119.71.68.117,1,48
68.219.152.22,1,32
186.116.171.248,1,32
125.99.42.115,1,32
80.59.143.168,1,32
38.112.73.122,1,32
115.202.188.64,1,32
109.24.50.72,1,32
181.64.200.17,1,40
125.30.76.118,1,76
177.103.212.179,1,40
79.50.91.117,1,32
120.180.155.149,18,792
125.163.26.167,1,32
62.241.150.229,1,32
178.177.105.128,1,32
91.79.147.115,1,32
60.145.240.237,1,32
222.78.94.61,1,40
106.220.18.58,1,48
219.0.170.123,1,40
88.95.92.69,1,32
190.187.50.77,1,32
212.98.188.10,1,44
201.182.40.233,1,32
23.230.122.131,20,9164
14.117.98.218,1,32
60.92.5.162,1,40
190.205.166.61,1,32
126.27.127.175,1,32
104.162.110.2,1,32
196.180.49.17,7,308
71.194.166.55,1,32
190.178.141.67,1,40
67.133.61.214,1,32
79.179.70.195,1,40
208.115.7.238,1,32
139.68.232.31,4,160
37.17.211.115,1,40
96.202.151.14,1,32
218.158.138.2,1,60
177.76.126.33,1,32
124.237.27.222,1,52
60.14.202.57,1,32
71.227.189.170,1,32
114.168.138.111,1,52
74.193.190.125,2,104
85.0.146.170,1,32
12.235.193.203,1,32
37.149.22.64,1,32
113.23.126.129,1,52
202.157.99.127,1,52
62.253.198.22,1,32
36.30.223.37,1,52
197.61.254.38,1,40
42.51.162.147,1,32
112.55.240.24,1,32
5.23.119.161,1,60
172.114.91.253,1,40
60.152.3.122,1,32
78.97.253.111,1,32
177.38.236.31,1,32
138.95.156.168,1,60
63.200.240.21,1,32
80.160.203.55,1,32
218.224.193.220,1,32
54.243.65.177,1,32
71.230.250.129,2,80
124.8.190.95,1,58
213.233.4.243,1,45
212.6.186.146,1,40
125.33.142.80,1,44
200.153.0.210,1,40
177.54.92.157,1,32
118.135.179.93,1,40
194.227.97.5,1,32
178.103.151.176,1,32
218.231.97.208,1,60
27.52.235.241,1,32
108.168.161.39,1,32
46.150.216.229,1,32
34.229.129.255,1,32
103.29.183.51,3,120
124.160.168.118,1,76
191.240.112.196,1,60
196.200.16.128,1,32
190.181.223.229,1,32
93.175.93.133,1,32
89.164.232.202,1,32
213.34.169.227,3,252
81.166.227.174,1,32
52.232.216.170,1,32
69.34.59.250,4,192
87.30.70.93,1,32
97.2.53.206,1,32
202.103.120.74,1,60
172.102.245.167,1,40
37.128.121.170,1,32
58.191.191.224,1,32
112.39.148.48,1,32
71.164.50.151,1,32
193.98.92.237,1,32
103.245.148.225,1,32
86.234.205.19,1,32
91.214.230.20,1,32
93.54.154.218,1,40
118.115.174.199,1,52
121.160.171.117,1,60
112.219.8.199,1,32
94.91.62.102,1,32
139.173.130.80,2,80
126.242.226.229,1,76
192.102.229.124,1,32
222.137.59.160,1,40
121.87.69.22,1,52
183.148.34.71,1,44
113.214.10.55,1,52
62.115.138.31,1,56
190.129.170.156,1,32
208.115.6.136,1,60
42.224.236.161,1,32
178.173.75.128,1,32
189.84.229.65,1,32
200.237.5.81,1,32
1.40.186.138,1,60
23.66.54.64,3,333
126.238.52.203,1,32
54.175.135.200,1,32
151.150.78.118,6,1022
85.33.107.183,1,32
104.128.80.1,3,333
62.237.109.90,1,60
23.64.129.57,1,100
178.231.31.39,1,32
38.142.6.227,1,40
104.128.84.28,3,389
108.65.106.146,1,32
176.54.50.210,1,32
64.244.124.50,1,32
97.42.63.81,1,32
2.74.145.95,1,52
156.32.143.225,1,40
112.247.92.158,1,32
95.232.119.23,1,32
23.237.4.198,1,129
204.247.16.181,1,32
190.64.95.14,1,52
172.249.25.181,72,44966
76.128.23.216,1,32
37.17.217.118,1,40
117.65.168.142,1,32
66.119.188.12,1,32
187.97.119.249,1,52
189.246.79.245,1,56
36.18.41.229,2,100
68.202.54.17,1,32
67.172.125.141,4,144
66.153.136.96,1,32
93.237.121.240,1,32
54.192.231.189,3,470
73.180.159.233,1,32
171.153.236.60,1,32
62.169.182.15,1,32
126.158.164.213,4,192
114.52.174.105,1,32
107.175.8.136,1,32
178.223.27.41,9,690
200.249.250.154,1,32
189.163.102.237,1,32
41.214.11.209,1,32
66.128.254.181,1,96
116.10.162.124,1,32
82.24.231.46,1,32
64.22.165.173,3,188
178.195.127.108,2,80
58.196.40.161,1,52
79.91.175.17,1,40
208.76.121.203,1,32
50.8.45.161,1,32
31.113.147.119,4,498
122.219.20.227,1,32
220.146.195.128,1,48
5.75.111.157,1,40
27.33.160.31,1,32
119.13.125.107,1,32
107.162.191.188,1,32
61.91.77.212,1,40
46.53.225.5,1,40
115.205.20.59,1,132
113.156.136.124,1,40
92.85.153.65,1,32
81.111.8.215,1,40
122.57.238.106,1,44
70.92.162.137,1,32
76.75.89.118,1,32
84.57.170.169,1,32
27.47.118.55,1,32
80.50.161.55,1,32
218.135.168.18,1,40
66.165.204.87,1,32
211.79.255.230,1,60
1.59.64.15,1,32
77.34.172.92,1,32
185.72.27.97,14,560
60.142.102.147,1,60
189.115.34.206,1,44
23.218.211.91,3,423
92.249.174.25,1,32
23.64.129.47,1,140
85.144.9.6,4,336
60.59.98.19,1,32
77.241.122.67,22,880
52.245.96.3,1,32
93.65.72.138,1,32
156.101.195.120,1,32
184.14.91.198,2,240
190.76.75.225,1,32
190.188.102.237,1,40
89.145.252.230,1,32
104.95.211.178,1,32
72.147.115.81,1,32
27.54.142.143,1,52
209.117.80.166,1,32
96.36.64.40,1,32
188.11.198.155,1,40
59.43.90.101,1,32
213.142.142.66,1,48
36.20.71.14,1,32
18.208.228.136,2,152
118.74.131.71,1,32
170.11.249.99,1,40
66.193.56.22,1,32
103.49.22.104,1,32
195.45.71.139,1,96
52.93.5.66,9,874
217.96.224.74,1,32
88.11.63.93,1,40
52.114.181.224,5,851
79.223.167.49,1,32
109.48.230.133,1,32
2.199.160.170,1,32
86.250.107.137,1,32
162.12.36.19,2,80
87.87.105.81,1,32
45.33.75.113,3,120
183.188.61.226,5,966
79.100.90.170,1,40
182.51.172.155,1,32
151.180.220.205,1,44
71.230.250.49,2,80
116.198.232.242,1,40
112.230.43.176,1,40
72.12.45.111,1,32
125.102.144.19,1,40
126.235.243.41,1,32
197.47.87.177,1,40
162.17.176.243,1,32
220.171.18.55,1,48
24.190.109.117,1,32
104.15.195.68,7,1629
190.30.57.223,1,32
179.123.125.104,1,32
212.65.206.241,2,80
14.37.243.153,1,32
5.66.227.220,1,32
201.55.150.47,1,40
192.35.170.125,5,991
84.227.63.133,1,32
170.10.228.254,1,32
119.76.0.23,1,32
84.156.247.8,1,32
123.244.51.147,1,76
195.246.50.215,1,32
205.58.79.65,1,378
62.76.13.62,1,60
92.92.150.138,1,32
90.44.67.242,1,40
71.51.94.48,1,32
46.150.216.137,1,60
217.213.208.59,1,32
216.108.87.173,1,32
211.236.126.183,1,40
66.18.253.248,1,32
185.74.46.193,1,32
31.208.200.196,1,32
87.24.89.56,1,48
222.140.41.24,1,40
41.161.239.117,1,40
184.14.91.57,1,103
46.210.156.59,1,32
72.179.33.224,1,32
84.175.152.82,1,32
104.111.254.146,1,32
172.249.30.14,19,20297
172.249.30.185,52,28643
89.200.109.212,1,32
61.127.107.3,1,76
211.7.254.129,1,32
47.91.96.10,1,32
177.179.219.209,1,56
96.2.45.197,2,240
190.115.147.132,1,60
190.186.51.192,1,32
116.54.13.94,1,32
220.50.33.225,1,32
179.171.108.57,1,32
116.88.233.228,1,32
52.251.43.53,1,32
82.168.94.175,1,32
23.92.226.215,3,2247
185.212.87.249,2,104
172.249.31.73,8,4942
119.8.53.176,1,32
191.235.206.101,1,32
69.133.225.232,6,312
112.238.248.193,1,40
94.250.177.190,1,32
212.104.118.104,1,52
220.179.151.126,1,32
104.109.241.178,1,32
50.6.208.137,1,32
217.29.64.136,1,32
126.236.41.174,1,32
209.238.124.5,2,88
90.22.167.247,1,32
186.205.90.117,1,32
31.208.92.153,1,40
180.149.157.119,3,120
192.38.181.17,1,32
223.155.95.145,1,32
222.111.102.177,1,40
103.113.20.34,1,40
213.82.36.211,1,32
70.188.124.88,1,32
91.219.229.123,1,40
88.21.207.57,1,32
210.154.7.194,7,1494
200.51.96.136,1,32
186.22.47.237,1,40
94.222.240.30,1,60
117.37.173.166,1,40
105.143.90.81,1,32
88.61.121.145,1,60
185.146.103.197,1,32
79.211.149.216,1,32
24.76.111.228,1,32
47.89.128.226,1,32
88.11.63.71,2,80
210.240.32.48,1,32
31.166.224.76,1,32
76.147.184.109,1,32
46.245.54.75,1,40
113.182.167.97,1,32
177.56.122.243,1,40
87.254.130.201,1,32
119.219.144.246,1,52
23.77.80.109,1,52
77.23.210.9,1,32
106.48.129.210,1,76
177.163.153.205,1,56
165.229.141.192,2,80
69.104.238.168,1,32
71.230.250.148,1,40
181.55.49.64,1,32
99.148.207.137,1,64
194.237.174.103,1,48
138.221.254.166,4,160
94.82.223.59,1,32
217.117.68.243,1,32
211.13.15.225,1,32
189.6.111.248,1,32
201.152.13.243,1,32
23.237.99.60,1,32
221.101.163.85,1,32
49.12.208.183,1,32
196.180.49.21,6,264
58.49.50.155,1,32
219.0.12.187,1,32
201.171.39.149,1,32
85.162.220.27,1,32
200.96.11.69,1,74
24.147.188.95,1,40
24.194.242.74,1,32
198.58.73.202,1,40
192.32.0.249,1,32
83.136.109.1,1,40
62.45.171.214,1,60
37.189.32.74,1,40
201.223.81.146,1,32
123.210.173.57,1,32
123.50.192.111,1,48
174.130.148.110,1,32
78.2.166.211,1,32
181.28.69.110,1,32
200.83.126.14,3,208
78.234.47.140,1,32
94.212.152.20,1,32
46.174.94.191,1,32
65.62.186.126,1,32
89.214.250.27,2,80
68.147.244.151,1,32
182.137.181.100,1,32
68.96.65.164,1,32
80.200.251.136,1,32
84.99.252.242,1,32
63.202.246.194,1,32
119.225.185.251,1,32
104.75.138.38,45,17122
31.113.147.79,107,153808
119.24.244.210,1,32
88.11.63.84,2,80
189.156.104.123,1,32
122.170.88.83,2,104
78.65.168.39,1,32
120.192.15.93,1,32
124.236.232.84,1,76
77.85.173.210,1,44
92.194.153.164,1,40
124.239.86.65,1,32
200.101.206.83,1,40
173.120.254.94,1,32
179.83.122.255,1,32
95.161.196.68,1,129
52.98.17.18,1,32
82.141.146.206,1,32
52.93.97.252,1,40
41.35.3.116,1,56
185.12.25.229,13,780
103.97.160.226,1,32
187.55.151.142,1,32
64.115.191.86,1,56
191.157.235.100,1,32
92.109.213.7,1,40
64.65.244.201,1,40
5.47.145.129,1,32
117.40.2.135,1,32
61.69.83.74,1,32
78.220.66.60,1,40
104.94.33.206,1,32
132.216.107.89,1,40
201.229.176.174,1,32
81.71.85.245,1,32
76.202.221.222,1,32
87.123.43.122,1,32
182.26.127.91,1,52
92.245.175.241,1,32
64.230.98.108,1,32
177.148.224.61,1,32
37.17.208.198,3,120
63.251.84.180,1,96
76.229.249.113,1,32
12.8.208.16,1,32
23.73.85.98,1,32
49.48.100.17,2,96
24.32.131.147,1,32
1.87.220.217,1,48
179.224.234.165,1,32
65.102.180.107,47,70500
195.204.15.117,3,132
37.70.210.38,1,40
5.203.102.236,1,40
64.149.246.238,1,32
113.26.204.183,1,40
141.118.63.45,1,32
188.175.33.27,1,32
182.54.247.91,1,58
172.249.162.197,7,1872
199.32.14.125,2,391
95.166.199.101,1,32
93.231.221.117,1,56
151.204.233.236,1,44
211.146.207.184,1,32
217.162.213.167,6,1012
71.230.250.250,1,40
221.40.216.11,2,80
201.2.46.101,1,40
112.131.43.250,1,32
69.242.150.153,1,32
64.127.95.102,1,32
31.115.149.251,1,32
74.210.14.147,1,32
71.230.250.33,1,40
202.94.9.245,1,32
110.245.130.85,1,32
99.59.157.108,1,32
52.251.50.219,1,76
139.173.176.239,1,40
13.205.255.12,1,76
121.160.29.150,1,32
166.158.66.193,1,32
154.20.242.134,1,32
5.110.47.36,1,32
186.59.219.250,1,60
27.253.34.130,1,32
106.88.226.56,1,52
46.43.163.236,1,40
45.32.49.101,1,40
97.5.248.145,1,32
165.116.11.50,1,40
183.178.197.113,1,52
82.189.23.198,1,44
103.213.107.49,1,44
86.139.93.190,1,32
66.56.134.152,1,32
63.145.120.177,1,32
99.42.244.35,1,32
104.77.248.229,1,99
189.120.14.59,1,32
196.180.49.66,5,220
210.6.142.69,1,32
185.186.53.254,1,40
123.129.188.250,2,80
2.105.192.78,1,32
80.101.247.237,1,32
122.119.11.176,1,44
115.44.58.76,1,32
46.147.97.83,1,32
220.11.7.133,1,32
126.250.67.140,1,32
94.226.175.47,1,44
122.177.174.140,1,32
31.101.44.155,1,32
190.85.123.121,1,32
179.50.193.33,1,32
179.100.92.247,1,32
36.173.36.17,1,52
125.199.52.146,1,52
218.235.61.42,1,52
54.240.172.162,1,32
92.248.176.241,1,32
190.19.20.243,1,44
23.4.107.111,1,32
52.85.246.219,1,32
34.218.52.94,1,32
63.160.86.128,1,32
184.158.254.171,1,32
208.126.74.113,1,32
85.120.25.167,1,40
118.62.119.229,1,32
157.42.35.77,4,160
172.249.31.66,1,811
47.87.87.74,1,53
219.120.150.167,1,32
182.89.137.221,56,19648
123.142.214.113,1,32
54.170.91.30,1,32
65.19.169.38,1,32
113.217.91.213,1,32
1.254.134.197,1,32
177.205.74.42,1,56
175.212.66.104,1,32
71.230.250.37,2,80
212.15.79.218,1,32
98.48.114.207,1,32
189.35.88.149,1,44
212.2.88.163,1,32
120.152.19.140,1,40
181.1.25.218,1,32
54.174.151.135,1,32
31.209.215.248,1,32
87.121.200.118,1,32
50.225.233.124,1,32
106.110.135.211,1,32
197.57.42.113,1,40
58.219.91.120,1,32
186.101.89.36,1,32
185.72.26.36,13,520
37.77.218.126,1,40
84.114.207.203,1,32
75.173.207.116,1,32
191.122.96.71,1,32
218.227.72.253,1,32
36.25.213.216,1,32
190.186.54.174,1,40
37.17.221.161,1,40
59.24.173.128,1,143
121.148.225.160,1,40
218.233.171.214,1,64
222.113.127.43,1,32
71.230.250.204,1,40
17.193.185.201,5,964
91.33.230.140,1,32
208.119.61.225,1,32
110.223.241.187,1,40
102.82.35.113,1,32
84.32.158.53,1,32
85.98.116.182,1,32
91.20.166.190,1,52
86.116.69.232,1,32
190.53.203.142,1,32
179.184.40.118,1,32
5.248.29.89,1,40
220.7.3.51,1,32
138.103.113.44,1,44
98.28.220.212,1,32
119.84.243.188,1,32
113.161.65.49,1,52
152.67.252.108,1,32
52.112.75.185,1,32
182.1.128.205,1,32
45.66.223.173,1,40
221.36.109.190,1,84
158.237.137.232,1,32
202.65.245.113,1,601
114.6.126.190,1,32
14.244.12.233,1,52
201.159.182.10,1,56
52.255.28.109,6,1056
112.231.155.213,1,32
117.252.70.20,1,32
24.140.116.217,1,32
218.231.118.14,1,52
117.117.90.237,8,1975
92.204.14.124,5,356
1.150.129.194,1,32
171.203.193.74,1,40
54.249.113.59,1,76
217.18.223.142,1,32
112.208.143.123,1,32
185.123.133.65,1,44
24.122.120.228,1,32
202.46.27.16,3,252
61.17.140.190,2,152
85.54.211.1,1,32
196.155.156.25,5,200
94.251.83.190,1,32
95.142.243.122,1,60
213.194.49.50,1,32
31.163.148.197,4,223
77.73.166.145,1,32
104.186.151.16,1,32
52.249.22.138,1,76
64.127.66.205,1,129
186.50.106.21,1,32
76.33.42.184,1,32
187.222.254.224,1,40
177.129.120.165,1,32
160.122.135.46,1,32
93.144.253.49,1,44
210.102.23.36,1,32
92.103.144.31,1,32
41.26.169.185,1,32
172.249.30.152,15,3291
177.197.168.145,2,88
201.115.93.159,1,32
67.216.121.187,1,40
14.83.206.33,1,60
1.24.205.96,1,32
23.54.66.170,1,32
112.155.53.78,1,48
186.31.192.65,1,60
113.8.93.88,3,120
197.143.234.244,1,32
191.188.245.173,1,32
113.198.129.91,1,76
104.132.164.230,1,40
134.214.180.168,8,320
95.172.73.41,2,100
218.157.155.244,1,32
178.250.100.155,1,32
23.90.33.120,4,368
14.128.8.3,1,32
101.63.39.239,1,58
222.123.124.67,1,32
139.173.133.45,2,80
115.87.234.151,1,48
103.105.1.228,1,40
126.152.3.150,1,32
73.83.242.47,1,32
120.199.213.101,6,576
122.111.94.200,1,32
51.225.34.44,2,80
151.44.237.146,1,44
170.209.207.163,1,44
65.251.147.223,1,40
193.47.196.91,1,32
86.130.191.241,1,32
223.158.210.102,3,252
182.33.3.61,1,60
82.134.128.59,1,32
67.16.150.102,1,32
73.2.79.232,1,32
123.171.165.227,1,40
5.97.211.142,1,32
163.162.220.53,1,40
222.139.218.30,1,40
81.111.158.96,1,32
92.101.250.105,1,44
133.204.66.181,1,32
42.16.124.139,1,48
183.146.55.183,1,40
167.148.0.69,1,32
109.114.161.122,1,32
104.100.246.57,1,32
77.198.95.136,1,32
201.81.235.23,1,32
13.181.3.228,1,32
167.115.240.75,1,32
187.96.14.186,1,32
186.152.230.93,1,32
170.35.115.246,1,32
114.58.202.23,1,32
115.64.123.110,1,44
67.7.153.112,1,32
113.208.193.53,1,32
203.136.253.155,1,44
196.223.80.85,1,32
197.39.154.12,1,40
77.158.249.175,1,32
172.249.31.78,34,10110
67.166.206.40,1,32
159.31.123.118,1,32
192.30.96.71,1,75
125.174.229.111,1,40
201.111.105.213,1,44
182.243.178.194,2,149
151.44.227.77,1,44
190.42.166.36,1,40
139.68.229.167,2,80
103.79.107.179,1,44
96.79.240.190,1,32
72.228.88.66,1,32
73.141.195.0,1,32
99.20.241.3,1,32
37.196.73.228,1,32
94.238.141.71,1,32
144.72.143.106,1,32
66.100.226.228,1,32
78.214.30.140,1,40
217.31.77.237,1,32
175.51.248.12,5,200
194.71.167.4,1,32
172.102.206.108,2,80
84.65.194.135,1,32
183.82.36.238,1,40
3.198.97.222,1,32
122.56.252.208,1,44
142.161.23.180,1,32
63.94.3.46,1,52
207.30.196.54,1,56
183.103.107.78,2,104
213.146.165.34,2,88
95.27.204.129,1,32
41.243.246.21,2,120
102.82.220.198,1,32
176.116.46.169,1,40
202.46.29.75,1,60
50.136.0.13,1,32
115.201.78.205,1,32
80.142.190.130,1,32
200.127.127.12,1,44
52.248.90.111,1,84
146.24.69.162,11,1698
52.117.190.60,1,32
179.64.87.42,1,40
82.55.95.185,1,32
46.38.167.116,3,292
80.51.95.122,1,32
217.149.175.249,1,32
172.103.164.212,2,80
196.209.69.245,1,32
91.204.164.59,1,60
98.89.63.113,1,32
207.161.231.101,48,25141
202.201.83.30,3,151
104.75.138.249,12,9669
217.103.168.69,1,56
122.179.235.116,1,52
139.173.178.190,3,120
62.23.104.241,1,32
173.212.132.165,1,40
187.187.220.211,1,32
202.153.27.146,1,32
61.88.96.134,1,40
75.214.177.247,1,32
194.156.61.163,1,32
175.63.233.51,1,32
216.172.116.248,1,40
221.173.84.144,1,32
27.66.73.200,1,76
39.10.232.206,1,52
77.104.109.145,1,32
180.93.162.81,1,48
94.32.199.118,1,32
46.90.60.13,1,32
218.92.39.28,1,32
213.2.107.51,1,32
89.42.105.36,1,32
202.85.83.21,5,200
78.10.220.216,1,32
45.248.5.1,1,32
119.43.53.36,1,48
218.170.18.250,1,52
38.131.154.63,1,32
124.144.77.189,1,40
109.71.82.5,1,32
176.86.223.246,1,32
34.222.172.234,1,32
176.91.30.47,1,32
155.3.201.10,1,40
2.100.77.108,1,32
157.230.92.109,1,32
66.19.82.70,1,60
184.71.244.70,1,32
178.121.248.84,1,32
35.78.70.133,1,32
125.45.95.125,1,32
52.121.50.25,1,105
181.119.94.170,1,32
178.86.69.209,1,96
79.100.175.130,1,40
98.91.113.58,1,32
108.37.46.70,1,32
126.111.253.25,1,76
101.112.175.93,1,52
139.173.66.131,8,272
213.157.168.99,1,32
73.133.31.166,1,32
99.78.104.36,1,32
77.205.49.132,1,32
92.201.106.236,1,32
172.100.208.238,1,32
213.64.61.131,1,32
52.24.214.139,2,115
82.213.15.41,1,32
186.60.158.141,2,100
208.104.92.91,1,32
139.173.157.40,1,40
122.62.147.16,1,44
1.199.90.173,1,32
101.63.39.250,1,52
37.17.210.111,1,40
82.140.124.249,1,32
45.77.217.44,1,40
95.161.196.195,2,239
46.255.149.226,1,32
61.165.27.236,1,32
71.230.143.40,1,58
182.84.95.137,37,1851
89.124.93.69,1,32
46.57.136.86,1,48
186.64.32.128,1,32
46.42.105.181,1,32
151.29.100.79,1,32
187.207.38.170,1,32
73.240.188.34,1,32
183.226.67.104,1,76
197.188.90.18,1,32
2.250.226.100,1,32
190.35.42.124,1,44
93.236.191.37,1,32
129.237.32.219,1,40
47.244.6.124,2,168
50.240.99.133,1,32
88.93.97.150,1,32
125.199.20.176,1,48
185.12.25.186,5,300
47.244.10.123,3,252
200.227.2.109,1,52
92.200.68.145,1,32
172.22.254.135,1,32
211.27.231.89,1,44
124.160.168.1,1,76
106.19.240.63,1,48
125.230.139.191,1,32
69.252.51.158,1,84
143.194.3.7,1,60
74.79.102.9,1,32
27.68.186.244,1,60
80.77.54.42,1,32
80.110.181.166,1,32
52.244.177.95,1,84
143.192.83.107,27,29364
1.233.14.133,8,667
186.73.218.34,1,40
156.42.62.176,1,32
148.52.155.144,1,40
120.134.181.161,1,32
186.16.222.166,1,74
112.163.13.51,1,40
84.151.213.67,1,28
52.75.210.149,1,32
74.193.23.98,15,768
222.81.231.159,1,32
121.115.168.251,1,48
18.182.229.162,1,76
181.29.54.147,1,40
50.20.229.243,1,32
146.15.65.46,1,32
54.140.126.201,1,32
115.55.155.242,2,80
54.48.6.49,1,76
47.127.183.192,3,132
46.42.110.143,1,40
37.17.200.158,1,40
49.30.4.250,2,104
188.15.156.47,1,32
47.244.59.131,3,252
218.25.119.117,1,32
193.183.50.124,1,32
182.132.57.76,1,40
115.74.88.75,1,40
41.213.7.96,1,32
101.225.58.160,1,60
125.210.96.13,1,40
192.128.126.29,1,60
183.201.226.246,1,32
104.109.210.149,1,52
23.85.9.32,1,52
17.192.163.93,1,105
93.146.249.3,1,32
84.60.8.124,1,40
139.246.5.234,1,40
153.63.34.46,1,32
212.144.108.243,1,32
49.144.124.86,1,76
2.7.25.232,1,32
122.61.230.46,1,44
64.22.165.172,1,52
171.215.178.15,1,60
58.59.132.220,1,32
222.212.174.189,1,52
188.160.233.155,1,32
217.245.47.43,1,32
86.249.105.88,1,32
178.142.84.84,3,156
130.39.156.94,1,32
82.33.106.191,1,44
31.113.47.4,4,160
70.108.12.91,1,32
67.9.189.37,1,32
75.119.86.105,1,32
5.46.80.11,1,32
95.214.102.195,1,32
111.252.142.100,1,32
88.126.194.233,1,32
95.245.158.57,1,32
147.148.91.255,1,32
95.208.128.70,1,32
176.110.72.207,1,40
106.99.191.14,1,32
182.180.63.13,1,40
105.35.147.15,1,40
95.254.95.242,1,32
183.137.62.221,1,32
186.141.180.213,1,32
47.154.103.7,1,32
113.125.46.229,3,120
71.230.251.248,2,80
113.149.11.101,1,40
79.239.208.172,1,32
194.208.155.181,1,52
217.5.104.11,1,32
159.52.36.12,5,200
42.56.183.149,1,76
24.134.90.158,1,32
173.221.209.232,167,227773
84.157.102.65,1,32
109.214.223.73,1,32
195.5.122.153,1,60
123.30.3.8,1,48
81.219.81.234,1,32
46.183.237.196,1,40
221.181.118.33,1,32
23.95.95.87,405,580277
36.234.244.132,1,60
23.2.33.2,1,32
186.186.10.241,1,32
76.217.79.54,1,52
189.5.188.142,1,32
122.172.29.152,1,32
84.58.53.27,1,32
92.8.58.140,17,680
88.57.50.157,1,40
75.125.224.61,1,32
190.202.240.64,1,32
213.41.83.131,1,32
126.24.242.61,1,32
45.120.125.206,1,32
52.14.176.59,1,76
65.45.143.171,1,32
165.229.130.115,1,32
92.237.168.166,1,32
65.213.0.144,1,32
181.116.245.234,1,40
71.230.250.65,1,40
177.77.110.150,1,32
185.72.26.108,2,80
68.206.119.178,1,32
104.3.237.76,1,40
45.196.92.124,1,40
185.252.220.130,1,40
178.162.7.156,1,40
85.111.161.179,1,32
163.55.190.238,1,32
186.119.0.36,1,32
80.184.172.96,1,32
110.71.230.85,1,48
119.126.28.23,2,80
185.72.27.49,14,560
103.41.58.192,2,80
188.187.50.182,1,48
89.225.80.122,1,32
196.215.48.243,1,32
121.131.78.72,1,32
191.121.214.198,1,56
59.185.249.153,1,32
93.44.146.165,1,48
173.165.210.150,1,32
162.194.80.124,18,8851
79.49.97.183,1,32
126.43.173.39,1,32
73.92.0.84,1,32
88.11.63.94,2,80
42.242.231.93,1,60
178.138.77.127,1,32
64.22.160.67,5,1482
74.219.76.78,1,40
95.148.42.135,2,96
109.56.195.202,1,32
194.5.46.196,1,40
112.52.14.121,1,32
182.65.114.138,1,44
186.36.141.232,1,40
211.177.1.37,1,32
72.181.32.149,1,32
185.10.117.1,1,60
198.23.108.33,1,32
84.174.113.170,1,40
118.239.190.60,1,60
99.46.46.31,1,32
103.46.34.89,1,44
179.123.75.165,1,60
99.222.216.75,1,60
179.127.157.169,1,32
13.161.234.250,2,104
180.81.193.175,1,32
5.189.17.10,1,40
195.93.31.179,1,44
216.68.133.199,9,2142
182.244.240.5,1,32
71.230.250.223,1,40
141.107.254.85,9,3714
185.72.27.89,13,520
14.153.205.70,1,48
180.188.180.218,1,32
175.216.121.121,1,32
223.59.91.88,1,32
87.141.131.6,1,32
71.218.126.85,1,32
176.122.17.28,1,32
76.232.12.30,1,32
185.199.187.85,1,60
61.216.49.246,1,32
31.155.61.61,1,60
106.105.159.187,1,48
114.20.122.196,1,32
220.181.197.136,3,596
112.201.3.173,2,104
1.38.228.129,1,32
24.42.191.150,1,32
68.74.160.113,1,40
201.170.57.174,1,32
123.131.78.70,1,32
207.111.136.114,1,76
39.41.122.203,1,40
201.167.221.107,1,32
185.106.95.121,1,32
205.123.124.133,1,32
217.156.113.33,1,32
37.111.242.192,1,32
205.58.134.117,1,60
173.216.54.50,1,32
97.41.46.247,1,32
181.73.188.63,1,32
216.12.127.34,1,32
89.235.46.123,1,32
216.116.23.80,1,32
171.230.114.233,1,52
167.148.79.19,2,80
60.86.65.183,1,58
68.200.76.126,1,32
213.151.157.202,1,32
183.173.142.202,1,52
195.44.202.101,1,60
37.46.111.87,1,32
131.34.33.202,1,60
66.87.66.249,1,32
69.179.182.221,1,32
111.253.188.104,1,76
190.242.145.70,1,32
64.65.244.209,3,120
171.201.186.161,1,60
60.59.98.28,1,40
100.211.158.123,1,32
42.242.29.83,1,32
184.10.69.96,1,48
170.208.114.112,1,44
101.112.55.177,1,32
139.173.183.79,1,40
67.51.212.130,1,32
47.80.132.48,1,60
126.146.24.177,1,40
79.27.162.122,1,32
217.54.221.67,1,32
212.29.86.247,1,32
222.248.12.132,1,32
17.193.183.203,3,187
98.57.119.207,1,32
79.124.14.209,1,52
78.208.51.136,1,40
71.230.250.135,1,40
212.119.0.66,1,32
208.69.240.61,1,32
100.230.126.8,1,32
110.149.2.229,1,32
46.61.235.102,1,32
208.112.55.81,3,128
91.126.178.245,1,32
173.33.19.242,1,48
78.157.169.105,1,32
123.123.27.163,1,40
59.62.78.41,1,76
195.69.98.33,1,60
190.71.62.254,1,32
179.232.164.184,1,40
79.55.66.155,1,32
23.95.95.51,9,1130
202.115.51.186,1,32
185.184.82.194,5,200
208.123.86.53,1,40
2.57.175.152,1,32
79.208.182.54,1,32
192.49.194.34,2,80
119.133.208.222,1,52
212.49.14.238,1,32
189.185.63.119,1,32
14.215.179.205,5,1037
46.100.121.96,4,1353
24.129.125.251,1,32
43.222.57.192,1,40
120.145.15.217,1,52
59.161.78.189,1,60
78.64.205.99,1,40
185.2.176.215,1,32
212.217.135.195,1,48
222.114.140.58,1,40
36.30.253.255,1,32
95.148.62.34,1,32
27.2.205.210,1,32
189.148.179.152,1,32
66.167.207.110,1,32
17.147.81.13,11,7674
128.46.167.217,1,32
196.37.165.190,1,40
1.21.48.253,1,32
71.230.250.192,1,40
177.80.85.92,1,32
195.1.243.229,1,32
185.92.155.37,2,120
186.203.90.23,1,32
173.229.176.197,1,32
213.80.230.197,1,32
123.254.40.243,1,44
175.213.143.234,1,32
113.127.144.168,1,48
11.88.56.57,2,120
115.214.102.219,1,32
182.52.172.105,1,60
179.87.214.9,1,32
27.34.113.127,1,32
83.141.67.18,1,32
37.106.53.254,1,40
203.187.10.177,1,32
78.21.90.228,1,32
52.12.82.253,1,182
31.154.95.98,1,32
110.53.231.151,1,40
217.178.79.19,1,64
108.205.122.244,1,32
72.80.115.201,1,32
97.12.13.160,1,32
210.11.1.61,1,32
122.236.91.174,1,32
186.105.183.99,2,80
191.72.10.144,1,40
68.74.223.154,1,40
212.93.96.147,1,32
93.208.202.64,1,32
71.189.223.95,1,32
75.126.178.7,1,32
220.184.112.252,1,32
95.221.199.184,1,52
180.163.119.45,1,32
159.252.189.65,10,812
221.42.117.97,1,40
151.231.22.87,2,88
60.67.216.178,1,44
77.101.185.225,1,32
88.141.126.165,1,32
94.178.18.108,1,40
40.131.6.251,1,32
5.64.104.156,2,80
181.233.20.252,1,32
71.230.250.127,1,40
88.194.1.200,1,32
202.39.34.119,1,40
218.236.5.214,1,132
79.169.194.201,1,32
52.249.41.54,1,32
5.104.115.222,1,40
217.180.95.31,1,32
177.82.169.138,1,32
23.13.142.244,1,32
119.78.241.121,1,32
139.129.211.41,1,32
139.68.202.55,3,120
119.19.162.36,1,32
63.155.0.146,1,32
37.217.74.4,1,40
124.222.86.205,1,32
37.117.167.228,1,40
187.185.88.172,1,32
41.48.57.219,1,32
47.101.190.183,1,32
191.186.60.164,1,32
186.154.132.80,1,40
125.32.255.196,1,44
219.2.243.52,1,32
37.93.44.141,1,32
104.92.51.20,1,32
179.133.149.225,1,32
95.254.53.250,1,40
179.49.195.103,1,32
60.217.109.187,1,32
190.119.31.221,1,32
81.150.0.253,1,32
92.37.209.164,1,32
82.205.151.170,1,60
39.7.20.108,1,60
138.68.117.13,1,32
121.88.117.243,1,60
129.130.100.184,1,32
212.68.169.17,1,32
183.172.58.227,1,48
121.184.176.21,1,40
49.45.115.50,1,32
63.144.240.4,1,32
58.22.152.42,4,160
119.58.148.48,1,132
209.236.125.223,6,1247
106.195.174.117,1,32
79.86.32.107,1,32
192.50.181.199,2,295
177.195.18.190,1,40
220.198.45.152,1,32
113.161.236.7,1,48
115.39.6.184,1,32
121.138.201.43,1,32
198.15.145.129,3,218
188.243.103.27,1,32
196.204.203.72,1,32
186.246.137.135,1,32
89.43.41.2,1,32
191.175.46.135,1,32
99.58.155.173,1,32
115.239.79.205,1,32
190.41.14.225,1,40
177.178.110.88,1,40
200.45.195.43,1,32
114.39.153.72,1,32
202.91.86.25,1,44
94.154.77.30,1,32
186.210.20.92,1,32
187.194.35.63,1,32
69.252.2.186,1,56
176.82.177.70,1,40
92.67.254.101,6,240
165.229.136.81,6,240
5.75.155.10,1,40
118.29.75.130,2,104
85.235.152.36,1,32
75.139.53.137,1,32
112.153.171.145,1,52
119.101.11.82,1,60
180.138.30.187,6,240
220.157.217.122,1,40
85.15.241.172,1,32
181.118.227.94,1,32
88.193.67.206,2,88
185.72.27.113,11,440
92.203.128.106,1,32
72.98.22.21,1,56
139.173.134.100,2,80
155.153.42.188,1,256
218.206.113.122,1,32
197.35.64.213,2,88
64.65.244.166,2,80
203.180.121.43,1,52
62.108.23.181,1,32
46.178.8.231,1,40
80.107.127.8,1,32
27.36.53.244,1,40
90.31.50.206,1,32
66.203.58.245,1,32
178.127.174.1,1,44
37.95.210.138,1,32
201.6.148.1,1,52
78.43.129.194,1,32
24.67.15.63,1,32
74.204.122.253,1,32
156.218.225.212,1,32
87.253.143.245,1,32
1.25.127.208,1,32
110.208.109.219,1,32
118.172.224.46,1,32
125.228.140.215,1,48
39.4.212.96,1,52
72.83.249.37,1,32
54.94.203.228,1,32
72.170.248.62,1,40
109.27.48.127,1,32
79.98.0.197,1,32
93.121.111.29,1,32
196.68.94.103,1,32
143.7.83.148,1,40
212.103.107.41,1,32
52.94.120.11,2,339
77.40.14.221,1,32
113.158.137.201,2,80
171.50.218.215,1,60
195.8.169.204,1,32
85.110.131.101,6,240
177.166.171.244,1,32
43.198.32.204,1,40
121.169.155.73,1,32
115.199.193.77,1,40
216.155.166.135,1,60
54.203.98.31,1,32
190.134.120.146,1,32
5.64.104.151,2,80
81.215.191.48,1,44
116.176.246.94,1,32
64.177.209.211,1,32
191.253.69.15,1,40
109.168.161.114,1,32
186.205.204.173,13,676
202.220.113.33,3,237
59.29.3.221,1,32
66.227.3.202,1,32
99.132.6.118,1,40
182.189.155.194,1,40
138.185.208.194,1,60
191.53.143.85,1,40
27.39.6.254,1,32
82.50.177.185,1,52
13.23.49.225,1,32
200.217.74.1,1,32
105.133.39.22,1,32
41.65.186.185,1,40
62.117.4.126,1,96
27.211.219.104,1,32
200.111.185.69,1,60
117.41.240.182,1,32
23.11.21.78,1,32
197.245.192.23,1,56
124.26.166.89,1,32
109.228.216.160,1,32
175.216.47.50,1,40
73.210.254.90,1,32
52.252.100.175,1,76
23.95.95.240,16,15203
64.3.197.25,1,60
95.128.215.155,1,32
89.167.53.10,1,32
188.53.74.119,1,32
151.150.78.184,11,9519
71.230.250.221,1,40
58.17.207.135,1,32
2.255.247.207,1,40
207.7.1.32,1,32
5.64.104.141,4,160
37.38.92.236,1,32
212.243.210.127,1,32
143.196.65.51,1,32
213.205.208.84,1,32
187.97.243.157,1,32
31.163.37.118,2,80
139.173.142.36,1,40
117.38.198.69,1,40
189.121.15.180,1,32
61.71.239.47,1,52
179.113.38.145,1,32
54.215.145.130,1,52
156.201.159.186,1,32
37.56.251.160,17,810
67.74.192.162,1,32
52.214.47.79,1,52
74.131.36.38,1,32
196.180.49.38,7,308
46.252.150.133,1,32
201.236.141.226,1,32
124.164.151.133,2,138
109.40.13.40,1,32
68.174.135.80,1,32
47.126.200.208,1,32
104.13.53.144,1,52
175.205.5.19,1,40
18.239.158.1,1,32
41.175.66.206,2,88
203.136.241.9,1,44
61.29.61.143,1,40
104.243.199.186,5,540
183.188.23.182,9,7277
5.207.13.13,1,32
3.216.64.3,1,32
109.202.132.75,1,40
84.119.107.208,1,32
220.153.82.66,1,32
222.218.164.187,1,76
172.249.162.206,20,2148
46.108.105.234,2,80
172.249.25.131,247,349143
119.122.8.3,2,104
93.226.251.197,1,32
173.221.209.233,81,101425
218.234.13.75,1,32
220.5.124.57,1,32
222.186.64.244,1,32
52.236.180.108,1,52
89.22.107.4,1,32
116.161.146.189,1,32
191.159.233.232,1,32
95.187.253.88,1,32
196.159.243.41,1,32
178.139.60.234,1,32
24.219.151.48,1,32
167.196.74.78,1,32
83.110.8.130,1,60
189.40.243.122,1,60
71.230.250.39,1,40
1.255.59.88,1,76
212.220.118.48,1,32
187.129.110.33,1,32
115.59.165.221,1,32
219.228.121.228,1,40
188.70.95.93,2,100
83.9.207.166,1,32
23.74.73.255,1,32
85.97.182.55,1,32
23.85.10.203,45,49248
143.150.222.110,1,32
202.18.92.250,1,60
88.11.63.74,2,80
137.69.104.203,1,32
120.155.73.222,1,32
77.105.191.65,1,32
125.251.240.225,1,32
194.5.157.30,1,32
210.170.225.143,1,78
86.12.158.110,1,32
124.236.234.228,1,76
89.124.109.188,2,80
217.126.224.128,1,32
61.3.252.222,4,216
95.153.220.158,1,32
118.194.117.255,1,40
84.54.113.31,1,32
181.204.162.172,1,48
96.197.159.242,1,32
74.193.190.175,1,52
75.80.129.25,1,32
112.42.145.112,1,32
64.65.244.246,3,120
76.89.129.143,1,32
24.185.23.6,2,80
190.42.53.83,1,32
54.254.231.251,6,577
151.73.74.8,1,32
60.22.113.0,1,32
172.103.157.2,1,40
88.56.45.212,1,44
116.53.145.92,1,40
178.222.76.189,1,40
117.43.101.71,1,40
181.188.233.177,1,40
201.37.246.3,1,32
81.109.250.29,1,40
200.36.77.214,1,48
41.165.98.246,1,40
23.36.34.37,12,14897
23.78.3.80,1,32
94.248.161.62,1,32
180.156.27.72,1,32
13.207.38.102,5,260
87.52.141.147,1,32
171.62.189.195,1,48
108.52.102.135,1,32
79.103.16.17,1,32
46.234.158.64,1,32
179.82.20.131,1,32
62.201.0.3,1,32
222.120.140.48,1,32
185.72.27.125,21,840
158.81.180.4,1,32
183.160.129.15,1,32
139.233.98.128,1,76
50.218.143.137,1,40
176.114.29.40,1,32
35.123.130.180,1,32
77.24.77.190,1,32
80.9.129.11,1,32
14.229.79.28,1,32
188.189.137.231,1,32
179.218.21.53,1,32
173.121.15.57,1,32
46.228.172.49,1,32
76.143.27.209,1,32
97.39.141.142,1,32
69.107.45.140,1,32
208.112.55.83,3,132
52.252.230.94,1,76
52.10.135.245,1,32
46.88.50.7,1,32
113.104.242.40,1,52
143.192.83.122,318,425228
71.230.250.146,1,40
92.206.168.145,1,40
37.17.161.217,1,40
221.2.39.1,1,32
75.122.75.238,1,32
64.22.164.130,2,162
90.113.158.164,1,40
218.147.210.118,1,32
180.38.78.91,1,32
65.137.220.138,1,32
118.33.17.90,2,111
188.72.88.61,1,32
120.192.228.206,1,32
129.196.12.61,6,1008
196.211.198.141,1,32
115.101.218.10,1,32
89.20.104.6,1,32
176.82.218.29,3,144
175.161.88.201,1,76
177.179.66.62,1,32
202.10.214.146,1,40
171.240.205.79,1,32
82.183.22.242,1,40
78.250.170.226,2,80
175.134.247.215,3,164
82.9.1.235,1,32
50.11.12.142,1,32
111.192.49.92,1,40
85.49.246.216,1,32
89.199.72.64,5,220
178.220.212.125,1,52
109.202.195.209,1,40
184.43.233.188,1,32
116.104.20.88,1,58
185.193.204.57,1,60
66.132.29.236,1,32
182.45.81.196,1,32
59.186.35.70,1,40
80.246.253.114,1,32
213.235.249.174,1,40
14.91.143.181,1,32
68.167.131.5,1,32
82.47.78.5,1,32
221.42.118.162,2,80
100.239.73.157,1,32
220.152.83.231,1,90
137.165.87.59,4,237
168.68.232.108,1,32
103.22.151.2,1,40
108.145.113.139,1,32
73.96.49.167,1,32
109.9.90.66,1,44
92.180.60.122,1,32
139.173.156.225,2,80
91.9.150.252,3,4923
80.9.190.208,1,40
179.72.238.85,1,32
218.7.182.122,1,56
46.86.223.185,1,44
8.209.242.215,1,32
70.174.54.58,1,32
143.192.83.85,141,154914
78.8.188.39,1,32
107.2.126.93,1,32
182.243.227.237,6,1638
191.251.197.238,1,78
182.89.137.195,28,34647
210.134.146.165,1,40
184.172.105.165,1,32
118.30.163.197,2,96
125.35.4.30,1,44
159.153.227.181,1,32
173.193.55.7,1,32
77.20.194.10,1,32
108.92.9.69,1,60
83.166.88.36,1,32
100.231.191.136,1,32
112.255.174.73,3,120
114.204.193.220,1,76
213.126.235.225,1,32
1.250.56.247,1,32
125.233.77.206,1,48
172.103.170.64,2,80
194.174.195.225,1,60
107.221.124.177,1,32
54.217.22.154,2,132
104.77.248.195,1,288
50.246.6.115,1,32
122.235.215.229,1,76
96.59.16.154,1,32
118.135.21.232,1,167
148.55.188.141,1,32
210.14.137.169,1,32
177.202.217.9,1,32
125.252.100.6,1,48
86.136.97.29,1,32
93.240.87.142,1,32
182.101.212.231,1,52
108.94.27.166,1,60
176.110.43.210,1,44
94.38.183.210,1,40
186.28.153.131,1,44
23.238.175.244,1,32
92.133.238.12,1,44
114.60.215.193,1,56
189.119.246.54,1,32
61.68.25.205,1,52
186.136.105.91,1,32
190.47.226.33,1,32
88.195.255.189,1,32
172.175.231.64,1,40
84.20.222.43,1,32
116.139.227.33,1,60
165.224.133.10,1,32
197.253.91.183,1,44
172.249.25.142,12,2359
113.212.206.188,1,32
60.205.177.141,35,1400
121.143.245.102,1,32
182.243.226.130,2,149
92.198.2.159,1,32
113.61.208.10,1,60
18.178.243.228,1,76
172.249.30.145,33,13373
176.5.143.142,1,32
52.238.101.54,1,32
188.187.193.70,1,32
43.223.102.161,1,32
173.40.141.40,1,32
34.225.118.126,1,32
27.44.245.142,1,32
8.216.201.171,1,83
71.230.250.212,2,80
46.101.248.151,1,32
4.84.15.25,1,32
183.254.182.24,1,60
185.124.242.195,1,40
96.3.130.238,1,32
46.42.85.31,2,80
188.144.7.153,1,32
146.185.246.128,1,32
118.199.189.173,1,48
217.178.79.18,1,76
5.232.21.201,1,32
172.103.153.252,2,80
89.13.240.253,1,32
54.215.145.60,3,156
91.151.144.56,1,32
195.172.41.9,1,52
103.220.51.243,1,32
109.193.84.44,1,32
80.250.1.46,1,60
185.72.26.109,4,160
131.94.144.7,2,88
31.222.4.203,1,44
185.72.26.13,6,240
58.208.4.80,1,48
191.233.189.50,1,32
5.45.161.19,1,32
12.47.73.97,1,32
31.160.193.70,4,336
50.139.242.138,1,32
67.168.189.123,1,32
191.110.118.48,1,40
192.29.7.172,1,32
141.87.241.122,1,32
201.166.60.42,1,60
133.208.82.205,1,32
5.205.126.98,1,32
27.229.84.207,2,100
88.30.207.187,1,32
66.211.209.2,1,32
58.28.243.7,1,32
71.85.13.52,1,32
192.134.238.192,1,32
112.233.50.3,1,32
49.218.21.201,1,40
88.11.63.89,3,120
73.80.254.50,1,32
211.78.176.53,1,32
138.208.128.19,1,60
118.165.113.239,1,32
156.63.119.156,1,40
59.4.187.84,1,32
192.108.225.208,4,352
114.42.195.98,1,60
125.33.164.89,1,44
144.5.192.10,1,32
212.117.83.147,1,32
69.39.251.84,1,52
202.112.43.45,1,40
49.17.131.242,5,275
58.211.206.235,1,32
89.126.173.134,1,32
125.111.189.218,1,40
72.229.15.195,1,32
216.253.45.9,1,32
159.137.143.195,3,120
151.150.77.194,17,15183
182.15.131.183,1,32
149.97.208.243,1,32
188.6.14.171,1,32
185.97.3.93,1,32
5.254.89.66,1,32
1.142.110.74,1,76
174.122.12.70,1,32
92.48.163.126,1,32
38.152.82.37,1,96
35.83.155.171,5,1290
118.203.212.233,1,60
187.245.162.170,1,40
39.46.151.50,1,76
223.11.94.7,1,60
210.183.102.12,1,32
23.243.81.206,1,32
14.174.126.53,1,32
109.209.244.13,1,32
34.207.202.183,1,32
87.244.176.183,1,32
171.228.41.233,1,132
71.230.250.87,1,40
123.198.139.234,2,100
1.55.183.27,1,40
94.54.96.72,1,52
124.134.153.148,1,60
24.35.28.166,1,32
209.74.79.100,1,32
81.59.148.136,1,84
78.111.38.196,1,57
173.107.165.233,1,32
71.230.250.86,2,80
115.234.212.175,1,32
24.139.71.3,1,32
71.230.250.174,1,40
220.230.197.77,1,32
125.33.105.55,1,44
216.211.36.155,24,10239
46.165.47.166,1,32
172.20.140.117,1,32
105.154.48.146,1,32
159.79.254.44,1,32
173.194.212.83,1,32
13.161.239.86,5,1090
86.178.141.19,1,32
31.178.127.82,1,32
42.62.48.215,1,32
114.44.122.160,1,48
73.19.153.76,1,32
171.238.198.211,1,60
125.244.3.30,1,48
172.249.28.66,12,14174
98.245.130.158,1,32
54.247.139.213,1,32
123.235.225.2,1,60
213.110.79.151,1,32
159.52.166.94,5,200
125.111.218.14,1,32
68.238.46.132,1,32
119.14.128.233,1,32
211.168.41.60,1,32
202.143.30.33,1,32
78.38.3.124,1,40
81.187.228.136,1,28
118.115.148.239,1,32
54.242.123.134,1,32
77.41.240.85,1,32
83.207.121.131,1,32
191.84.200.244,2,88
160.171.182.124,1,32
78.83.187.151,1,48
188.139.57.193,1,40
54.163.166.219,1,32
217.28.63.56,1,32
27.47.153.59,1,52
61.169.72.106,1,40
96.77.252.92,1,32
101.123.5.205,1,40
115.18.18.193,2,120
182.117.169.18,1,32
60.137.220.7,2,250
49.85.80.189,1,32
113.170.67.201,1,52
105.184.123.128,1,40
123.163.27.231,1,32
46.54.101.195,1,32
106.194.207.217,1,32
119.157.210.75,1,32
208.148.32.71,1,40
50.23.225.220,1,32
12.219.242.118,1,32
41.57.107.71,1,32
221.9.51.162,1,32
165.116.243.161,4,160
5.203.188.101,1,52
42.83.91.35,1,32
104.120.156.94,2,104
205.24.46.218,1,32
91.51.88.47,1,44
85.113.23.70,1,32
66.22.241.101,1,60
96.90.87.27,1,40
194.18.217.55,1,60
111.83.168.55,1,32
183.166.76.179,1,52
120.167.170.139,1,48
193.34.3.21,1,32
193.43.240.243,1,32
115.65.252.61,1,44
113.153.45.62,1,52
122.57.162.86,1,44
78.104.207.33,1,32
177.148.242.178,1,40
169.47.131.116,2,111
108.73.145.147,4,371
220.186.67.222,1,32
173.221.209.203,929,1344526
85.215.168.36,1,32
115.225.253.62,1,52
118.91.45.72,1,32
14.39.194.174,1,40
93.123.178.200,1,32
203.19.247.103,22,31548
89.195.2.222,1,32
87.91.155.135,1,32
93.153.124.41,1,32
58.222.33.206,1,32
101.229.63.111,1,40
83.118.191.31,1,44
119.147.223.209,1,32
151.44.236.252,1,44
17.156.177.23,1,32
191.215.57.22,1,32
73.221.13.124,1,32
83.53.243.8,1,32
78.20.91.192,1,32
46.117.54.167,2,104
167.58.186.127,1,32
142.161.195.55,2,80
81.148.62.223,1,32
76.234.13.139,1,32
180.179.140.231,2,250
78.214.28.139,1,40
5.65.89.61,1,32
82.247.214.204,1,32
122.34.114.108,1,32
80.247.243.130,1,32
211.236.126.188,1,40
76.38.205.253,1,32
142.161.201.125,4,160
104.130.254.144,1,32
74.193.223.255,955,1302625
126.196.122.3,1,32
178.240.128.102,1,32
220.37.33.241,1,32
14.18.216.252,1,32
23.100.49.248,1,32
185.219.218.133,2,88
212.73.142.124,1,32
171.215.168.30,1,52
98.14.173.240,1,32
13.160.52.237,1,86
59.115.12.247,1,32
125.230.63.8,1,52
186.104.87.179,1,32
151.200.42.197,1,32
180.95.208.12,1,32
1.10.41.89,1,32
40.139.89.116,1,32
59.38.228.19,1,58
91.136.233.98,1,32
177.226.24.154,1,32
116.94.242.128,1,32
91.207.254.226,1,32
179.162.96.11,1,32
138.208.112.35,1,32
54.33.203.44,1,76
124.5.95.152,1,48
123.154.7.172,1,48
1.80.20.220,1,44
216.216.231.102,1,60
115.119.115.187,1,32
84.128.163.57,1,32
169.44.72.11,1,92
2.216.223.154,1,32
123.25.229.77,1,96
14.55.33.131,1,32
24.19.11.195,1,32
37.222.249.218,1,32
122.115.131.212,1,32
115.46.215.72,1,32
81.250.135.90,1,32
111.246.130.50,1,32
59.20.16.6,1,60
63.222.228.117,1,32
193.143.87.102,1,40
186.168.94.159,1,32
221.29.162.69,1,52
83.127.104.225,1,32
76.198.50.44,1,32
179.160.162.128,1,32
213.139.231.111,1,32
193.248.29.28,1,32
202.233.58.145,5,280
42.182.191.58,1,32
13.53.121.95,1,32
5.64.104.142,1,40
83.252.84.93,1,32
116.174.128.253,1,32
85.189.39.172,1,32
36.28.222.157,1,132
185.248.229.212,1,48
14.123.82.111,1,32
71.230.250.217,1,40
74.99.19.170,1,32
82.119.109.160,1,32
163.74.41.206,1,48
37.110.243.176,1,32
5.81.252.97,1,32
70.113.168.117,1,32
151.27.120.90,1,40
165.116.13.224,6,387
108.7.92.206,1,44
94.141.233.56,1,32
49.246.28.38,1,32
80.105.49.55,1,32
123.141.176.162,1,40
51.61.206.228,1,60
148.61.71.182,1,32
185.44.201.165,1,58
174.190.113.65,1,32
220.144.134.191,1,32
110.247.188.29,1,32
118.252.230.6,1,32
47.120.170.106,1,58
142.161.151.150,3,120
115.237.143.115,1,32
109.232.141.97,1,32
203.16.33.111,1,32
187.8.113.238,1,32
177.250.207.37,1,32
86.194.6.90,1,32
200.123.66.168,1,44
23.100.133.1,1,52
201.72.242.119,1,40
183.188.60.2,25,11610
177.175.155.64,1,60
74.193.23.172,1,50
118.104.68.139,1,52
181.117.162.74,1,132
13.205.18.248,1,76
75.120.247.217,1,32
97.52.50.103,1,32
79.216.160.143,1,32
115.47.39.32,1,32
91.131.98.143,1,32
74.233.216.67,1,32
154.142.158.193,1,40
126.230.163.188,1,32
61.201.93.19,1,40
211.178.13.64,1,32
114.44.40.206,2,80
114.166.135.212,1,32
77.231.2.46,1,32
211.79.247.62,1,60
77.106.79.206,1,32
61.87.78.44,1,32
123.21.252.122,1,52
81.190.100.74,1,40
154.142.158.217,1,40
222.90.45.101,1,32
79.170.46.19,1,32
222.85.88.30,1,32
24.27.205.71,1,40
172.86.1.213,1,32
73.97.44.207,1,32
65.210.105.213,1,32
58.229.66.140,1,52
1.43.113.134,1,32
82.71.200.24,1,32
96.10.177.156,1,32
93.57.214.69,1,40
99.157.158.73,1,60
115.65.86.222,1,44
103.249.135.126,1,60
223.138.8.11,1,60
1.65.97.159,1,60
87.232.151.231,1,32
91.30.192.3,1,32
181.90.161.125,1,40
95.59.1.140,1,32
94.48.200.203,1,32
173.241.27.131,1,32
5.64.104.150,1,40
12.130.40.86,1,32
172.249.28.98,25,6792
75.157.15.155,1,32
121.96.125.225,1,32
76.84.137.105,1,32
117.231.63.15,1,40
174.245.234.19,1,32
78.94.251.253,1,40
80.158.166.240,1,44
185.160.83.103,1,40
99.61.71.123,1,32
31.82.169.143,1,32
201.193.188.213,1,32
105.137.99.190,1,32
176.209.142.107,1,32
218.99.215.8,1,40
201.106.102.244,1,32
79.103.59.67,1,52
79.105.239.78,1,32
184.106.137.86,1,32
154.192.143.40,1,32
52.240.112.187,1,32
74.202.194.103,1,32
178.249.120.156,1,32
213.136.119.205,1,86
5.250.217.31,1,32
39.40.8.210,2,80
193.63.247.4,1,44
94.15.235.39,3,204
201.144.200.239,1,32
17.199.30.51,324,19937
114.203.27.81,1,32
180.39.144.31,1,32
171.215.104.112,1,60
188.250.113.21,1,32
124.156.78.218,1,76
177.164.86.76,1,32
181.56.149.209,1,32
31.163.174.25,1,40
221.40.216.88,1,40
208.89.69.239,1,32
82.6.246.211,1,32
61.122.252.84,1,32
185.106.204.222,1,40
116.160.79.65,1,32
45.56.46.12,1,32
104.150.186.82,1,32
13.53.214.157,1,32
117.232.119.74,1,32
180.102.146.253,1,52
35.103.126.46,1,32
187.157.218.191,1,32
50.160.48.123,1,32
124.153.126.69,1,52
201.24.158.81,1,44
203.186.75.156,1,60
35.11.134.113,1,99
196.59.59.192,1,40
71.230.250.215,1,40
183.172.143.112,1,52
194.75.200.193,1,52
81.108.98.125,1,32
36.31.146.127,1,48
174.125.103.223,1,32
183.97.32.234,1,40
41.162.91.158,1,32
49.239.98.16,2,104
86.85.74.190,1,32
39.52.110.185,1,32
52.121.90.71,2,254
96.206.46.155,1,32
113.213.207.17,1,32
78.42.247.79,1,32
52.15.167.76,1,72
109.41.0.105,1,32
95.186.12.220,1,32
190.8.197.212,1,44
84.182.21.121,1,32
104.75.192.175,1,32
83.109.132.196,1,32
60.57.122.115,1,40
112.162.146.153,1,32
112.5.127.114,1,32
174.152.144.99,1,32
125.165.124.30,1,56
223.56.63.7,1,32
40.143.13.189,1,32
182.181.80.11,1,60
98.51.0.172,1,32
35.92.119.216,1,32
24.3.60.2,1,32
205.58.78.122,1,242
96.119.207.185,1,32
52.248.207.94,1,76
46.107.255.109,1,32
200.10.98.239,1,40
195.142.125.107,1,32
220.163.19.184,1,40
17.193.181.202,1,52
110.58.204.148,1,32
171.146.23.252,1,52
94.195.116.138,1,40
198.82.9.84,1,32
69.11.168.163,1,32
46.42.237.9,1,44
185.107.111.225,1,40
2.24.56.25,1,32
79.107.246.232,1,32
159.137.246.195,1,52
188.205.129.43,1,32
54.243.2.239,1,40
81.109.202.70,3,120
78.63.119.126,1,32
68.223.162.45,1,32
173.33.126.218,1,32
179.189.29.246,1,60
178.223.109.141,1,40
202.118.191.155,1,96
102.143.211.86,1,32
175.175.117.144,1,76
114.18.123.153,1,32
79.218.141.201,1,32
180.11.57.96,1,40
181.16.73.79,1,32
34.214.243.89,1,32
174.126.187.60,1,32
201.26.220.189,1,60
2.103.76.130,1,32
67.169.67.128,1,32
213.148.80.234,1,32
179.183.204.248,1,52
183.249.123.181,1,52
187.0.67.2,1,32
111.176.226.50,1,32
216.68.133.149,12,14544
60.79.85.12,1,52
74.193.23.96,1,60
80.223.55.252,1,32
178.46.177.181,1,32
183.188.238.226,2,1089
93.209.43.246,1,60
171.171.45.155,1,52
37.97.164.182,1,32
81.228.9.225,1,32
197.45.43.236,1,32
38.124.100.138,1,60
24.110.50.187,1,32
113.21.212.236,1,60
103.59.121.246,1,40
116.156.220.15,1,32
113.211.233.18,1,52
119.194.123.197,1,60
80.182.190.204,1,32
85.24.245.14,1,32
5.64.104.158,2,80
190.178.117.73,1,32
121.175.81.0,1,32
173.41.0.68,1,32
123.182.124.248,1,44
95.180.7.158,1,32
1.246.156.239,1,48
206.190.30.175,3,120
50.217.185.88,1,32
89.159.124.222,1,32
172.66.200.195,1,32
71.181.210.191,1,32
198.0.31.140,1,32
52.248.29.165,1,76
76.88.243.50,1,32
213.1.8.139,1,32
12.229.53.42,1,44
222.187.229.163,2,88
93.211.104.216,1,32
103.63.190.154,1,32
110.63.102.186,1,76
1.141.74.208,1,48
105.139.193.244,1,32
142.150.97.217,1,32
189.122.255.204,1,32
189.87.216.173,1,32
85.192.181.58,1,32
188.139.123.30,1,40
182.243.227.99,4,968
94.154.0.248,1,40
148.188.1.181,1,32
12.191.29.118,1,60
79.245.195.1,1,32
23.192.185.253,1,32
114.38.65.176,1,32
221.1.107.15,1,52
115.215.158.45,1,32
62.172.53.201,1,32
8.227.208.206,1,32
220.57.114.175,1,32
114.239.204.57,1,32
79.145.218.117,1,44
72.204.185.59,1,32
74.253.187.199,1,32
179.224.81.113,1,40
172.249.30.58,24,14536
213.167.254.175,1,60
187.98.12.7,1,32
216.68.133.238,5,323
39.1.76.78,1,32
110.250.53.151,1,32
104.196.95.29,1,56
18.184.172.242,1,40
202.163.156.38,1,56
68.72.35.196,1,60
99.178.234.209,1,32
27.213.212.78,1,60
52.12.41.97,1,32
184.102.157.113,1,32
47.220.193.69,1,32
65.147.48.210,1,780
23.94.228.9,1,40
72.184.171.15,1,32
118.204.149.69,1,48
63.199.214.54,3,411
188.13.6.27,1,60
104.18.113.186,1,32
87.164.175.249,1,83
173.123.140.13,1,32
186.191.81.206,1,32
114.167.119.79,1,52
114.23.153.80,1,32
186.223.61.21,1,32
24.243.208.217,1,32
195.2.45.90,1,32
216.216.228.209,1,32
23.203.195.163,1,32
41.163.197.250,1,40
2.67.194.123,1,52
171.166.167.204,1,40
18.243.55.56,1,32
89.214.43.135,1,32
216.252.44.134,1,32
35.73.81.122,1,32
222.138.77.108,1,32
61.96.126.1,1,32
197.234.172.106,2,100
52.108.13.28,1,32
207.111.183.197,2,80
111.219.22.30,1,52
74.225.210.22,1,32
84.60.10.170,1,40
1.52.141.137,1,52
128.78.110.187,1,32
95.224.7.221,1,32
82.177.114.30,1,32
201.153.38.252,1,40
62.69.126.9,1,32
145.82.46.144,1,32
54.255.3.91,1,32
109.12.199.57,1,32
91.76.175.217,1,32
80.240.180.198,1,32
73.21.96.101,1,32
198.202.47.78,1,32
178.136.161.109,1,32
49.214.92.215,1,32
66.166.119.98,1,32
94.243.130.231,1,32
70.25.101.32,1,32
88.65.1.219,1,32
189.63.66.8,1,32
89.24.221.53,1,32
168.37.172.97,1,44
5.23.118.94,1,60
154.116.189.229,1,32
92.190.100.176,1,56
204.24.47.76,1,32
189.88.50.126,1,32
74.54.94.189,1,32
221.143.225.105,1,32
176.15.3.61,1,32
220.191.120.116,1,32
182.221.38.58,1,32
71.230.250.141,1,40
186.88.230.46,1,32
190.125.251.145,1,40
5.43.222.253,4,176
64.22.164.114,2,310
92.194.193.95,1,40
81.109.202.71,3,120
221.37.188.55,1,32
218.216.20.58,1,40
125.146.86.46,1,52
108.57.205.183,1,32
84.89.10.104,1,32
13.205.183.24,1,76
83.116.183.134,1,58
220.139.228.97,1,40
104.208.73.19,1,52
81.106.27.190,1,32
41.117.159.36,1,32
172.103.155.42,2,80
121.211.196.245,1,48
4.104.51.32,1,32
168.18.115.222,1,32
190.152.1.146,1,32
92.190.101.171,1,56
108.62.234.6,1,32
8.236.223.97,1,32
76.230.181.53,1,32
62.199.125.223,1,32
59.0.11.192,1,40
86.220.47.234,1,40
92.190.103.167,1,56
151.24.152.53,1,32
92.202.15.105,1,32
192.49.201.102,4,160
126.46.214.104,1,32
36.20.217.179,1,52
81.242.252.19,1,32
181.232.76.10,1,44
85.146.204.146,1,32
222.190.55.138,1,32
181.30.240.162,1,32
52.69.92.66,1,40
146.240.66.251,1,32
92.190.102.154,1,56
92.190.103.65,1,56
95.31.70.24,1,32
72.31.207.154,1,32
210.63.81.192,1,32
154.213.245.66,1,52
118.173.159.200,1,32
113.105.44.217,1,40
112.232.211.114,1,32
24.251.223.77,1,32
185.212.87.241,9,1097
197.43.112.15,1,40
73.109.217.81,1,32
83.166.78.192,1,56
84.189.112.122,1,32
94.198.15.137,1,40
80.193.229.94,1,40
186.6.248.1,1,32
17.199.46.147,1,83
134.154.235.144,1,64
200.197.105.26,1,32
82.8.140.11,1,32
173.212.128.1,1,32
112.9.80.244,1,52
119.102.68.16,1,48
221.18.59.222,1,40
92.190.102.78,1,56
1.139.141.70,1,32
47.213.76.211,1,32
85.241.128.41,1,32
182.33.94.252,1,32
111.73.160.182,1,52
151.150.134.126,5,260
83.185.16.119,1,32
187.44.170.173,1,40
179.206.29.1,1,32
102.97.8.236,1,32
92.190.100.116,1,56
92.190.102.83,1,56
60.88.204.79,1,32
191.181.181.237,1,32
92.190.103.19,1,56
92.190.97.27,1,56
125.168.77.3,1,32
101.48.15.173,1,32
46.108.29.115,1,40
92.190.102.197,1,56
92.190.101.181,1,56
209.166.163.57,1,32
218.97.90.41,1,60
117.251.231.215,1,44
138.186.161.251,1,44
31.113.147.118,14,1738
92.190.97.70,1,56
92.190.97.139,1,56
103.73.206.6,1,44
88.192.1.215,1,32
62.24.0.77,1,32
66.13.134.8,1,32
217.224.197.25,1,32
103.5.4.121,1,72
107.136.96.139,2,120
92.190.100.157,1,56
148.250.179.196,1,40
14.57.79.169,1,32
50.157.185.106,1,40
183.149.50.55,1,32
73.183.221.112,1,32
1.37.102.241,1,32
126.187.3.114,1,32
188.215.244.221,1,32
14.227.152.180,1,32
147.104.44.42,1,32
87.53.240.155,1,32
216.60.199.33,1,32
218.111.255.215,1,32
68.165.188.188,1,32
59.32.207.181,1,32
113.17.51.161,1,64
35.68.143.16,1,99
92.190.103.161,1,56
121.218.166.84,1,32
76.26.19.154,1,60
166.149.252.92,1,32
92.190.101.119,1,56
72.20.175.255,2,80
92.190.103.79,1,56
86.167.203.157,1,32
52.242.221.24,1,32
205.58.77.120,2,489
141.149.144.233,2,92
207.111.158.252,1,32
86.220.80.99,1,40
112.160.105.130,1,60
208.110.219.91,1,40
183.103.23.200,1,32
18.236.213.94,1,357
27.213.206.227,1,48
54.227.64.38,1,76
83.246.142.253,1,32
92.19.22.141,1,32
17.172.62.64,3,278
175.85.178.212,1,32
139.173.186.130,2,80
221.134.181.114,1,76
126.4.17.103,1,32
93.80.162.244,2,88
81.56.117.236,1,32
92.190.100.98,1,56
113.33.106.51,1,52
61.127.149.65,1,76
222.247.145.107,1,52
220.103.12.70,1,32
52.85.241.47,2,457
83.75.177.63,1,32
60.121.146.147,1,32
24.173.114.216,1,32
36.234.37.240,1,52
63.253.171.26,1,32
155.15.96.35,1,32
220.196.210.192,1,76
82.239.49.166,1,32
213.177.128.155,1,32
217.218.104.236,1,48
91.48.142.131,1,32
187.94.51.38,1,32
121.87.9.70,1,60
101.10.171.117,1,32
203.166.184.152,2,1638
31.221.73.44,1,32
5.64.104.145,4,160
108.44.132.151,1,32
171.192.141.113,1,32
68.239.207.86,1,32
221.135.49.54,1,32
176.25.93.77,1,32
50.231.174.39,1,32
79.193.54.249,1,32
190.9.229.116,1,48
41.97.0.143,1,32
88.114.133.6,1,32
52.103.39.17,16,3644
112.13.242.229,1,32
63.251.65.119,1,32
66.210.179.17,1,32
71.230.199.104,5,220
46.182.96.169,1,40
64.65.144.145,1,40
119.53.59.57,2,250
35.15.113.131,4,247
70.94.222.133,1,32
189.18.152.1,1,32
222.254.55.53,1,40
2.71.24.196,1,32
213.190.70.181,1,32
24.162.102.207,1,32
76.199.211.87,1,32
107.157.250.21,1,40
119.27.214.3,1,60
124.210.126.216,1,32
221.244.83.123,1,32
180.93.208.188,1,32
61.26.76.153,2,80
64.22.160.130,10,520
221.133.108.153,1,60
82.44.85.14,2,80
88.238.46.191,1,32
185.255.66.166,1,32
95.163.61.220,1,32
121.182.12.129,1,32
191.241.140.20,1,56
49.87.77.249,1,32
134.214.85.223,3,120
219.55.168.188,1,32
52.15.155.70,56,42040
91.165.212.127,1,32
195.168.72.41,1,32
203.143.33.74,1,32
69.225.35.69,1,32
219.110.249.151,1,40
5.224.206.191,1,32
80.156.156.138,1,32
93.158.199.94,2,116
78.189.203.76,1,32
60.119.230.151,1,32
76.134.113.224,1,32
5.144.139.113,1,40
112.9.195.207,1,76
122.35.176.119,1,32
178.102.9.223,1,32
42.60.47.36,1,32
8.247.244.137,1,84
115.18.172.84,1,32
113.53.49.80,1,76
78.165.143.201,1,32
24.98.57.65,1,32
100.229.142.131,1,32
63.153.129.211,1,32
182.24.43.209,1,132
185.21.92.234,1,40
181.19.218.200,1,32
12.185.109.249,1,32
46.82.175.54,1,44
72.236.243.4,1,32
52.249.172.132,1,76
162.36.223.13,1,60
141.149.249.0,2,80
163.53.191.81,1,32
2.210.115.156,1,32
86.97.237.128,1,32
119.36.206.229,1,32
54.224.220.223,1,32
139.239.190.83,1,32
200.69.48.49,1,56
92.199.127.74,1,32
95.48.143.194,1,32
183.152.247.9,1,40
116.188.1.127,1,32
13.187.32.119,2,189
39.52.34.10,1,48
199.141.76.187,1,32
122.111.198.103,1,60
59.50.140.61,1,32
148.19.66.145,1,60
103.45.56.85,1,40
187.109.139.11,1,40
92.187.6.103,1,60
185.130.240.187,1,32
95.207.137.111,1,32
54.248.73.134,1,71
222.186.53.35,3,120
24.67.227.28,1,32
149.80.133.9,1,32
76.214.193.151,1,32
113.117.244.122,1,64
80.8.255.148,1,32
99.218.243.91,1,32
24.78.114.3,1,32
178.107.2.225,1,32
172.253.215.172,1,32
52.17.215.129,1,32
139.43.143.99,2,80
54.227.169.58,1,76
73.91.196.190,1,40
58.210.47.14,1,32
121.51.231.137,1,32
58.31.15.232,1,32
52.252.34.238,1,76
54.227.126.7,1,76
45.164.70.19,2,88
24.62.142.58,1,32
87.14.163.189,1,32
121.60.93.74,1,32
73.123.142.8,1,32
217.48.246.85,1,44
123.126.208.29,1,116
192.30.96.68,1,75
149.158.23.106,1,60
172.198.82.146,1,32
222.154.133.237,1,44
83.184.109.250,1,32
222.134.152.238,1,32
186.231.51.117,1,44
124.30.104.7,1,32
189.142.52.97,1,32
171.209.57.65,1,52
222.240.235.235,1,52
183.205.89.198,1,60
45.126.14.190,1,76
182.173.45.166,1,32
45.125.150.1,2,138
221.138.98.217,1,48
17.147.81.27,2,135
13.31.59.49,1,76
58.53.6.178,1,76
71.188.39.155,1,32
183.203.124.16,1,48
114.29.238.210,1,32
99.246.169.75,1,60
93.255.159.169,1,32
88.66.182.210,1,44
70.40.65.101,1,32
172.103.131.213,3,120
79.161.87.144,1,40
193.223.65.208,1,32
2.207.214.216,1,32
52.14.30.2,3,187
14.246.59.46,1,32
54.210.214.118,1,32
54.186.27.250,2,457
176.36.32.209,3,424
221.18.199.115,1,32
188.7.12.81,1,32
220.188.59.90,1,60
109.17.111.24,1,44
103.5.4.178,294,15726
187.73.128.135,1,32
73.235.71.112,1,32
191.190.165.153,1,32
49.201.111.63,1,40
14.20.194.149,1,104
5.203.101.2,1,52
183.224.169.0,1,40
201.45.3.191,1,32
12.48.59.222,1,32
102.196.160.224,1,32
4.126.48.182,1,32
88.11.63.81,2,80
46.78.46.159,1,40
213.167.254.146,1,60
119.156.47.192,1,32
93.78.65.134,1,32
112.26.64.89,1,76
104.13.166.209,1,32
84.80.171.56,1,32
17.147.81.25,1,151
107.3.115.180,1,32
186.153.11.97,1,40
86.189.182.249,1,32
121.146.146.198,5,200
182.128.236.121,1,40
113.112.53.157,1,76
172.87.112.146,1,32
201.85.190.15,1,32
54.134.169.250,1,32
66.253.71.112,1,32
203.3.80.197,2,120
83.107.56.117,1,44
124.34.181.10,1,32
80.73.113.229,1,32
60.57.241.23,1,32
88.55.106.220,1,40
177.138.124.241,1,32
162.11.78.113,1,32
66.45.204.18,1,32
2.141.46.49,1,32
177.160.142.157,1,56
186.222.240.229,1,32
222.91.80.127,1,32
197.146.185.78,1,32
54.40.76.237,1,32
189.24.110.33,1,32
59.162.208.42,1,32
67.79.208.206,1,32
182.52.182.57,1,60
106.102.167.4,1,76
14.8.33.200,1,392
88.18.73.20,1,32
31.179.119.99,1,32
64.130.29.37,1,168
211.49.211.151,1,32
96.55.143.40,1,32
183.193.12.83,1,32
82.176.115.77,1,32
223.32.249.149,1,60
112.225.195.38,1,76
179.214.209.209,1,32
89.188.205.69,1,32
2.101.86.153,1,52
194.32.1.185,1,32
27.220.18.158,1,32
24.116.207.46,1,32
46.246.231.62,1,32
173.249.60.75,1,52
90.77.36.52,1,40
52.239.0.83,1,32
193.81.112.30,1,32
182.51.219.202,1,40
101.59.165.4,1,60
71.230.250.207,1,40
27.48.174.64,1,32
109.188.23.41,1,32
200.188.167.111,1,60
120.211.220.205,2,80
76.241.32.163,1,32
83.142.113.178,1,32
174.201.57.3,1,32
204.139.173.4,1,115
13.161.234.255,1,52
196.180.49.0,6,264
35.87.141.111,1,32
73.31.178.52,1,32
173.248.109.134,1,32
187.221.148.164,1,32
119.118.190.70,1,32
52.90.44.188,1,32
121.162.152.78,1,32
197.142.20.242,1,32
221.91.210.202,6,546
164.165.38.202,1,44
37.106.236.186,1,40
60.249.174.168,1,32
5.207.29.114,1,32
23.46.125.34,2,128
82.178.8.80,1,32
195.99.128.164,1,32
112.196.102.240,1,32
68.74.17.143,2,80
216.225.66.133,1,32
5.64.104.131,2,80
62.73.190.138,1,32
36.246.23.167,1,60
139.173.143.250,1,40
117.42.54.109,1,40
148.208.182.84,1,32
201.239.126.39,1,32
60.247.95.113,1,32
189.187.247.135,1,40
82.12.52.132,1,32
185.28.104.77,1,40
191.104.142.143,1,32
39.53.143.57,1,32
61.169.144.140,1,32
99.167.7.244,1,32
77.148.71.224,1,32
85.14.252.101,1,32
165.116.248.159,3,120
2.25.192.249,1,32
14.166.43.141,1,76
110.210.218.145,1,40
87.184.185.227,1,44
217.160.186.62,1,32
95.58.243.166,1,32
52.163.214.248,2,104
169.61.80.209,1,32
181.165.199.168,1,40
113.8.116.134,1,52
59.43.24.6,1,48
79.202.69.200,1,32
112.250.72.60,1,32
201.170.199.109,1,40
103.103.30.195,1,52
190.191.177.246,1,44
79.23.146.217,1,32
112.38.69.105,1,52
41.219.249.37,1,32
115.246.88.45,1,32
58.160.177.174,1,40
221.105.210.210,1,60
90.164.107.155,1,56
152.63.145.114,1,60
118.190.8.124,1,32
82.87.48.234,1,40
168.35.21.80,1,40
83.74.64.125,1,32
71.230.250.171,1,40
200.28.208.194,1,32
168.14.13.197,1,96
12.37.127.163,1,32
45.126.8.92,1,76
14.237.93.23,1,32
222.79.161.165,1,52
83.20.203.180,1,40
45.72.65.49,1,32
24.132.150.27,1,32
162.6.102.172,1,32
52.100.119.213,2,232
209.120.89.186,1,56
89.3.12.118,1,32
82.240.35.43,1,32
89.209.254.119,1,52
108.11.100.50,1,32
68.250.20.151,1,86
212.62.135.84,1,32
116.54.42.79,2,80
195.196.63.252,1,79
151.78.2.203,1,32
90.164.107.190,1,56
125.35.189.127,1,44
5.163.95.21,1,60
70.19.145.58,1,32
181.3.165.218,1,32
188.203.142.153,1,32
117.17.14.202,1,40
94.120.180.188,1,40
173.74.199.252,1,32
177.70.51.96,1,60
154.20.170.200,1,32
212.64.142.238,1,32
4.32.0.86,1,32
90.164.106.192,1,56
89.192.252.173,1,32
54.227.42.192,1,76
14.59.124.32,1,40
34.194.141.227,2,476
179.117.158.52,1,32
113.69.15.195,1,32
5.236.55.204,1,32
162.52.34.53,1,32
202.228.117.203,10,3441
62.42.209.107,1,32
108.70.174.125,1,32
191.221.56.66,1,40
41.240.77.25,1,32
192.33.42.167,2,706
121.114.10.76,1,64
90.164.107.11,1,56
80.120.27.204,1,32
205.52.253.109,1,32
14.225.217.245,1,52
112.27.205.223,1,32
122.132.152.250,1,60
90.1.177.189,1,32
88.223.91.204,1,32
195.59.118.199,1,84
188.199.169.64,1,44
201.192.56.25,1,40
94.49.129.39,1,32
113.215.204.58,1,32
182.152.207.9,1,40
79.12.156.192,1,32
187.163.77.10,1,32
98.6.184.27,1,32
211.23.237.167,1,32
90.164.107.203,1,56
71.180.208.161,1,32
117.233.183.87,1,32
51.219.209.56,1,32
123.49.50.16,1,52
76.249.238.209,1,32
220.156.22.210,1,32
118.253.25.240,1,32
164.128.200.61,1,60
104.39.244.168,1,32
117.200.188.250,2,80
72.245.161.10,1,32
121.174.51.62,1,32
111.121.161.233,1,60
162.36.219.45,1,32
156.46.111.88,1,40
5.167.1.254,1,32
120.222.17.141,1,32
208.98.225.46,1,92
88.11.63.69,2,80
88.2.234.145,1,40
173.105.143.221,1,32
212.111.228.246,1,32
112.163.76.27,1,32
190.193.87.209,1,32
91.34.78.83,1,44
195.164.188.24,1,32
186.43.254.202,1,56
31.165.154.132,1,32
195.151.123.79,1,44
182.47.142.95,1,32
217.252.242.133,1,32
187.2.176.3,1,32
220.196.67.245,1,48
185.47.90.168,1,32
66.189.31.194,1,58
124.86.170.212,1,40
91.120.249.187,1,32
76.90.130.207,1,32
110.96.168.146,1,32
178.52.66.207,1,32
216.165.71.121,1,32
189.164.167.178,1,32
114.172.114.53,1,32
59.34.78.221,1,52
54.223.195.80,1,32
141.60.55.209,1,32
181.214.140.218,1,32
64.22.165.114,1,52
200.91.110.43,1,32
41.39.3.5,1,40
85.73.112.77,1,32
175.250.111.170,1,32
95.96.134.137,1,32
58.44.175.54,1,32
123.173.77.238,1,32
90.164.107.70,1,56
113.162.229.71,1,52
90.73.136.186,1,32
88.64.140.79,1,32
68.201.17.38,1,32
212.72.188.71,1,32
34.212.141.166,1,32
90.164.107.158,1,56
198.144.224.182,1,48
108.152.127.54,1,32
91.64.253.70,1,32
175.175.108.20,1,48
195.33.252.73,1,32
27.69.232.87,1,60
35.72.47.27,1,32
187.199.120.2,1,40
14.54.30.234,1,32
68.146.186.77,1,32
85.104.216.204,1,60
62.101.76.49,1,56
174.196.208.180,1,32
60.249.16.212,17,1268
70.190.60.246,1,32
107.178.205.44,8,734
84.82.214.47,1,32
1.197.231.111,1,32
64.67.251.150,1,32
177.125.40.225,1,32
125.71.253.251,1,32
111.178.156.229,1,40
109.218.104.117,1,32
142.164.46.165,1,32
79.69.209.28,1,32
24.91.64.112,1,40
149.203.189.101,1,32
24.226.14.148,1,32
119.153.69.80,1,32
91.134.52.41,1,32
170.214.206.73,2,120
101.33.225.220,1,32
67.170.193.211,1,32
187.172.16.10,1,60
31.192.23.81,1,32
5.119.206.98,1,32
71.230.250.28,2,80
220.147.255.28,1,40
121.84.0.51,1,48
52.248.27.254,1,76
209.181.247.90,1,56
175.136.24.48,1,32
52.88.180.183,1,32
54.48.22.150,1,76
123.183.77.194,1,76
58.63.242.38,1,32
78.39.3.167,1,32
66.30.46.196,2,80
177.33.103.242,1,60
222.139.172.21,1,32
141.153.67.119,1,32
118.91.202.85,4,160
200.139.55.53,1,32
79.165.255.190,1,32
13.161.169.121,1,52
191.221.214.145,1,32
207.213.15.41,1,56
101.47.238.133,1,32
54.48.225.188,1,76
139.173.72.83,2,80
171.176.31.124,1,52
166.166.73.211,1,32
80.187.128.157,1,32
203.136.241.34,1,44
203.81.179.7,1,32
115.68.244.60,1,32
113.176.25.131,1,44
85.223.202.202,1,60
112.181.253.91,1,32
79.39.22.60,2,88
201.187.71.212,1,60
80.72.116.169,1,40
27.56.166.5,1,32
159.63.100.151,1,52
111.243.105.128,1,54
79.159.29.19,1,32
115.206.17.224,1,40
101.55.193.168,2,298
75.165.16.13,1,32
188.2.53.60,2,96
99.38.6.105,1,32
66.47.206.203,1,32
122.170.135.17,1,44
165.229.131.95,3,120
78.26.82.66,1,32
125.199.13.226,1,32
220.181.212.246,2,228
129.141.150.60,1,32
88.228.39.216,1,32
190.200.175.246,1,40
173.210.34.128,1,32
85.39.45.178,1,32
118.165.14.129,1,40
191.51.50.195,1,32
212.233.50.0,1,32
179.78.182.106,1,32
59.7.225.187,1,32
104.52.97.46,1,32
71.44.76.40,1,32
42.58.219.164,1,76
115.169.115.237,1,32
201.161.203.241,1,32
154.129.62.2,1,32
211.79.244.190,1,60
12.184.80.130,1,32
171.212.252.193,1,48
98.39.161.77,1,32
76.88.99.156,1,32
106.61.195.221,1,60
177.229.224.186,1,32
172.249.28.67,7,1055
109.202.189.179,1,40
122.32.111.34,1,32
109.210.72.88,1,32
173.170.200.217,1,32
171.168.213.241,1,48
65.167.194.209,1,32
52.254.46.223,1,32
63.213.45.85,1,32
203.136.223.230,1,84
80.72.131.142,1,32
112.153.168.47,1,52
92.233.46.78,1,32
197.44.82.220,1,32
59.36.35.255,1,60
87.97.28.132,1,32
74.194.237.113,1,32
1.81.68.241,1,40
217.65.128.21,1,32
171.193.204.64,1,32
113.22.0.22,1,52
212.51.15.52,1,32
90.112.135.50,1,40
83.141.124.196,1,32
222.156.179.193,1,76
71.230.250.236,1,40
50.233.185.136,1,32
145.148.46.171,1,32
162.248.39.59,1,32
103.99.249.92,1,40
206.57.8.113,1,32
27.233.150.212,1,32
109.201.222.12,1,40
81.167.218.188,1,32
152.20.152.171,1,32
58.157.109.42,1,32
65.190.132.22,1,32
81.241.115.183,1,32
75.104.167.113,1,32
223.34.135.49,1,60
83.23.210.212,1,32
88.132.182.62,1,44
95.16.73.250,1,32
109.144.18.242,3,132
54.181.107.46,1,76
85.87.122.93,1,32
83.71.143.134,1,32
39.7.40.116,1,48
151.180.144.140,1,44
92.82.43.99,1,44
185.94.51.237,1,32
202.177.58.129,1,40
52.245.134.11,1,40
219.106.70.129,2,80
69.150.208.72,1,32
130.182.207.225,1,96
119.28.146.30,1,32
119.70.45.103,1,52
106.44.207.111,1,32
165.252.126.107,1,32
82.14.25.83,1,32
43.206.25.58,1,32
38.129.70.56,1,32
209.101.80.36,1,32
112.236.87.37,1,32
73.0.142.211,1,32
23.201.15.167,1,32
171.149.19.239,1,76
179.82.148.32,1,40
1.78.72.70,1,76
192.186.89.186,1,32
42.57.43.216,1,40
103.106.226.164,1,52
205.58.74.63,1,280
190.84.49.208,1,32
177.202.153.150,1,44
210.114.134.159,1,52
197.240.169.119,1,32
134.107.50.77,1,32
124.41.5.186,1,52
47.121.85.64,2,168
60.136.16.184,1,32
123.117.183.175,3,132
194.179.155.195,1,32
198.243.17.56,1,32
182.133.21.210,6,1087
68.29.14.224,1,32
104.3.144.65,1,32
77.118.179.115,1,32
176.12.140.64,1,32
182.63.90.57,1,40
221.94.56.139,1,40
54.39.99.233,1,124
23.44.103.195,1,32
182.223.150.124,3,120
106.241.37.156,1,52
112.239.234.126,1,76
183.148.48.62,1,32
106.85.213.64,1,60
194.138.71.58,1,40
140.231.185.59,1,48
60.144.65.170,1,32
88.239.204.100,1,32
124.211.30.58,1,32
109.232.213.142,1,44
114.237.66.40,1,60
37.227.197.224,1,32
171.207.96.66,1,32
12.198.237.106,1,32
189.117.245.97,1,44
4.45.249.25,1,60
41.46.90.121,1,40
195.219.120.234,1,40
77.141.227.69,1,32
76.49.250.64,1,32
171.209.54.187,1,60
65.236.48.140,1,32
158.81.9.200,1,40
74.193.187.98,2,104
69.156.193.120,1,32
23.101.51.159,1,32
117.65.214.43,1,52
114.22.153.190,1,32
47.90.130.155,1,32
98.143.206.139,1,32
199.181.168.109,1,60
23.108.32.59,1,32
191.120.197.101,1,60
138.41.79.71,1,32
81.229.169.254,1,32
93.8.50.140,1,32
122.160.114.244,1,32
202.129.62.160,5,280
121.210.177.160,1,32
80.149.178.144,1,32
126.178.183.71,15,7176
50.22.135.63,1,32
1.0.6.161,1,32
169.209.124.48,1,32
106.49.121.12,1,76
197.161.64.142,1,32
110.77.5.126,1,60
175.59.207.217,1,32
191.243.103.129,1,40
60.70.113.232,1,32
83.45.118.253,1,52
89.44.50.162,1,32
78.218.211.92,1,48
172.81.151.207,1,32
45.32.52.1,9,1272
73.99.207.129,1,32
118.241.129.34,1,52
191.175.93.190,1,32
201.193.108.235,1,40
200.33.1.209,1,32
117.65.8.142,1,32
88.55.138.50,1,44
161.176.205.216,1,32
209.130.39.21,1,44
5.203.101.45,1,52
179.38.21.166,1,44
1.61.208.167,1,60
103.206.209.9,1,32
62.43.211.1,1,32
132.216.78.71,6,919
90.66.140.141,1,32
104.243.199.124,2,332
201.107.134.251,1,32
185.55.156.10,1,60
73.20.64.59,1,32
41.167.149.162,1,40
5.66.92.102,1,32
113.6.218.70,1,76
95.29.97.50,1,40
124.167.51.65,1,44
201.13.192.161,1,32
49.206.130.51,1,52
68.211.132.114,1,32
106.63.208.241,1,32
52.252.56.201,8,922
184.173.206.161,1,32
111.73.37.236,1,76
129.196.10.81,6,336
118.3.120.118,1,40
182.100.73.16,1,143
192.69.71.166,1,32
122.239.17.81,1,40
85.243.114.106,1,32
81.169.196.176,1,32
109.231.106.238,1,32
94.177.118.94,1,32
91.239.199.109,1,32
181.160.98.120,1,44
113.23.7.37,1,52
188.166.46.235,1,32
218.128.12.128,1,52
71.35.89.102,1,32
46.169.248.179,1,60
76.196.50.51,1,32
31.208.229.251,1,40
88.11.63.80,2,80
200.83.76.0,1,32
84.9.82.223,1,32
73.53.94.179,1,32
193.222.179.149,1,32
13.218.12.71,19,12862
88.61.11.55,1,40
129.237.83.183,1,32
216.52.199.53,2,80
175.119.100.213,1,58
113.22.157.84,1,76
76.135.140.140,1,32
177.160.206.155,1,32
79.192.118.92,1,32
60.153.33.138,1,32
201.54.124.179,1,32
59.55.8.143,1,52
82.203.240.87,1,32
122.119.224.195,1,40
54.250.154.4,6,577
113.9.143.121,1,32
121.191.242.45,1,32
108.91.78.34,1,77
1.76.19.239,1,76
220.56.67.153,1,32
52.237.167.50,1,32
88.240.108.39,1,60
113.63.26.250,1,52
218.136.181.0,4,160
187.135.180.215,1,44
88.240.118.233,1,32
172.112.191.52,1,32
59.17.71.2,1,32
68.74.189.228,2,80
112.16.55.237,1,32
152.63.191.45,1,32
60.84.137.73,1,76
183.166.156.103,1,48
34.219.77.203,1,32
80.205.46.6,1,32
218.28.16.212,1,32
180.142.241.146,1,32
178.166.120.121,1,32
52.214.72.131,12,7317
46.97.14.109,2,120
145.149.208.138,1,32
182.89.137.199,1,40
113.59.237.185,1,32
148.144.172.40,1,32
188.4.130.78,1,32
188.209.54.188,1,32
221.222.147.105,1,56
186.169.65.252,1,32
95.185.242.4,1,32
1.221.158.53,1,40
213.180.38.171,1,32
104.250.168.204,1,32
200.202.225.102,1,32
188.174.193.159,1,32
27.49.51.26,1,32
113.197.143.98,1,32
2.121.191.210,1,32
105.206.225.108,1,52
90.9.71.78,1,32
217.225.252.210,1,32
1.136.44.66,1,60
169.51.56.91,1,32
216.68.133.227,16,3294
111.87.119.76,1,48
90.43.156.245,1,32
79.97.38.193,1,32
67.79.72.84,1,40
82.11.1.113,1,32
71.230.250.52,2,80
68.237.204.23,1,32
108.64.118.107,1,40
170.16.192.7,1,32
92.74.15.232,1,44
202.199.139.152,1,71
94.27.114.78,1,32
191.162.138.230,1,32
185.83.217.176,1,32
101.125.161.243,1,32
77.142.230.169,1,32
116.19.205.31,1,32
76.141.159.147,1,32
116.246.108.82,1,40
113.215.12.35,1,58
1.40.108.119,1,32
190.119.193.174,1,40
138.42.22.238,1,60
101.175.28.71,1,32
200.3.199.255,1,40
92.46.162.121,1,44
218.190.82.190,1,32
182.243.128.6,2,1286
216.68.133.198,17,3061
52.251.214.75,1,76
71.230.250.248,1,40
71.21.231.138,1,40
126.135.237.187,1,32
218.232.142.149,1,32
187.235.50.219,1,32
192.227.96.253,7,6325
112.135.84.80,1,32
158.250.199.237,1,32
86.147.178.93,1,32
71.230.250.220,1,40
221.40.17.23,1,32
180.100.35.10,1,60
125.253.102.233,1,76
34.192.9.202,1,32
107.1.78.139,1,32
178.91.208.87,1,32
65.175.131.188,1,32
91.170.194.182,1,32
186.205.197.218,1,32
103.29.130.193,1,52
67.20.112.12,1,32
96.205.80.199,1,32
5.64.104.159,1,40
112.239.238.119,1,76
213.103.108.181,1,60
116.18.22.249,1,32
162.98.180.180,1,32
34.243.170.87,1,32
73.148.231.168,1,32
125.35.139.252,1,44
59.100.2.130,41,58176
93.231.202.99,1,32
171.204.184.202,1,76
74.227.211.209,1,32
122.173.220.44,1,44
46.176.103.91,1,32
189.222.54.79,1,32
222.235.239.11,1,32
41.203.196.76,1,52
172.249.28.69,6,3535
140.209.216.28,1,28
191.253.23.226,1,44
121.162.220.103,1,52
23.102.210.219,1,32
73.182.195.24,1,32
23.36.176.63,1,32
78.115.221.9,1,40
106.103.140.54,1,52
31.163.159.162,1,40
71.11.202.213,1,32
134.214.194.172,1,40
202.46.29.70,1,384
82.81.54.231,1,32
175.112.158.97,1,32
80.232.164.37,1,32
116.158.102.67,1,32
160.119.111.57,1,32
72.176.35.128,1,32
88.66.205.29,1,44
38.149.141.61,1,32
126.102.92.236,1,52
186.127.253.156,1,32
209.219.192.145,1,32
87.54.123.17,1,40
113.30.67.32,1,60
72.90.23.235,1,32
58.145.89.143,1,32
211.236.126.189,1,40
186.178.136.71,1,32
188.137.255.230,1,40
76.228.111.45,1,32
42.53.155.6,1,48
115.81.176.116,1,32
174.228.237.68,1,32
197.110.115.145,1,32
147.128.15.91,1,60
54.215.145.141,8,1316
88.145.113.109,1,32
212.181.130.129,1,32
45.32.57.141,1,32
220.62.247.165,1,32
54.168.57.56,1,32
118.53.247.122,1,40
112.244.112.182,1,32
124.13.95.180,1,52
84.124.25.49,1,32
202.100.191.215,1,40
88.11.63.73,3,120
73.195.17.129,1,32
37.17.223.129,1,40
184.188.192.94,1,32
139.173.155.216,1,40
178.208.176.204,1,32
13.204.0.186,12,648
79.68.51.42,1,32
222.141.20.167,1,48
114.28.147.252,1,32
50.56.39.210,1,32
188.143.231.116,1,32
122.180.121.134,1,40
92.78.156.123,1,60
1.76.146.71,1,32
123.107.207.130,1,60
59.15.239.130,1,32
142.187.196.49,1,60
216.68.133.188,8,4224
39.54.112.77,1,32
157.201.189.31,1,60
111.199.41.15,1,52
119.157.100.159,1,60
79.103.223.49,1,52
139.173.140.86,1,40
171.212.230.92,1,60
203.60.236.188,1,32
36.173.39.191,1,60
125.231.237.50,1,32
166.48.210.16,1,32
45.125.123.150,1,40
49.243.126.129,1,32
178.187.34.69,1,32
92.194.219.194,1,40
89.25.195.51,1,32
217.140.110.167,1,32
182.128.63.117,1,32
23.219.213.41,1,40
122.227.44.175,1,32
96.58.129.18,1,32
185.156.219.56,1,60
123.62.35.61,7,1240
200.97.206.204,1,32
58.196.226.190,1,40
58.156.80.112,1,32
122.60.198.132,1,44
83.73.190.158,1,32
66.208.173.130,1,32
193.40.85.168,1,32
211.73.154.129,1,60
175.249.178.135,1,32
54.187.185.123,1,228
42.49.223.141,1,60
12.199.239.129,1,32
218.182.71.72,1,32
104.12.69.198,8,1099
13.161.234.108,4,237
160.12.118.213,1,32
131.148.54.1,2,80
88.66.206.223,1,32
221.88.97.164,1,32
85.174.41.247,1,32
83.181.131.249,1,32
201.164.241.216,1,32
136.66.18.127,1,32
93.238.76.167,1,32
94.43.99.92,1,32
157.134.76.86,1,40
117.79.71.58,1,32
73.64.18.172,1,32
49.211.92.171,1,52
221.229.127.77,1,32
61.135.174.49,1,32
207.100.175.247,1,32
177.122.13.142,1,44
122.61.150.47,1,44
111.70.237.171,1,32
39.46.165.246,1,96
223.106.43.103,1,52
79.254.120.201,1,56
188.98.41.125,1,32
74.79.199.255,1,32
67.249.191.76,1,32
176.210.76.143,1,32
77.97.43.163,1,40
211.161.247.192,1,32
37.199.96.225,2,258
64.185.162.217,1,32
187.230.166.33,1,32
38.243.236.198,1,32
47.185.79.252,1,32
113.180.58.111,1,44
5.140.230.246,1,40
119.29.111.107,1,32
36.23.240.118,1,32
84.60.9.183,1,40
178.47.80.104,1,44
124.236.180.213,1,76
5.250.154.205,1,52
124.162.121.121,1,76
121.173.210.110,1,32
119.77.242.105,1,32
60.152.97.3,1,64
182.100.243.162,1,48
217.220.190.96,1,32
90.0.211.212,1,32
82.132.151.199,1,52
81.131.114.33,1,32
47.26.18.110,1,32
179.94.55.63,1,32
186.38.182.86,1,32
76.215.67.69,1,32
77.6.204.37,1,32
183.255.94.140,1,60
82.213.100.146,1,32
183.136.162.246,1,40
133.172.196.238,1,76
140.144.214.121,4,160
113.116.109.33,1,32
64.65.244.70,1,40
222.251.18.6,1,32
176.24.68.174,1,32
66.102.120.199,1,32
42.237.137.190,1,48
176.197.66.191,1,32
88.97.205.189,1,32
182.208.176.99,1,32
77.7.75.33,1,60
78.64.215.188,1,32
185.179.6.134,1,32
54.214.41.41,1,168
111.218.114.57,1,64
120.192.105.150,5,729
76.240.31.106,1,32
1.5.89.28,1,32
174.199.78.57,1,32
190.24.141.249,1,32
108.141.97.90,1,32
112.128.232.67,1,32
27.164.106.135,1,52
60.67.22.110,1,48
197.128.143.64,1,32
192.33.108.180,14,6455
77.25.140.190,1,32
220.167.207.54,1,48
80.185.37.229,1,32
86.176.66.140,1,32
200.233.251.131,1,40
124.62.139.35,1,48
200.20.56.212,1,32
220.187.39.124,1,32
49.223.225.83,1,52
178.44.125.157,1,32
52.233.150.131,1,32
188.40.175.5,1,32
71.63.128.255,1,32
189.19.191.224,1,32
95.197.124.143,1,32
99.19.4.67,1,32
189.89.24.138,1,52
61.18.207.171,1,84
186.145.250.233,1,32
201.69.55.225,1,32
71.46.205.249,1,32
59.16.144.235,1,32
222.100.147.141,1,32
1.221.227.57,2,96
113.163.105.131,1,32
37.106.120.163,1,32
115.65.254.5,1,44
78.229.207.20,1,32
112.199.239.19,1,32
222.137.240.190,1,52
189.100.30.166,1,32
93.9.207.50,1,32
213.226.135.80,1,32
105.152.57.245,1,32
196.241.205.70,1,32
123.156.146.116,1,32
79.222.55.126,1,32
151.203.125.40,1,32
122.224.27.55,1,52
83.196.8.114,1,40
71.140.17.201,1,32
35.124.179.250,2,127
23.252.223.228,1,32
219.41.214.142,1,32
118.14.65.160,1,32
66.218.236.26,1,60
64.162.243.55,1,32
84.129.174.137,1,32
85.119.177.49,1,32
119.82.7.243,1,60
46.55.143.125,1,32
202.114.132.71,1,52
179.163.214.241,1,40
79.60.182.100,1,32
172.103.189.171,2,80
121.240.146.223,1,32
80.113.149.18,1,32
14.186.239.115,1,32
1.15.81.34,1,32
179.89.162.224,1,32
110.55.129.14,1,76
71.230.250.179,1,40
95.221.206.211,1,44
186.213.170.178,1,32
179.119.143.40,1,32
123.195.127.73,2,80
34.197.245.238,6,2550
119.146.108.153,1,60
83.108.125.35,1,48
47.140.152.38,1,32
89.96.78.46,1,32
183.176.232.124,1,52
46.163.86.26,1,48
119.133.76.195,1,132
212.176.39.196,1,60
36.28.31.151,1,52
54.166.72.105,1,32
120.159.172.205,1,32
118.222.213.133,1,40
99.216.128.158,1,32
45.217.127.124,1,44
45.24.18.137,1,32
160.95.2.184,1,84
94.21.95.130,1,32
200.72.59.44,1,32
106.94.123.173,1,40
213.178.178.86,1,32
109.127.55.141,1,32
52.121.252.209,1,84
190.20.149.64,1,32
37.73.208.4,1,32
98.25.225.22,1,32
36.19.121.144,1,60
139.253.27.13,1,40
13.161.236.138,3,197
123.234.69.57,1,40
61.9.16.5,1,32
82.153.135.119,1,32
88.58.54.139,1,32
104.7.137.129,9,631
62.228.150.105,1,44
41.37.92.86,1,40
54.187.178.146,1,425
67.22.109.146,1,32
67.253.13.194,1,60
85.51.245.235,1,32
83.196.119.187,1,40
99.49.45.172,1,32
112.133.73.230,1,32
179.213.185.73,1,40
95.223.87.241,1,32
180.185.110.185,1,32
71.230.250.134,1,40
206.190.202.178,2,80
93.64.248.109,1,32
177.125.36.155,1,44
58.197.244.135,1,32
75.98.135.78,1,32
52.85.200.107,1,425
171.166.165.76,1,40
160.166.130.126,1,32
82.29.160.255,1,32
171.170.254.66,1,58
171.170.24.149,1,52
5.27.123.232,1,40
98.47.110.1,1,32
210.230.191.190,1,32
172.249.29.74,7,4883
216.218.30.120,1,32
176.76.194.206,1,32
89.186.121.8,1,32
172.249.30.61,32,7398
97.4.88.254,1,32
194.147.35.221,1,44
87.30.82.147,1,32
203.205.250.60,1,32
84.8.207.47,1,32
104.7.146.178,17,2017
114.171.175.66,1,40
75.124.13.89,1,32
203.136.253.150,1,44
27.119.126.74,1,48
188.233.174.169,1,32
223.97.160.108,1,60
69.113.19.85,1,32
129.5.41.158,1,40
27.18.237.239,1,32
71.230.250.76,1,40
123.254.41.169,1,44
5.233.120.83,1,52
169.253.8.161,1,40
195.232.208.93,1,32
191.114.163.141,1,40
174.238.159.148,1,32
187.162.209.26,1,60
59.51.108.87,1,52
37.220.138.29,1,32
192.33.47.55,1,52
27.243.50.205,1,60
117.120.106.88,1,132
183.150.177.17,1,32
64.48.79.3,1,32
111.252.245.247,1,58
150.30.24.195,1,32
119.178.142.55,1,32
86.157.121.28,1,32
185.161.79.203,1,32
222.240.87.248,1,32
118.207.78.28,1,32
162.61.229.14,1,32
91.149.251.107,1,32
218.14.69.149,1,60
172.249.28.70,27,13256
134.214.83.31,3,120
23.85.12.6,3,249
46.42.87.220,1,40
208.112.127.69,2,349
188.24.167.196,1,40
13.206.2.43,1,76
196.175.67.72,1,32
123.136.108.61,1,128
61.196.49.164,1,32
106.103.228.28,1,48
157.213.135.37,1,52
77.23.14.82,1,56
37.17.205.164,1,40
190.0.173.118,1,40
192.196.166.86,1,32
123.254.62.252,1,44
91.8.193.84,1,32
175.57.207.226,1,32
23.83.251.94,18,11570
46.173.33.172,1,132
116.151.175.39,1,32
211.36.88.119,1,40
80.117.146.85,1,32
218.128.12.186,2,104
203.79.161.15,1,32
119.161.17.76,1,32
200.165.57.13,1,32
101.118.80.143,1,32
93.254.167.97,1,32
84.179.143.219,1,32
118.204.118.45,1,60
188.86.78.19,1,32
67.111.127.80,1,32
61.202.16.236,1,40
178.223.104.145,1,40
89.86.35.115,1,32
80.148.108.127,1,32
186.30.70.125,1,32
217.12.192.134,1,32
64.247.128.254,2,197
5.237.112.129,1,32
42.48.104.190,1,40
52.252.72.237,1,32
31.208.102.120,1,40
139.173.147.5,1,40
217.178.79.17,1,52
81.224.103.122,1,96
187.216.191.201,1,32
188.200.210.220,1,52
89.196.211.87,1,60
113.211.8.148,1,48
70.178.221.182,1,120
78.133.114.221,1,32
183.169.33.14,1,60
173.189.150.20,1,32
80.75.62.232,1,32
94.71.115.100,1,40
173.183.170.188,1,32
223.139.179.102,1,32
123.0.110.18,1,32
91.2.179.219,1,32
69.15.110.210,1,32
61.105.236.202,1,32
177.200.61.220,1,32
113.114.199.245,1,60
112.165.150.22,1,32
162.42.67.75,1,60
113.117.244.46,1,76
75.101.148.135,1,32
52.232.231.50,1,116
49.203.73.78,1,32
190.85.48.49,1,32
78.64.42.25,1,44
114.96.130.209,1,32
90.44.116.239,1,32
104.124.16.197,1,32
189.169.48.7,1,32
12.208.65.86,1,32
91.189.191.210,1,32
172.93.90.147,1,32
58.62.0.135,1,32
60.59.242.99,1,32
151.229.175.153,1,32
84.22.141.250,1,32
210.6.65.50,1,32
27.66.41.224,1,48
82.72.105.101,1,32
72.149.24.19,1,32
177.155.182.143,1,32
92.120.80.228,1,32
88.155.135.132,1,32
54.95.107.103,9,468
91.134.187.129,1,32
71.230.250.222,2,80
27.241.122.34,1,40
217.124.189.125,1,40
191.74.76.186,1,60
80.8.105.42,1,40
85.136.174.46,1,32
72.95.203.222,1,32
187.244.147.235,1,40
217.67.194.85,1,32
112.39.43.234,1,32
94.26.115.9,1,32
23.64.129.24,1,95
47.82.213.202,1,40
188.175.214.69,2,80
62.231.1.48,1,32
208.184.44.28,1,32
201.255.17.173,1,32
188.144.68.75,1,40
93.92.234.202,1,44
162.38.103.214,1,32
69.14.144.39,1,32
75.74.195.25,1,32
124.40.18.173,1,76
69.241.235.245,1,32
76.147.1.37,1,32
46.24.77.96,1,32
185.129.198.152,1,40
166.167.103.67,1,32
110.210.240.205,1,52
63.147.252.4,1,32
218.31.239.77,1,32
190.33.47.255,1,40
189.27.77.107,1,32
59.41.90.27,1,52
31.113.147.102,1,60
23.64.129.159,1,107
94.234.59.168,1,32
103.51.248.134,1,32
69.3.24.38,1,32
188.176.219.4,1,32
156.59.189.249,1,40
88.11.63.90,1,40
87.237.146.251,1,32
185.62.237.230,2,170
77.7.192.191,1,73
66.177.18.78,1,32
66.36.101.91,1,32
37.55.145.14,1,32
216.32.115.43,1,32
5.140.244.159,1,40
47.201.39.161,1,32
95.239.4.217,1,32
118.79.86.196,1,40
24.122.249.127,1,32
205.58.78.3,1,272
125.253.177.85,1,52
177.242.179.177,1,32
23.82.18.170,1,32
84.110.114.188,1,32
201.44.157.42,1,60
108.186.76.226,1,32
212.97.206.218,1,32
52.24.20.128,1,32
52.231.175.235,1,40
217.156.130.143,1,32
113.214.189.204,1,52
79.100.27.247,1,32
43.201.94.70,1,60
54.228.254.199,2,409
43.201.94.21,1,60
186.61.27.110,1,32
110.53.233.79,1,76
166.143.204.243,1,32
210.152.188.75,1,160
52.102.41.174,1,52
137.197.104.124,1,52
50.155.172.32,1,40
180.85.86.95,1,32
84.73.168.73,1,32
139.241.123.76,1,60
211.172.80.197,1,32
182.89.137.220,10,4644
156.33.134.48,1,40
108.190.192.57,1,76
24.65.230.101,1,32
175.117.205.232,1,48
182.128.20.188,2,158
54.56.137.172,1,32
177.174.5.233,1,40
81.71.194.3,1,32
96.84.19.73,1,32
75.226.184.116,1,52
1.81.130.119,2,180
191.193.91.210,1,32
177.193.203.84,1,60
212.40.123.118,1,32
172.249.162.132,16,4587
128.26.206.95,1,32
172.249.30.184,13,5224
103.234.59.177,1,48
177.116.158.242,1,32
219.94.198.139,1,32
68.177.109.35,1,32
103.105.135.113,1,40
185.162.52.64,1,40
109.31.119.59,2,80
182.54.240.234,1,76
58.187.52.42,1,28
177.176.125.234,1,32
87.206.217.233,1,32
221.14.222.123,1,76
8.210.145.248,1,32
76.248.16.167,1,32
104.54.229.247,2,64
108.78.152.68,1,32
195.5.122.185,1,60
121.195.33.186,1,32
81.16.18.191,1,32
182.205.15.15,28,12831
2.38.33.167,1,32
71.230.251.253,2,80
14.31.249.141,1,76
171.55.160.239,1,32
68.217.62.207,1,32
60.31.162.198,1,52
122.169.53.154,1,32
46.214.94.138,1,52
117.124.168.198,1,52
113.41.102.105,1,132
211.236.108.201,1,32
152.53.128.231,1,32
217.31.189.8,1,32
171.53.44.94,1,52
41.35.91.65,1,40
116.209.240.213,1,44
104.111.142.157,6,4891
93.37.161.97,1,32
87.4.172.103,1,32
50.137.114.210,1,32
79.5.174.34,1,32
151.28.197.10,1,32
91.185.150.88,1,32
121.241.111.119,1,32
177.215.254.209,1,32
59.13.18.221,1,32
81.183.143.150,1,32
49.217.144.117,1,32
113.161.147.104,1,44
85.98.252.33,1,32
183.97.53.239,1,40
62.91.62.46,1,32
202.143.125.160,1,40
125.65.187.10,1,32
180.163.97.216,1,76
50.6.7.2,1,32
88.11.63.92,1,40
189.165.95.183,1,32
103.50.148.190,1,56
106.98.49.161,1,32
91.206.240.29,1,32
218.128.76.91,1,32
23.83.16.248,1,32
86.100.203.215,1,32
50.193.146.92,1,32
79.229.51.75,1,32
5.152.253.88,1,40
87.50.80.118,2,112
27.50.18.40,1,32
14.177.40.53,1,52
47.89.1.112,1,32
179.156.154.1,1,40
190.173.202.213,1,32
70.126.224.135,1,32
31.135.89.203,1,32
64.197.96.188,1,32
160.84.210.178,1,32
54.48.155.143,3,526
115.251.83.3,1,32
217.242.232.151,1,32
96.78.110.235,2,80
117.242.120.106,1,52
113.117.144.37,1,32
101.52.178.149,1,60
65.146.177.167,1,32
78.65.54.237,1,32
68.221.218.62,1,32
5.64.104.155,2,80
59.120.181.210,1,40
217.94.195.198,1,32
126.178.48.140,1,32
207.62.244.24,1,56
213.19.95.56,1,32
5.37.73.177,1,32
92.59.205.49,1,32
71.230.250.98,1,40
196.214.78.84,1,32
123.107.207.185,1,60
174.130.107.251,1,32
186.213.253.117,1,32
194.106.76.7,1,32
114.57.10.117,1,48
72.197.233.79,1,32
191.74.65.29,1,32
114.57.149.74,1,58
47.90.33.49,1,32
108.134.82.4,1,32
71.230.250.187,1,40
112.49.63.76,1,52
174.229.19.76,1,32
185.227.139.125,1,40
54.48.4.231,1,76
117.92.12.1,1,60
190.196.13.67,1,32
179.134.246.249,1,32
105.36.241.103,1,32
59.126.114.17,1,32
1.14.236.247,1,32
144.139.32.86,1,32
189.196.129.248,1,32
184.67.140.76,1,32
130.53.254.6,1,52
111.207.120.204,1,40
99.54.232.31,1,32
79.133.82.151,1,32
94.214.92.175,1,32
194.247.127.40,1,32
162.12.51.215,2,80
190.118.231.66,1,32
1.249.99.77,1,32
162.111.236.255,1,32
112.251.70.241,1,40
27.55.104.190,1,32
80.158.28.246,1,44
196.51.117.65,3,120
77.135.110.80,1,32
61.95.75.251,2,120
201.73.196.148,1,32
62.170.175.193,1,32
103.28.75.142,1,60
219.226.189.106,1,32
49.144.61.45,1,60
93.46.248.124,1,32
1.34.56.66,1,32
187.127.237.156,1,32
40.130.176.129,1,32
192.240.69.121,4,223
31.194.85.45,1,32
54.187.42.73,1,32
139.195.83.60,1,32
152.58.215.120,1,32
156.33.111.202,1,40
173.78.171.233,1,40
201.140.48.131,1,52
14.71.14.59,1,52
103.106.227.148,1,40
151.161.131.72,1,32
95.46.149.111,1,32
5.219.129.112,1,40
177.202.108.59,1,44
34.239.188.235,1,52
105.176.26.78,1,32
31.166.97.231,1,32
172.249.30.60,46,56422
195.81.47.113,1,32
115.155.207.235,4,216
35.64.49.138,36,26086
88.11.63.78,1,40
134.160.176.105,1,40
93.231.189.182,1,32
128.45.130.156,1,32
173.186.46.69,1,32
188.75.116.137,1,32
187.161.241.50,1,32
221.17.21.14,1,52
175.167.204.235,1,32
113.160.20.253,1,52
84.73.188.236,1,32
89.61.36.164,1,40
156.33.94.191,1,40
61.120.110.240,1,32
18.178.22.89,1,76
97.22.16.50,1,32
17.199.46.191,14,11353
87.156.129.153,1,32
92.22.18.129,1,32
203.136.241.10,1,44
79.21.254.224,1,32
185.223.181.171,2,80
111.170.3.185,1,32
24.42.6.185,1,32
24.108.53.138,1,40
190.29.119.93,1,40
110.201.102.162,1,60
85.125.191.18,1,32
98.238.81.235,1,32
222.103.17.54,1,32
218.229.201.55,1,76
34.244.236.109,1,32
76.219.84.65,1,60
104.117.231.248,1,32
201.131.82.118,1,32
52.72.179.38,1,32
122.131.83.214,1,32
41.242.128.137,1,32
212.128.161.2,1,32
74.97.241.82,1,32
172.249.29.70,2,80
73.52.88.16,1,32
95.204.58.100,1,32
23.0.255.19,1,60
121.137.211.136,1,32
121.71.192.28,1,48
123.144.225.191,1,32
91.45.47.168,1,60
90.74.77.131,1,32
36.23.123.43,1,32
183.68.54.128,1,32
181.129.231.61,1,32
88.11.63.70,1,40
117.92.29.230,1,32
23.100.38.160,3,187
182.178.3.193,1,32
13.161.169.82,1,52
157.42.102.102,1,32
60.206.166.61,1,32
63.235.109.143,1,32
113.125.153.160,1,48
91.172.121.243,1,32
216.12.129.133,1,32
75.143.231.139,1,32
211.80.111.184,1,32
172.102.192.88,2,80
42.83.111.152,1,60
173.221.210.102,311,448179
119.27.23.158,1,32
104.187.22.197,1,32
186.40.199.91,1,32
78.196.238.89,1,32
180.92.248.94,1,40
217.131.185.127,1,32
194.196.60.53,1,32
98.27.4.228,1,32
180.81.206.44,1,60
102.87.69.243,1,32
63.133.236.242,1,32
13.218.57.203,1,88
49.144.61.119,1,60
41.67.82.205,1,32
50.201.89.205,1,32
196.209.5.234,1,32
67.228.4.254,1,32
81.27.224.41,1,32
50.152.113.182,1,40
12.50.103.94,1,32
123.161.157.55,2,100
177.211.57.23,1,32
212.109.102.134,1,32
184.10.48.129,1,32
183.109.14.207,1,32
201.99.78.241,1,32
122.107.138.114,2,180
27.244.42.112,1,60
112.153.145.99,1,32
178.186.36.82,1,32
124.68.97.210,1,32
217.2.208.130,1,32
80.58.142.121,1,32
117.67.238.159,1,32
218.175.16.241,1,32
177.132.129.88,1,32
51.61.206.229,1,60
5.64.104.147,1,40
61.207.209.255,1,32
74.193.198.195,1,72
196.91.131.239,1,32
106.96.90.9,1,40
98.46.147.52,1,32
70.78.61.98,1,32
200.70.170.148,1,32
62.107.175.229,1,32
125.45.81.42,1,48
123.189.62.49,1,52
202.183.183.91,1,76
107.194.43.46,1,60
207.51.213.85,1,32
95.247.115.125,1,52
88.105.83.56,1,40
41.163.106.23,1,40
185.65.240.54,1,32
41.161.162.207,1,40
98.152.191.126,1,32
106.83.196.1,1,132
177.29.233.152,1,32
160.165.208.170,1,32
62.98.71.209,1,32
49.93.214.142,1,32
113.10.34.35,1,32
178.33.105.235,1,32
89.47.51.19,1,32
78.140.85.17,1,32
105.139.39.122,1,32
138.253.15.73,1,44
74.161.32.240,1,32
91.169.217.67,1,32
177.228.217.116,1,32
186.18.111.69,1,32
103.72.27.25,1,40
95.103.184.50,1,32
122.117.195.15,1,32
213.121.236.167,1,32
80.123.121.248,1,32
190.229.88.11,1,32
128.125.143.41,1,32
23.64.129.145,24,34873
172.249.30.59,10,3824
101.18.3.179,1,32
203.190.19.198,1,32
46.26.194.52,1,60
220.58.206.84,1,32
112.204.200.232,1,32
201.224.203.178,1,44
47.148.94.115,1,32
210.35.193.98,1,32
59.127.178.163,1,32
123.1.147.128,1,32
192.175.11.199,1,32
194.230.33.173,1,32
117.123.22.249,1,32
98.28.115.172,1,32
24.233.198.211,1,32
116.55.141.121,1,52
220.54.73.89,1,32
88.221.24.247,1,32
84.252.201.178,1,32
221.1.106.112,1,48
42.83.97.150,2,80
179.37.26.5,1,32
125.45.230.65,1,32
219.63.103.254,1,32
187.139.115.139,1,32
185.220.177.85,1,32
217.120.228.119,1,52
180.37.215.84,1,32
103.52.172.133,1,32
78.24.173.130,1,32
49.196.4.0,1,76
87.75.100.175,1,32
113.221.30.69,1,76
12.71.111.16,1,32
88.200.83.21,1,32
94.138.13.155,1,32
72.214.5.153,1,32
217.141.144.67,1,32
71.141.236.251,1,32
73.115.194.117,1,32
69.209.39.46,1,32
49.200.210.198,1,32
12.57.18.225,1,32
221.42.255.91,1,32
52.249.119.162,17,10595
128.221.129.181,1,32
203.22.76.62,1,52
120.157.175.119,1,32
109.138.220.154,1,32
5.138.108.158,1,52
63.144.110.202,1,32
170.195.144.222,1,32
23.241.78.17,1,32
114.53.67.80,1,32
52.240.160.143,1,32
222.141.34.53,1,60
86.130.118.45,1,32
14.236.48.216,1,32
96.89.90.9,1,32
151.250.40.93,1,44
181.1.160.246,1,32
79.15.159.178,1,32
32.214.85.91,1,32
187.28.109.14,1,32
39.20.149.94,1,58
50.191.46.142,1,32
75.101.0.181,1,32
205.70.144.131,1,32
54.40.122.66,2,1784
187.209.77.121,1,32
61.133.215.209,1,60
54.208.190.14,4,5308
85.118.79.24,1,32
202.65.19.45,1,32
107.131.17.119,1,32
104.248.6.17,1,40
182.128.20.186,1,75
171.224.102.75,1,52
190.201.94.13,1,32
188.87.12.132,1,32
206.74.39.43,1,32
46.229.254.104,1,32
63.147.131.186,1,32
27.24.230.202,1,32
85.12.241.3,1,32
70.117.236.83,1,32
1.1.193.6,1,40
201.243.25.78,1,32
176.27.175.142,1,56
54.249.235.254,1,76
66.243.33.220,1,32
99.209.128.245,1,32
80.26.159.156,1,32
59.124.42.240,1,40
209.174.111.157,1,32
52.85.184.105,1,32
72.231.99.114,1,32
111.169.215.147,1,40
188.243.142.55,1,32
117.193.165.187,1,40
14.153.55.59,1,44
84.11.82.40,1,32
218.234.124.174,1,52
153.28.7.187,1,40
82.56.179.170,1,32
124.78.98.153,1,32
175.54.150.34,4,172
124.238.170.143,1,76
75.158.26.161,1,32
74.193.112.135,1578,2168057
115.65.255.142,1,44
190.3.199.227,1,32
59.36.145.11,1,52
49.195.232.103,1,76
58.190.112.209,1,32
134.62.135.115,1,32
85.211.214.22,1,32
77.143.31.175,1,32
116.161.34.123,1,32
221.3.161.37,1,32
94.180.91.155,1,40
189.105.16.75,1,32
211.63.155.133,1,32
62.199.205.23,1,40
68.33.174.76,1,32
58.208.8.59,3,228
196.180.49.67,2,90
185.232.234.59,1,52
74.43.53.201,1,32
116.248.52.119,1,32
95.214.185.255,1,32
117.239.18.172,1,32
37.106.148.143,1,40
139.173.169.221,1,40
108.197.238.215,1,32
50.155.237.49,1,32
54.245.134.155,1,32
139.98.44.165,1,32
5.189.44.109,1,125
189.161.146.173,1,40
192.125.8.124,1,32
196.49.201.61,1,32
62.72.127.75,1,32
37.54.76.110,1,32
140.186.19.106,1,32
180.81.158.170,1,32
105.136.53.42,1,32
50.57.230.62,1,32
159.52.41.98,1,40
126.24.126.56,1,32
93.174.35.89,1,32
72.92.175.209,1,56
54.215.83.145,1,32
73.158.177.237,1,32
92.46.231.21,1,44
172.70.82.59,1,32
218.227.254.222,1,32
79.143.95.134,1,32
89.25.0.236,1,60
104.141.75.34,1,56
37.214.222.83,1,40
113.19.120.162,1,40
98.79.13.51,1,32
167.149.254.185,1,32
147.104.107.203,1,40
192.30.96.73,1,75
101.63.39.249,1,52
179.207.92.115,1,60
67.183.82.246,1,32
178.234.145.54,1,32
36.218.223.96,1,60
5.73.210.25,1,52
24.18.81.228,1,32
87.170.251.37,1,32
179.69.11.234,1,32
179.88.190.237,1,32
173.102.144.242,1,32
54.140.130.219,1,32
68.18.112.133,1,32
98.239.147.17,1,32
216.41.135.89,1,32
106.102.112.9,1,76
80.150.77.166,1,32
111.180.226.166,1,32
186.193.240.71,1,32
72.210.34.97,1,32
94.133.31.88,1,32
68.216.179.249,1,32
31.84.18.178,1,32
112.253.197.246,1,32
139.245.53.151,1,76
66.70.97.6,1,32
104.140.29.53,1,40
185.96.173.37,4,184
71.195.158.30,1,32
62.76.11.222,1,60
175.175.124.40,1,60
32.82.54.45,1,32
47.134.109.6,1,32
36.173.33.3,1,76
112.246.60.0,1,32
76.155.112.52,1,32
219.125.18.57,1,47
216.198.58.255,1,32
77.56.18.179,1,32
181.137.239.203,1,32
54.249.233.44,1,76
61.132.145.248,1,32
85.97.8.60,1,32
171.63.140.252,1,60
113.31.83.42,1,60
221.151.77.104,1,32
219.173.172.215,1,32
68.176.108.145,1,32
168.31.74.13,1,44
5.143.176.228,1,32
190.235.143.64,1,32
87.93.59.40,1,32
79.248.72.30,1,56
129.196.8.118,6,576
218.129.35.17,1,32
52.75.61.234,1,32
109.49.231.247,1,32
36.21.255.178,1,32
195.147.108.66,1,32
59.163.237.241,1,60
52.251.242.250,1,76
82.25.231.127,1,32
46.17.197.109,1,32
151.230.78.70,1,32
94.24.79.236,1,32
208.84.146.7,1,32
93.40.18.210,1,32
122.224.67.59,1,76
35.24.40.124,2,80
129.146.32.205,1,32
178.230.96.164,1,32
196.35.222.144,1,32
14.8.34.124,1,32
177.117.231.128,1,32
173.198.147.3,1,32
101.58.45.79,1,32
125.119.198.113,1,32
118.248.55.52,1,76
68.72.79.65,1,60
24.77.70.51,1,32
119.85.68.232,1,40
121.170.102.26,1,60
77.243.32.22,1,48
222.73.233.192,1,52
89.254.81.209,1,32
194.157.131.205,1,32
108.206.236.29,1,32
78.50.225.100,1,32
213.170.180.100,1,40
111.192.116.133,1,48
212.144.104.145,1,40
197.46.110.193,1,40
64.136.16.35,1,32
82.17.17.106,1,32
180.161.29.152,1,40
60.132.119.2,1,32
218.159.88.91,1,40
185.105.11.137,1,60
200.226.50.104,1,32
93.80.166.155,1,32
212.187.79.25,1,60
174.173.222.74,1,32
183.142.136.251,1,32
82.99.102.40,1,40
96.109.61.56,1,32
68.65.88.220,1,32
119.98.47.9,1,32
5.146.20.192,1,32
139.173.152.137,1,40
52.99.95.89,1,32
194.55.238.131,1,32
72.6.194.133,1,32
73.240.77.44,1,32
213.76.214.145,1,56
180.186.172.66,1,32
114.158.22.88,1,76
212.88.11.56,1,32
92.236.23.210,1,32
64.34.152.149,1,32
113.56.101.73,1,132
5.232.5.132,1,60
118.186.149.3,1,32
87.236.140.221,1,32
211.87.73.150,1,52
71.76.145.94,1,32
177.163.80.14,1,32
108.135.147.218,1,32
86.144.110.111,1,32
195.178.34.105,1,60
45.234.130.174,1,32
39.78.231.161,1,40
125.147.186.189,1,64
125.207.205.79,1,32
113.119.109.189,1,32
115.88.125.193,1,56
191.214.30.169,1,40
91.211.51.239,1,40
112.0.153.69,1,84
87.37.17.102,1,32
85.1.115.138,1,32
67.54.108.28,1,32
82.151.145.80,1,32
52.255.176.163,1,76
171.211.175.122,1,58
114.167.225.97,1,32
118.197.37.83,1,32
80.110.74.102,1,32
78.58.238.200,1,32
173.84.124.157,1,32
125.45.26.46,6,240
182.63.80.219,1,40
42.227.65.252,2,100
88.96.207.208,1,32
119.225.110.151,4,237
79.119.224.141,1,32
167.148.177.219,1,40
67.182.172.119,1,32
2.77.6.117,1,52
192.33.42.231,19,18884
191.198.65.88,1,32
115.88.26.29,1,60
92.194.234.114,1,40
218.238.24.34,1,52
94.20.172.251,1,44
173.246.155.221,3,853
61.102.180.186,1,60
221.100.126.165,1,32
185.159.18.17,1,32
122.1.174.49,1,32
211.32.219.123,1,32
178.48.136.140,1,32
35.82.28.49,1,32
181.98.198.86,1,32
134.107.59.52,3,176
94.217.1.106,1,32
186.102.36.153,1,32
190.132.237.43,1,32
114.20.133.108,1,32
122.133.38.116,2,80
110.201.157.51,1,48
72.255.16.53,1,32
96.87.238.70,1,32
125.68.193.1,1,32
103.2.94.106,1,52
23.81.18.142,1,32
123.131.221.40,1,32
197.205.50.46,1,32
200.45.86.208,1,32
89.27.5.55,2,88
171.214.222.75,1,48
181.66.203.22,1,40
79.4.175.253,1,32
50.51.174.53,1,32
80.78.129.247,1,32
86.126.107.199,1,32
190.175.104.5,1,32
88.11.63.72,1,40
223.122.147.109,1,40
79.206.112.30,1,32
5.234.182.75,1,40
17.199.26.160,2,104
211.147.32.89,1,32
99.160.58.96,1,32
36.162.210.85,1,594
52.2.197.241,1,32
64.163.222.241,1,32
205.58.77.227,1,324
110.67.150.65,1,32
91.25.239.88,1,48
123.158.44.27,1,32
1.12.111.183,1,32
220.2.141.52,1,40
87.83.26.0,1,32
114.42.200.41,1,52
143.192.85.13,4,1563
2.198.97.206,1,32
177.19.69.38,1,40
82.222.16.172,1,32
37.99.79.193,1,32
78.87.249.35,1,40
210.118.179.124,1,32
184.111.109.5,1,32
89.124.131.61,1,60
74.49.116.67,3,197
89.147.247.30,1,32
66.176.144.203,1,32
117.233.9.210,1,32
72.243.38.148,1,96
183.235.168.171,1,86
116.20.199.19,1,32
205.58.74.98,1,247
124.199.131.8,1,32
116.151.165.241,1,56
140.238.162.40,1,28
27.244.34.169,1,32
113.218.89.113,1,32
39.38.14.175,1,32
104.163.252.253,1,32
91.215.231.182,1,32
174.181.62.47,1,32
54.240.187.213,4,5138
216.210.18.25,1,32
129.196.13.27,6,1008
212.138.81.59,1,32
200.228.86.79,1,32
125.230.151.215,1,60
171.171.12.84,1,52
81.17.236.53,1,32
72.73.234.12,1,32
189.107.237.177,1,32
37.17.213.128,1,40
27.34.253.169,1,32
182.68.50.172,1,48
75.162.46.62,1,32
93.99.112.96,1,40
118.135.242.5,1,60
73.35.82.151,1,32
73.61.111.84,1,32
93.215.110.67,1,32
112.28.239.101,1,52
82.105.231.64,1,60
23.38.173.232,1,32
123.174.154.40,1,40
175.175.217.56,1,76
171.171.86.142,1,60
42.228.245.227,1,52
177.192.56.235,1,40
58.203.53.149,1,32
125.141.254.242,1,40
73.210.113.75,1,32
175.232.126.125,1,32
166.253.167.206,1,32
112.153.181.184,1,52
41.174.37.174,1,40
159.137.149.121,3,120
221.2.230.114,1,32
187.215.40.195,1,32
14.106.178.112,1,32
77.132.77.17,1,60
213.31.17.26,1,32
24.232.32.119,1,32
188.27.231.61,1,32
94.190.27.174,1,40
81.224.145.170,1,32
82.169.166.142,1,32
209.238.124.41,1,44
71.230.250.206,1,40
183.236.16.64,1,32
187.125.17.99,1,32
2.67.192.102,1,44
27.232.30.89,1,48
197.44.194.74,1,32
23.212.209.174,1,32
69.12.111.244,1,32
63.251.85.174,1,60
180.129.47.171,1,60
123.183.89.69,1,76
190.137.30.132,1,32
183.69.39.86,1,32
188.10.252.166,1,52
124.154.137.146,1,48
177.174.166.93,1,40
220.248.160.78,1,56
72.13.50.199,1,32
116.77.109.162,1,32
66.51.199.136,1,32
222.68.133.89,1,76
115.77.240.204,1,32
46.113.100.6,1,40
77.2.143.60,1,32
80.228.16.153,1,32
221.22.59.117,1,32
75.172.34.220,1,32
201.18.216.241,1,32
31.201.65.60,1,40
190.68.79.238,1,32
185.182.103.104,1,40
187.219.137.185,1,40
23.82.34.234,23,34361
176.25.10.212,2,80
66.50.194.248,1,32
175.180.75.100,1,32
98.44.145.204,1,32
125.244.172.9,1,60
185.147.25.61,1,32
106.82.5.252,1,52
71.230.250.2,1,40
103.67.60.19,1,40
158.218.175.93,1,32
220.106.231.194,1,32
77.248.237.23,1,32
94.122.54.174,1,40
110.61.237.17,1,52
95.101.241.67,1,32
113.39.209.197,1,60
173.229.12.45,1,32
188.139.74.201,1,40
159.137.197.133,1,40
122.176.58.16,1,44
103.233.110.182,1,32
200.63.19.132,1,32
60.207.144.55,1,32
183.179.46.193,1,32
213.2.139.120,1,32
62.168.175.39,1,32
182.109.88.80,1,60
157.42.63.125,4,677
13.52.39.101,1,32
68.234.248.37,1,60
2.199.245.8,1,60
70.240.145.129,1,32
211.88.108.189,1,60
193.138.147.99,1,32
200.165.161.20,1,40
125.79.65.191,1,32
88.28.204.229,1,60
211.106.1.91,1,32
202.122.207.254,1,32
17.193.181.204,5,977
111.82.171.207,1,52
109.237.171.159,1,52
125.33.96.26,1,44
72.114.169.107,1,32
54.201.126.98,1,32
82.45.15.125,2,88
97.24.98.164,1,32
178.63.173.182,1,32
172.71.16.82,1,32
83.83.190.93,1,48
92.37.13.56,1,32
94.52.243.166,1,40
222.168.80.184,1,32
64.139.239.174,1,32
91.177.64.51,1,32
68.32.83.62,1,32
177.151.35.50,1,48
36.168.128.134,1,32
188.135.236.225,1,32
89.124.130.250,1,32
27.64.252.154,1,48
121.157.81.26,1,32
196.207.214.204,1,32
183.167.3.87,2,80
88.11.63.87,1,40
62.154.159.143,1,32
148.88.16.167,1,32
66.19.80.6,1,32
89.88.152.64,1,52
122.53.232.118,1,52
42.48.104.23,1,40
74.248.7.94,1,32
76.70.237.33,1,32
121.219.153.61,1,32
62.16.172.23,1,32
41.170.165.45,1,44
201.37.88.137,1,32
46.1.10.72,1,56
88.99.50.253,1,32
179.204.74.228,1,32
12.23.189.121,1,60
187.126.16.39,1,32
61.76.13.255,1,32
212.171.193.81,1,60
79.197.18.45,1,32
218.199.218.14,3,132
27.243.195.250,1,132
194.54.16.89,1,32
189.235.1.184,1,32
91.236.21.170,1,44
14.175.112.255,1,32
186.16.111.119,1,32
175.170.211.33,1,32
60.101.15.183,1,32
167.95.207.145,1,32
81.142.2.214,1,44
82.163.110.53,1,32
203.19.247.255,22,32258
39.43.110.173,1,48
39.22.111.194,1,32
160.8.236.225,1,32
190.16.204.214,1,32
195.155.226.99,1,32
74.189.147.186,1,32
216.189.222.46,1,32
83.167.12.92,1,60
46.191.239.89,1,40
81.133.105.115,1,32
189.143.213.79,1,32
223.34.157.194,1,76
27.17.237.215,1,32
83.198.249.91,1,96
69.204.80.247,1,32
92.252.155.67,1,68
111.246.199.167,1,132
27.20.148.148,1,32
92.216.239.85,1,32
196.207.86.138,1,32
109.185.144.167,1,32
206.187.144.188,1,32
95.18.154.255,1,310
190.145.195.29,1,48
183.173.209.60,1,32
71.230.250.150,1,40
201.57.212.75,1,60
88.28.64.115,1,32
211.90.2.14,1,60
103.101.236.108,1,52
47.62.132.172,1,32
123.198.54.117,2,100
113.9.63.219,1,60
190.197.147.36,1,32
162.41.41.46,1,32
177.138.150.24,1,40
172.249.25.177,17,1610
107.119.231.25,1,32
92.23.239.255,1,32
122.172.214.149,2,100
199.45.192.117,1,32
183.83.103.175,1,48
64.190.85.23,1,96
108.215.79.83,1,32
88.146.83.165,1,32
186.232.96.23,1,40
58.202.36.103,1,32
174.229.244.234,1,32
1.151.145.91,1,32
211.28.39.92,1,56
188.210.42.177,1,32
200.80.62.63,1,56
221.40.210.166,1,40
135.236.91.250,1,32
126.135.130.63,1,76
216.16.146.114,1,32
47.196.47.250,1,32
172.77.42.194,1,60
41.171.118.236,1,32
216.110.11.182,1,60
189.13.85.164,1,44
125.197.204.146,1,32
97.12.238.184,1,32
179.88.87.166,1,40
95.43.17.77,1,32
13.4.76.95,2,182
104.87.92.84,1,52
96.210.57.71,1,32
39.39.141.167,1,32
113.37.239.190,1,60
13.31.181.49,1,76
113.120.10.126,1,76
217.30.131.106,1,32
32.211.19.154,1,32
89.225.188.194,1,32
80.250.232.167,1,32
178.54.95.128,1,32
64.249.115.191,1,60
185.14.131.89,1,156
207.19.118.187,1,32
216.42.177.170,1,32
118.172.24.119,1,32
89.248.134.33,1,60
121.70.19.111,1,40
121.188.241.241,1,32
109.120.110.208,1,32
190.189.244.192,1,32
51.29.20.230,1,32
173.56.237.160,1,32
213.73.121.234,1,32
221.7.84.194,1,76
88.172.158.244,1,32
54.55.40.29,1,32
104.109.213.107,2,135
117.113.180.224,1,28
181.29.228.237,1,32
193.43.95.178,1,32
73.192.236.129,1,32
95.36.131.203,1,32
197.52.53.64,1,40
18.184.247.245,1,32
31.76.206.131,1,32
193.111.142.51,1,32
2.168.105.106,1,32
78.65.170.236,1,48
187.194.128.125,1,32
71.230.250.117,1,40
13.205.34.90,1,76
114.230.38.200,1,32
220.170.210.21,1,48
98.20.2.192,1,32
211.203.114.119,1,40
96.64.158.128,2,80
216.97.109.50,1,32
93.240.254.103,1,32
93.41.239.84,1,32
123.188.176.104,1,32
98.119.45.62,1,32
93.246.219.120,1,32
95.160.30.13,1,32
122.118.125.182,2,96
81.117.111.122,1,32
180.90.234.187,1,32
109.115.167.107,1,32
24.181.117.2,1,32
201.62.239.234,1,32
36.193.168.188,1,76
218.138.49.105,1,32
95.208.45.112,1,40
60.27.17.185,1,52
219.99.145.71,1,32
91.142.80.100,1,32
54.186.91.84,1,64
116.250.56.156,1,32
180.141.96.203,1,32
213.222.85.197,1,52
172.249.28.75,44,52553
174.167.185.107,1,32
95.39.24.130,1,32
60.154.1.50,1,32
178.223.233.62,1,40
126.25.114.122,1,32
177.177.128.26,1,32
119.186.69.147,1,32
70.163.61.89,1,32
47.84.97.199,1,32
71.172.200.134,1,32
46.101.70.214,1,32
186.41.95.113,1,32
82.50.234.15,1,48
84.56.171.122,1,32
178.222.0.46,1,44
102.152.6.139,1,32
121.176.149.105,1,32
177.151.39.62,1,40
114.161.178.231,1,52
125.96.200.93,1,32
196.131.190.141,1,32
200.17.210.125,1,44
136.242.102.34,1,32
52.89.45.198,1,32
189.68.61.87,1,32
81.70.211.118,1,32
119.133.208.171,1,32
87.182.40.16,1,40
59.120.154.87,1,40
1.94.173.89,1,40
83.201.191.143,1,32
37.56.58.31,1,32
49.144.38.170,1,40
91.32.224.196,1,56
88.92.24.202,1,32
18.252.84.35,1,32
182.89.137.206,1,40
112.205.53.125,1,48
190.180.70.127,1,40
124.79.147.137,1,32
98.29.175.139,1,32
71.230.250.234,1,40
58.235.13.201,1,32
5.141.119.248,1,40
89.197.40.197,1,52
195.145.83.213,1,32
18.178.87.5,1,52
67.246.239.4,1,32
27.245.192.156,1,32
113.43.2.58,1,52
164.146.135.173,1,68
194.88.62.229,1,32
72.7.208.83,1,32
181.0.152.129,1,32
52.212.107.38,2,206
121.65.177.83,1,32
78.255.251.228,1,40
112.53.13.0,1,32
183.188.241.137,3,151
188.85.83.152,1,32
181.17.66.149,1,40
37.219.254.81,1,92
85.116.140.213,1,32
175.208.150.176,1,32
183.133.14.112,1,32
122.224.196.88,1,52
34.215.205.19,1,32
96.219.34.51,1,32
188.49.89.137,1,32
222.181.100.73,2,180
70.119.239.230,1,32
218.142.191.65,1,52
64.75.19.193,1,32
62.98.47.27,1,60
110.60.234.43,1,32
125.229.174.191,1,40
85.88.81.34,1,32
189.135.31.234,1,32
73.251.85.211,1,32
167.185.103.13,1,60
113.25.97.82,1,64
195.130.113.79,1,32
108.91.78.129,1,82
62.148.144.157,1,32
103.37.10.126,1,48
94.48.23.53,1,48
93.20.60.223,1,48
180.38.238.28,1,32
123.7.156.8,1,60
183.71.153.22,1,60
185.127.93.61,2,80
81.91.146.145,1,32
31.163.11.174,2,80
180.134.41.24,1,32
115.191.56.8,1,32
64.175.220.105,1,32
60.56.133.20,1,40
52.254.59.24,2,102
158.250.164.193,1,40
59.1.107.14,1,60
87.57.58.103,1,52
116.143.125.14,1,48
62.5.236.198,1,32
95.103.248.70,1,40
114.168.183.177,1,52
181.177.51.44,1,32
173.249.6.63,1,60
182.143.177.96,1,32
171.166.161.136,1,40
94.194.45.98,1,40
128.41.33.157,1,52
27.175.160.125,1,32
116.153.245.162,1,32
216.68.133.205,6,438
221.39.63.148,1,40
71.59.42.85,1,32
164.48.28.91,1,44
99.47.44.200,1,32
57.20.70.241,1,32
76.203.156.9,1,32
52.224.247.243,4,2186
112.221.142.232,1,32
113.212.81.195,1,32
118.103.139.87,1,32
114.20.174.178,1,52
221.9.255.121,1,40
76.71.111.51,1,32
124.139.68.60,1,32
186.64.222.245,1,44
191.157.75.98,1,32
181.138.17.215,1,32
98.18.54.90,1,32
95.208.197.29,1,40
176.81.202.219,1,32
200.98.174.231,1,32
112.252.188.23,1,32
220.136.127.226,1,32
176.127.221.79,1,60
190.121.114.186,1,40
100.210.66.211,1,32
114.161.172.51,1,40
187.29.108.214,1,32
4.84.140.69,1,32
42.17.254.158,1,32
91.168.103.243,1,32
78.82.226.54,1,44
81.243.142.41,1,32
211.34.207.113,1,32
210.102.233.225,1,60
68.61.34.146,1,32
66.30.46.163,2,247
154.231.86.77,1,40
204.69.147.106,1,32
93.121.255.111,1,32
156.53.214.144,1,40
81.164.161.46,1,32
213.168.109.4,1,32
118.199.42.77,1,40
113.56.218.199,1,60
178.235.16.83,1,32
42.105.86.235,1,48
170.112.240.189,1,60
1.63.230.189,1,48
96.108.48.168,1,32
34.217.209.133,1,32
217.46.147.119,1,32
60.105.250.148,1,32
112.143.220.217,1,32
88.30.79.108,1,32
110.244.160.116,1,32
136.102.149.118,1,32
107.160.192.163,1,32
73.3.163.244,1,32
38.150.126.125,1,32
216.68.133.187,3,195
182.63.26.218,1,40
12.19.27.74,1,32
113.36.63.187,1,132
201.129.18.255,1,32
52.74.210.138,1,32
77.57.236.184,1,32
81.225.144.47,1,32
178.96.18.88,1,32
117.118.48.222,1,32
176.27.175.33,1,60
195.120.152.6,1,32
62.249.32.232,1,32
182.187.74.53,1,32
173.180.151.225,1,32
87.238.143.232,1,32
196.79.72.62,1,32
91.46.145.165,1,32
23.205.68.188,1,60
217.87.149.58,1,32
99.105.147.92,1,32
80.234.15.162,1,32
104.84.63.209,1,32
211.39.177.127,1,32
82.162.108.56,1,32
60.68.247.148,1,60
188.157.204.147,1,48
31.163.53.13,1,40
71.48.210.141,1,32
160.166.197.1,1,32
5.189.29.89,2,250
79.240.7.226,1,32
23.205.101.201,1,32
78.235.59.126,1,40
202.230.254.135,1,32
59.124.23.210,1,40
189.230.208.184,1,32
74.233.88.212,1,32
70.64.220.30,1,40
195.42.35.29,1,32
177.185.220.152,1,32
58.112.117.71,1,32
31.85.16.163,1,32
172.202.127.142,1,40
91.179.60.81,1,32
188.235.176.55,1,32
31.178.214.66,1,32
13.206.212.114,1,76
60.204.75.4,1,32
78.40.216.208,1,60
12.87.147.43,1,32
170.209.115.186,1,32
196.128.117.183,1,40
42.238.174.116,1,32
60.229.77.160,1,32
99.182.146.53,1,32
54.163.95.164,1,32
90.113.149.232,1,40
173.221.209.192,1503,2179991
80.246.97.56,1,32
187.67.223.159,1,32
68.222.55.165,1,32
176.14.141.243,1,32
218.134.110.184,1,132
81.19.238.46,1,32
94.18.95.20,1,44
179.72.1.124,1,32
114.170.64.26,1,40
98.90.15.114,1,32
138.186.203.33,1,32
118.135.170.35,1,40
139.48.152.111,1,32
183.70.51.195,1,32
181.235.168.178,1,32
108.166.192.68,1,40
118.229.242.88,1,32
185.218.169.156,1,32
97.40.50.125,1,32
195.5.126.129,1,60
112.48.255.22,1,125
35.88.61.128,1,93
79.134.80.58,1,32
24.144.193.126,1,32
90.113.144.118,1,40
109.217.155.169,1,40
190.208.38.123,1,32
71.171.201.74,1,32
27.40.147.126,1,52
82.56.122.106,1,40
23.76.193.178,1,52
68.220.36.206,1,32
39.43.158.178,1,32
152.17.211.152,3,269
14.38.240.40,1,32
122.53.167.91,1,32
125.160.159.112,1,32
72.188.147.139,1,32
39.45.113.144,1,40
177.217.59.174,1,32
67.181.236.233,1,32
84.64.220.89,1,32
179.82.171.199,1,32
152.59.245.101,1,40
177.126.52.203,1,60
98.239.3.6,1,32
68.74.212.165,10,400
148.19.228.254,1,32
46.56.82.27,1,32
192.252.94.97,1,788
170.9.158.29,1,32
151.21.108.65,1,32
85.68.111.183,1,56
117.4.63.7,1,32
115.207.160.50,1,60
71.77.16.100,1,32
125.206.204.28,1,32
160.110.122.145,1,32
12.11.172.103,1,32
2.79.237.32,1,32
96.38.95.245,1,32
47.45.60.148,1,32
61.80.239.135,1,52
180.145.80.123,3,120
50.48.146.110,1,32
54.181.18.109,1,76
102.98.13.225,1,32
68.210.50.215,1,32
103.216.141.46,1,44
185.33.83.46,1,32
54.136.184.129,1,32
85.70.21.176,1,56
85.68.108.54,1,56
84.44.239.213,1,32
90.162.135.231,1,56
118.221.185.186,1,52
85.70.20.176,1,56
85.68.108.28,1,56
85.68.111.150,1,56
189.73.207.0,1,32
98.118.172.237,1,32
107.129.45.131,1,32
41.174.44.159,1,32
212.186.22.140,1,32
85.68.109.253,1,56
162.28.170.167,1,32
37.111.66.8,1,32
85.68.108.215,1,56
58.106.247.37,1,32
23.55.163.78,1,32
46.29.174.232,1,44
151.150.78.201,59,42918
162.17.15.155,1,32
133.208.237.252,1,32
210.161.76.251,1,62
67.211.195.229,1,32
85.68.109.224,1,56
85.68.111.252,1,56
197.196.172.37,1,48
24.201.197.203,1,32
1.80.246.223,1,32
85.68.111.133,1,56
115.194.101.2,1,76
68.138.177.38,1,32
52.106.41.14,1,32
118.173.30.246,1,32
176.86.128.146,1,32
98.81.200.53,1,32
221.129.241.100,1,76
47.127.154.143,1,40
2.26.203.181,1,32
125.172.186.33,1,60
85.70.21.253,1,56
201.171.146.131,1,40
178.98.16.115,1,32
119.69.34.142,1,32
24.234.44.185,1,32
41.99.224.25,1,32
213.152.234.46,1,32
178.249.135.233,1,32
85.68.110.43,1,56
123.200.95.159,1,40
85.68.110.216,1,56
51.200.47.135,1,32
14.118.152.209,1,32
2.122.147.46,1,40
201.19.207.111,1,32
85.70.20.4,1,56
93.49.92.228,1,32
105.128.254.155,1,32
175.172.78.124,1,32
85.68.108.166,1,56
208.19.127.69,1,32
92.20.19.58,1,32
188.215.147.86,1,32
205.58.73.129,2,473
167.195.26.161,1,32
178.183.238.63,1,32
95.249.82.172,1,32
200.210.78.191,1,32
85.68.111.105,1,56
85.70.21.192,1,56
173.40.33.194,1,32
80.210.60.132,1,32
123.146.112.206,1,56
129.61.3.188,1,32
46.234.223.88,3,509
35.50.52.96,1,40
187.232.120.210,1,60
14.107.148.144,1,32
103.240.85.113,1,60
64.22.164.98,1,40
116.7.95.177,1,32
75.163.43.98,1,32
210.240.182.11,1,52
197.44.216.63,1,44
37.98.115.230,2,100
118.51.158.242,1,32
213.234.39.66,1,64
85.68.110.202,1,56
31.170.111.56,1,32
185.97.183.18,1,56
68.36.180.215,1,32
109.188.233.253,1,32
117.237.80.225,1,40
113.27.102.192,1,32
59.28.12.236,1,32
221.236.34.191,1,32
79.168.216.130,1,40
66.156.133.112,1,32
173.164.50.227,1,32
187.218.226.168,1,32
37.233.208.80,1,32
187.145.48.6,1,56
119.66.116.26,1,76
117.72.140.123,1,84
159.102.95.49,1,56
86.178.49.12,1,32
212.146.128.4,1,60
79.107.80.86,1,32
85.68.110.19,1,56
13.31.193.40,1,76
31.102.5.145,1,40
183.188.61.108,27,36065
52.243.120.138,1,52
68.25.50.218,1,32
187.218.231.139,1,40
221.150.55.78,1,32
218.107.147.36,1,32
91.6.84.41,1,60
188.196.222.22,1,44
187.30.146.160,1,32
185.72.26.20,4,160
190.226.42.121,1,32
148.59.100.59,1,52
94.43.175.41,1,32
81.136.229.93,1,32
192.212.98.238,1,786
190.232.81.119,1,32
12.59.47.130,1,32
62.244.237.119,1,32
122.224.210.71,1,48
59.22.6.35,1,32
213.133.15.67,1,32
178.62.111.217,1,32
12.214.1.36,1,32
41.59.105.33,1,32
223.103.183.2,1,48
119.215.183.100,1,48
104.15.57.215,1,40
120.220.149.70,1,274
129.240.70.80,1,32
85.70.20.92,1,56
126.200.97.45,1,32
47.232.158.44,1,32
95.219.174.92,1,32
178.232.236.215,1,32
72.21.96.203,1,32
104.98.13.14,1,32
108.40.199.39,1,32
87.84.85.237,1,32
1.78.36.30,1,76
222.216.87.24,1,48
1.236.50.255,1,32
85.68.111.178,1,56
125.248.234.121,1,40
115.38.118.92,1,60
81.175.81.131,1,32
113.149.157.177,1,40
182.243.231.50,1,40
210.237.79.202,1,60
37.147.214.128,1,48
41.222.143.222,1,32
71.9.55.139,1,32
24.35.255.178,1,32
124.76.75.154,1,32
73.189.146.119,1,32
111.73.23.79,1,60
75.236.227.226,1,32
62.61.105.109,1,58
90.113.148.169,1,40
172.66.61.56,1,40
189.15.137.158,1,32
194.4.92.21,1,32
46.120.16.17,1,32
109.187.114.30,1,32
210.156.142.137,2,234
32.208.211.92,1,32
188.53.242.53,1,32
107.20.5.98,1,32
123.149.155.9,1,40
82.6.80.102,1,32
110.62.57.206,1,48
132.194.166.142,1,60
91.127.255.230,1,32
54.252.104.129,1,44
182.197.47.58,1,32
107.136.160.137,1,56
190.39.45.194,1,32
173.127.215.113,1,32
2.70.30.99,1,32
103.235.239.198,1,32
121.130.204.200,1,32
68.153.93.89,1,32
79.6.114.27,1,32
136.141.192.52,1,32
113.160.232.252,1,52
218.170.192.74,1,92
81.90.144.63,1,32
51.60.122.111,1,76
76.198.238.65,1,32
124.106.108.34,1,32
89.227.124.174,1,32
67.245.144.73,1,32
82.165.116.19,1,32
71.255.228.118,1,32
192.227.98.131,1,76
124.166.231.3,1,32
156.48.232.81,1,40
37.20.12.57,1,60
88.242.198.203,1,32
89.209.254.183,1,40
36.166.166.230,1,32
121.213.126.233,1,60
77.177.89.221,1,32
58.31.253.39,1,84
201.127.161.75,1,32
205.9.60.179,1,32
181.93.76.36,1,32
190.10.211.113,1,32
27.27.66.11,1,48
2.65.89.41,1,52
173.174.220.14,1,32
79.117.123.31,1,44
109.59.16.230,1,32
185.243.108.223,1,40
79.86.78.24,2,80
124.135.195.36,1,32
154.201.218.33,1,96
79.101.208.70,1,60
220.4.13.179,1,32
83.171.45.137,1,32
116.133.102.1,1,52
181.112.245.30,1,32
213.1.152.164,1,32
80.16.125.70,1,44
210.152.109.221,4,1744
31.163.158.181,1,40
126.196.98.185,1,32
211.144.208.119,1,60
91.163.108.115,1,32
180.103.81.45,1,58
113.8.25.191,1,52
91.245.193.12,1,32
194.4.92.240,1,60
100.232.24.208,2,80
27.36.161.159,1,40
179.241.61.82,1,32
172.249.30.5,17,5089
139.180.247.69,1,76
37.189.84.120,2,80
88.241.101.30,1,40
115.19.174.31,1,32
152.88.171.237,1,32
67.78.173.189,1,32
73.125.195.245,1,32
31.163.136.157,1,40
205.0.196.226,1,40
196.222.142.123,1,32
67.240.182.205,1,32
72.251.119.252,1,32
87.244.124.163,1,32
172.20.110.17,1,32
108.93.134.72,2,80
71.235.137.246,1,32
14.166.128.215,1,32
82.19.108.75,1,32
23.214.52.106,1,40
172.89.182.17,1,32
154.248.42.165,1,96
188.103.19.184,1,32
89.25.147.83,1,32
67.93.36.255,1,32
222.121.13.237,1,32
79.48.96.61,1,32
50.131.254.14,1,32
118.164.119.232,1,40
183.158.30.223,1,32
85.160.152.64,1,32
50.252.118.101,1,32
68.74.23.188,1,40
120.172.75.177,1,52
113.158.58.0,1,40
112.140.49.34,1,32
67.135.2.138,1,32
177.156.137.149,1,60
27.33.139.8,1,40
212.34.145.189,1,32
73.127.219.141,1,32
194.147.193.113,1,32
23.214.211.158,1,32
109.109.38.77,1,32
139.173.130.252,1,40
151.31.161.42,1,32
31.106.62.67,1,32
23.230.123.28,3,187
73.12.118.219,1,32
71.230.250.64,1,40
176.193.82.70,1,32
171.193.248.186,1,76
185.237.144.184,1,32
106.94.124.128,1,32
101.213.70.254,1,32
71.230.250.182,3,120
187.181.138.1,1,32
13.161.7.198,1,32
87.22.131.124,1,32
221.21.193.216,1,32
117.39.245.228,1,32
114.63.47.110,1,32
83.93.172.203,1,32
46.172.242.111,1,32
173.123.96.249,1,32
171.240.230.53,1,44
124.66.190.236,1,32
188.186.62.45,1,32
70.111.224.195,1,32
5.190.158.24,1,32
125.121.51.213,1,32
23.68.6.49,1,32
52.15.113.81,2,584
138.208.142.158,1,32
37.246.148.63,1,32
188.177.42.146,1,32
123.163.227.166,1,32
122.241.118.171,1,32
58.45.237.104,1,32
69.106.221.137,1,32
109.19.43.41,1,44
175.101.163.246,1,32
179.46.219.42,1,32
27.242.251.66,1,32
203.19.92.239,1,32
221.142.30.229,1,32
27.45.205.6,1,60
194.52.16.195,1,32
62.57.210.148,1,32
52.71.208.1,1,32
211.222.12.225,1,76
104.32.104.164,1,32
31.179.159.85,1,32
181.65.236.150,1,32
211.79.130.150,1,32
138.191.236.33,1,32
200.141.67.151,1,32
175.229.64.76,1,32
59.163.173.128,1,32
218.141.243.51,1,32
216.68.133.226,10,990
124.165.98.41,1,76
115.49.55.196,1,32
50.10.81.188,1,32
4.33.86.238,1,56
117.78.1.139,1,40
71.230.250.169,1,40
121.162.25.10,1,32
182.243.228.236,196,277158
126.209.22.154,1,32
92.244.104.83,1,60
198.41.15.194,1,1057
78.9.79.27,1,32
103.89.220.62,1,32
77.131.104.120,1,32
84.217.181.125,1,32
116.52.112.22,1,32
169.253.81.95,1,32
187.148.47.60,1,44
88.11.63.79,1,40
71.230.250.48,1,40
189.4.114.196,1,32
179.191.205.22,1,32
91.107.146.149,1,52
72.190.239.124,1,32
58.28.35.87,1,32
121.175.237.127,1,32
61.108.179.150,1,48
99.136.247.41,1,52
59.54.51.181,1,32
78.4.221.197,1,32
37.17.223.228,1,40
59.115.195.5,1,32
78.56.238.246,1,32
70.66.73.14,1,32
88.120.251.53,1,32
87.240.75.5,1,32
52.108.252.116,1,32
80.221.46.226,1,32
72.193.109.242,1,32
14.50.123.67,1,32
23.69.0.193,1,32
94.216.238.12,1,32
67.53.80.61,1,32
123.180.209.26,1,32
82.160.108.112,1,32
217.237.19.113,1,32
80.57.114.167,2,80
182.113.1.213,1,32
164.128.200.62,1,60
177.192.209.152,1,32
93.213.144.17,1,32
179.236.153.228,1,32
37.17.215.207,1,40
83.190.198.80,1,40
221.142.30.29,1,60
182.157.79.131,1,40
122.58.58.199,1,44
189.229.209.70,1,32
125.34.75.5,1,44
78.90.69.79,1,40
87.119.137.174,1,32
187.82.247.110,1,60
173.57.239.112,1,32
222.214.52.163,1,132
218.142.54.0,1,32
78.161.204.253,1,60
42.83.195.106,1,32
94.249.195.33,1,32
47.46.195.249,1,32
54.215.145.100,4,2413
210.182.176.96,1,32
222.247.187.12,1,48
149.158.103.186,1,60
105.189.211.198,1,32
222.215.200.17,1,32
211.17.94.67,1,40
58.239.245.20,1,40
89.24.66.161,1,32
14.44.7.156,1,32
187.178.111.117,1,32
125.78.52.55,1,32
183.159.231.12,1,32
184.150.194.73,1,32
45.75.147.53,1,44
93.16.33.85,1,32
184.146.242.176,1,32
118.105.23.57,1,32
125.228.105.22,1,40
18.182.189.230,1,76
180.102.242.4,1,52
69.216.168.61,1,32
96.206.145.38,1,32
68.39.41.23,1,32
41.18.231.18,1,32
151.150.78.69,9,3632
194.59.186.71,1,32
59.71.123.151,1,40
118.184.103.54,1,32
79.198.145.119,1,32
66.31.253.38,1,32
188.96.20.92,2,100
82.206.76.238,1,56
37.140.81.105,1,32
168.26.47.132,1,32
88.80.175.175,1,32
176.247.180.64,1,32
71.230.250.103,1,40
80.164.108.32,1,32
60.129.135.61,1,32
123.215.117.36,1,32
188.20.238.79,1,32
205.34.43.197,1,32
71.230.250.0,1,40
222.211.60.161,1,52
151.22.109.84,1,32
103.41.189.174,1,32
73.142.156.231,1,32
171.199.33.203,1,48
46.102.3.198,1,60
2.68.26.54,1,52
197.43.148.33,1,32
182.132.59.78,1,52
179.48.194.118,1,32
95.206.63.68,1,32
178.93.78.92,1,60
96.65.241.117,1,32
2.25.63.72,1,32
118.175.140.221,1,60
223.132.25.158,1,32
113.30.13.161,1,76
192.14.252.201,1,52
174.121.2.145,1,32
128.161.1.103,1,32
183.123.160.69,1,52
92.190.216.175,1,56
188.212.108.169,1,32
74.243.192.241,1,32
191.104.112.172,1,32
205.58.75.182,4,1450
193.77.31.132,1,72
200.123.53.6,1,40
169.52.207.83,1,71
92.190.218.220,1,56
217.120.239.119,1,40
140.205.39.154,1,84
92.190.219.160,1,56
70.54.36.163,1,32
37.17.213.221,1,40
113.49.13.199,1,132
93.235.38.130,1,32
171.157.122.164,1,32
77.90.214.252,1,32
212.4.57.174,1,60
75.113.21.31,1,32
92.190.241.237,1,56
41.28.255.245,1,32
60.216.144.209,1,32
119.4.129.236,1,32
81.174.208.35,1,32
116.53.131.28,1,32
94.245.201.255,1,32
182.5.70.207,1,32
112.141.177.222,1,32
122.129.63.127,1,76
79.121.237.34,1,32
177.171.179.73,1,44
121.177.231.17,1,32
92.190.242.106,1,56
37.17.202.213,1,40
181.52.163.177,1,32
92.190.219.1,1,56
24.98.152.73,1,32
156.33.158.127,1,40
133.232.117.92,1,32
171.231.135.152,1,40
175.167.3.167,1,76
103.108.158.231,1,40
92.190.217.246,1,56
183.243.16.164,1,52
5.44.112.33,1,32
92.190.240.234,1,56
24.192.240.171,1,32
216.67.220.182,1,32
121.97.190.35,1,32
125.33.83.207,1,44
89.197.41.163,1,48
47.85.76.7,1,32
126.192.238.86,1,40
154.168.138.254,1,32
83.133.109.24,1,32
80.187.114.36,1,44
187.135.184.160,1,32
49.144.61.98,1,60
89.246.45.132,1,40
92.190.240.56,1,56
61.202.114.60,1,60
92.190.219.35,1,56
110.246.140.184,1,32
54.178.65.149,1,32
82.142.82.106,1,32
187.106.224.208,1,40
162.58.208.52,1,32
152.20.194.133,1,52
81.241.241.101,1,32
68.214.250.145,1,32
93.119.21.124,1,32
190.2.78.170,1,32
74.220.181.217,1,32
101.231.122.0,1,32
73.81.242.177,1,32
188.17.12.45,1,32
14.104.115.134,1,32
185.157.238.223,1,32
176.98.166.21,1,40
18.209.249.224,1,32
92.190.247.176,1,56
111.163.24.244,1,32
184.23.92.110,1,52
92.190.242.65,1,56
74.215.54.91,1,44
52.95.105.235,1,32
96.76.0.193,1,32
54.189.8.214,1,32
211.79.253.26,1,60
99.69.156.190,1,32
92.190.242.161,1,56
59.146.140.63,1,32
141.128.200.149,1,32
92.190.243.64,1,56
94.180.235.225,1,32
92.190.243.227,1,56
92.190.216.73,1,56
191.74.169.225,1,52
172.215.180.192,1,32
86.137.124.94,1,32
34.15.225.106,1,60
172.103.224.204,1,177
85.192.10.99,1,32
178.81.238.119,1,40
24.74.2.43,1,32
62.0.113.14,2,80
113.47.60.172,1,76
69.125.155.240,1,32
223.156.220.248,2,120
106.97.200.44,1,40
118.194.177.104,1,32
218.227.149.135,1,48
172.104.236.177,1,32
202.100.222.128,1,44
92.190.219.26,1,56
64.172.32.128,1,32
169.60.110.49,1,32
212.255.242.26,1,40
91.161.56.246,1,32
69.43.9.210,1,32
130.12.81.150,1,32
98.134.89.14,1,32
121.72.80.23,1,32
92.190.217.168,1,56
36.247.60.133,1,60
81.88.110.23,1,32
69.153.116.119,1,32
92.190.217.45,1,56
222.185.141.111,1,32
8.0.209.134,1,32
77.244.176.78,1,56
188.251.126.64,1,32
63.252.10.0,1,96
200.103.50.210,1,40
98.29.185.185,1,32
196.54.46.106,1,32
88.134.4.119,2,100
1.94.220.161,1,44
92.190.241.86,1,56
123.97.83.118,1,32
1.26.205.7,1,32
176.253.90.96,1,32
187.128.243.246,1,32
185.87.148.141,1,44
183.195.63.133,1,32
148.185.253.194,1,32
92.190.218.185,1,56
31.163.140.144,1,40
196.199.28.56,1,32
92.190.244.13,1,56
54.208.206.224,1,178
46.126.119.166,1,60
178.60.83.228,1,32
183.165.170.144,1,32
115.236.65.51,1,32
91.125.255.223,1,32
24.173.146.159,1,32
13.55.54.101,1,76
197.150.143.250,1,32
62.87.172.96,1,32
60.75.81.216,1,32
212.115.120.122,1,32
72.116.158.148,1,32
186.147.19.173,1,32
71.230.250.254,1,40
80.8.83.13,1,32
65.214.0.48,1,32
116.212.192.247,1,68
115.128.252.71,1,32
58.139.207.221,1,40
156.63.198.201,1,40
192.145.143.33,1,32
123.107.206.105,1,60
77.41.0.31,1,32
80.85.12.133,1,32
37.16.192.28,1,32
184.126.243.197,1,32
143.192.83.48,5,2121
118.131.7.67,1,60
185.88.80.117,1,88
156.35.6.40,1,40
196.194.157.222,1,32
2.103.130.8,1,32
23.121.55.186,1,32
64.22.164.131,1,52
71.170.207.124,1,32
216.211.36.138,2,232
103.58.196.177,1,60
93.119.185.154,2,64
154.201.218.122,1,96
75.127.97.1,1,32
123.255.65.135,1,32
79.237.228.135,1,32
42.59.110.193,1,40
60.57.2.184,1,32
106.232.29.117,1,132
179.253.118.201,1,32
98.62.79.55,1,60
112.220.248.6,1,32
95.84.209.104,1,32
91.13.201.97,1,52
69.133.218.166,1,32
74.209.240.96,1,32
24.46.21.231,1,32
190.57.31.143,1,32
213.170.147.130,1,32
216.52.194.33,1,58
177.34.6.96,1,44
46.152.147.216,1,32
104.248.65.1,1,40
89.21.150.11,1,32
46.38.190.224,1,32
109.122.108.160,1,32
60.19.26.42,1,76
93.211.200.200,1,32
72.208.171.228,1,32
201.213.53.167,1,40
187.241.18.164,1,32
47.151.15.158,1,32
122.49.249.186,1,32
76.243.164.33,1,32
181.127.134.214,2,100
77.196.161.101,1,32
209.11.255.152,1,32
76.151.139.0,1,32
205.58.75.165,1,331
118.119.205.110,1,32
119.16.25.192,1,52
84.3.35.186,1,32
157.187.60.208,1,32
50.202.197.66,1,32
35.104.140.125,1,32
186.32.109.147,1,32
1.63.11.101,1,52
91.20.240.253,1,60
95.41.236.38,1,32
173.58.19.0,1,32
106.65.63.162,1,48
70.228.250.5,1,32
23.12.211.116,1,32
59.7.38.187,1,32
176.192.108.77,1,32
211.24.135.100,1,32
111.196.80.189,1,32
185.157.32.65,1,40
88.192.192.144,1,32
110.200.254.113,1,60
83.144.207.52,1,40
82.253.207.169,1,32
78.90.140.189,1,40
95.100.243.146,1,32
175.230.92.161,1,32
164.205.41.156,1,32
78.220.197.112,1,32
61.228.193.134,1,32
204.40.225.202,1,129
84.4.153.99,1,32
67.174.210.206,1,83
177.178.204.220,1,32
96.70.162.66,1,40
205.85.50.141,1,32
202.228.117.146,9,4126
79.168.120.0,1,40
52.255.114.72,1,76
210.74.63.3,1,32
217.195.32.97,1,32
74.40.175.52,1,32
162.13.108.240,2,80
46.185.58.227,1,40
47.86.76.42,1,32
5.64.104.138,1,40
85.217.123.240,1,32
64.161.77.143,1,32
74.139.163.47,1,32
104.235.39.33,1,32
217.196.86.199,1,32
217.195.33.31,1,60
74.94.48.220,1,32
13.180.127.133,1,32
213.43.63.126,1,32
117.199.114.45,1,40
100.229.79.105,1,32
42.242.184.181,1,52
174.223.98.198,1,32
125.247.70.204,1,48
95.85.144.193,1,32
17.193.185.204,5,965
54.49.223.41,1,76
72.215.251.241,1,32
223.58.170.240,1,60
36.234.67.50,1,60
94.158.56.218,1,52
76.17.133.189,1,32
45.71.109.89,1,32
68.165.60.228,1,32
72.243.39.233,25,35171
62.198.206.160,1,32
189.207.201.75,1,32
88.16.223.232,1,32
189.90.53.31,1,40
121.35.122.229,1,32
54.34.81.30,1,32
203.93.13.227,1,32
191.206.57.60,1,44
62.51.216.215,1,32
34.214.48.244,1,32
213.170.250.95,1,56
66.235.248.58,3,903
203.157.247.158,1,40
74.109.117.84,1,32
2.120.223.4,1,32
173.91.83.249,1,28
2.30.11.4,1,32
113.116.37.30,1,76
80.25.133.176,1,32
100.216.99.143,1,32
40.134.246.52,1,32
101.54.251.158,1,32
118.103.39.191,1,32
86.162.242.17,1,44
182.253.74.147,1,76
58.113.123.65,1,32
95.24.188.195,1,32
190.100.79.29,1,32
217.178.79.26,1,64
121.119.82.246,1,48
174.210.188.164,1,32
196.131.171.46,1,56
106.106.2.243,1,76
150.79.245.75,1,248
118.134.61.97,1,40
177.223.214.126,1,40
68.35.124.165,1,32
206.190.40.45,1,32
189.225.224.50,1,40
27.185.104.193,1,56
64.158.197.38,1,45
174.180.51.172,1,32
18.178.185.42,1,76
36.17.139.112,1,40
221.8.11.178,1,52
117.229.38.48,1,32
60.67.163.133,1,128
66.103.231.45,1,32
218.238.224.210,1,32
42.231.12.86,1,40
201.238.253.78,1,32
39.0.113.34,1,32
78.150.67.48,1,32
177.156.239.143,1,32
49.144.61.86,1,60
60.58.219.236,1,40
5.64.104.146,3,120
222.72.60.183,1,60
203.19.247.105,1,52
174.136.1.155,1,32
4.104.147.87,1,32
180.130.121.61,1,32
123.122.223.23,1,132
60.27.61.10,1,32
180.152.26.148,1,40
98.50.125.237,1,32
61.126.133.62,1,52
162.0.38.244,1,40
79.187.208.242,1,32
220.152.12.241,1,52
58.30.63.154,1,32
217.252.47.250,1,32
76.88.35.58,1,32
18.178.176.12,1,76
199.251.44.133,1,60
187.232.116.181,1,60
121.143.114.77,1,32
45.19.95.227,1,32
73.13.184.221,1,32
42.129.144.28,1,40
179.253.146.238,1,32
218.201.129.219,1,32
77.107.160.14,1,32
211.179.14.241,1,32
151.26.102.236,1,40
173.119.118.185,1,32
82.84.172.162,1,32
112.18.37.66,1,32
93.122.115.29,1,32
112.199.100.57,1,32
182.98.44.141,1,132
173.172.220.125,1,32
17.199.26.243,1,52
196.207.202.59,1,32
108.27.142.55,1,32
189.112.14.217,1,32
24.215.132.90,1,32
5.157.100.26,1,44
173.125.0.126,1,40
77.30.47.49,1,32
68.41.7.202,1,56
88.23.26.194,1,129
197.35.121.175,1,40
122.61.236.169,1,44
218.247.52.130,1,32
84.18.41.73,2,80
24.62.18.129,1,32
5.64.104.157,1,40
125.227.55.225,1,40
13.30.177.108,1,76
106.70.104.53,1,76
80.235.33.138,1,44
196.212.34.189,1,32
210.194.148.165,1,57
109.20.202.230,1,40
75.227.18.84,1,32
94.68.45.129,1,32
123.58.197.176,1,356
42.16.15.193,1,32
119.152.151.167,1,32
113.30.4.236,1,48
139.173.156.234,1,40
125.77.232.113,1,32
211.157.5.208,1,32
52.25.181.250,1,32
146.92.86.35,1,40
194.241.81.235,1,32
151.106.139.104,1,60
208.99.114.236,1,40
121.128.195.234,1,32
216.26.179.175,1,60
107.170.120.198,1,32
71.58.72.228,1,32
88.83.46.212,1,32
179.245.99.56,1,32
80.130.85.49,1,32
122.174.24.80,1,32
93.63.86.178,1,32
186.60.61.22,1,32
61.218.44.189,1,32
203.19.247.173,29,40504
200.17.43.216,1,40
104.25.234.193,1,32
199.81.116.253,1,32
110.239.245.130,1,48
177.138.128.88,1,32
122.237.172.177,1,132
112.239.241.247,1,76
23.83.251.42,2,801
77.118.228.66,1,32
182.136.175.0,1,32
94.10.98.152,1,32
71.230.250.139,1,40
31.107.40.65,1,32
113.224.103.72,1,132
186.242.246.166,1,32
61.97.161.13,1,32
182.154.122.230,1,40
189.195.70.160,1,32
174.153.18.107,1,32
39.45.112.203,1,32
192.30.96.64,1,75
121.84.3.81,1,132
212.111.240.253,2,147
119.68.8.109,1,32
68.69.9.23,1,32
84.93.110.20,1,32
34.251.100.125,1,32
125.116.98.29,1,32
58.94.177.90,1,44
49.218.47.197,1,76
70.29.206.133,1,68
190.219.44.201,1,32
60.249.45.80,1,32
169.226.79.210,1,32
199.170.141.201,1,32
65.12.67.103,1,32
172.249.162.131,6,482
59.96.237.159,1,32
177.55.197.163,1,32
189.14.104.171,1,32
103.217.38.162,1,32
49.104.242.159,1,32
200.4.207.157,1,44
120.222.238.140,1,32
210.111.133.94,1,40
180.161.66.136,1,32
111.161.174.22,1,32
114.34.10.58,1,40
71.45.174.122,1,32
13.31.151.25,1,76
109.206.31.33,1,32
90.42.146.56,1,32
149.184.138.77,1,32
190.153.253.205,1,32
58.229.122.118,1,52
46.170.183.64,1,32
85.41.240.73,1,44
189.73.190.95,1,40
176.4.100.124,1,44
80.97.253.69,1,32
96.2.66.177,1,32
177.193.227.18,1,60
187.50.87.115,1,32
117.233.25.120,1,52
115.193.84.105,1,32
17.192.162.228,2,157
197.22.8.21,1,32
178.125.242.10,1,32
83.160.195.64,1,32
84.153.70.95,1,32
77.96.69.33,1,32
82.230.152.226,1,32
90.19.83.150,1,32
78.5.40.94,1,32
59.23.240.202,1,32
23.14.45.26,1,32
218.89.218.245,1,48
98.16.216.194,1,32
179.64.240.5,1,56
195.68.204.61,1,32
211.253.142.97,1,32
95.24.25.122,1,52
18.182.62.37,1,76
73.215.113.232,1,32
52.109.0.50,1,32
5.105.211.44,1,32
120.219.26.49,1,56
69.112.17.41,1,32
112.61.254.171,1,32
126.208.104.5,1,32
67.209.196.23,1,32
88.43.2.131,2,80
122.35.16.96,1,32
49.144.61.128,1,60
187.99.252.14,1,32
66.250.131.44,1,32
157.134.45.142,1,52
37.192.70.249,1,40
172.88.180.198,1,32
68.215.255.87,1,32
90.113.85.15,1,32
38.169.190.31,1,32
69.125.12.200,1,32
71.57.222.166,1,32
114.192.3.143,1,32
87.74.49.113,1,32
104.39.115.232,1,32
5.64.104.140,1,40
45.4.122.254,1,60
186.190.194.251,1,32
37.17.211.88,1,40
188.17.215.100,1,32
23.90.252.99,1,40
187.245.194.92,1,40
217.59.199.6,1,32
41.88.222.244,1,56
175.103.12.199,1,32
221.14.239.100,1,76
114.203.89.216,1,40
216.9.126.232,1,32
83.189.22.212,1,32
42.131.7.144,1,84
80.162.54.85,1,32
106.193.48.61,1,32
93.232.209.64,1,32
202.159.46.19,1,40
194.146.160.205,1,32
58.185.183.147,1,32
162.194.49.63,1,40
124.156.23.138,1,40
125.144.113.72,1,32
117.226.41.147,1,40
211.130.21.60,2,104
37.208.110.221,1,52
18.182.87.54,1,76
188.50.202.3,1,32
37.17.195.197,1,40
173.249.49.75,1,125
91.17.57.8,1,32
27.52.143.189,1,52
180.190.199.203,1,52
99.133.92.8,1,32
5.147.21.215,1,32
216.211.35.53,1,142
91.141.98.251,1,32
126.154.94.226,1,32
186.161.173.18,1,32
85.57.216.165,1,32
119.133.9.198,1,52
190.42.216.89,1,40
114.198.86.183,1,32
14.41.113.209,1,32
80.247.51.32,1,32
73.249.80.25,1,32
201.35.254.59,1,32
189.123.255.49,1,32
138.4.162.201,1,32
42.236.241.22,1,32
42.90.51.220,1,76
75.65.237.189,1,32
178.221.138.138,1,52
13.204.2.235,1,52
168.31.179.242,1,96
139.173.135.232,1,40
114.244.118.233,1,44
125.238.81.21,1,40
63.148.130.137,1,32
220.145.220.166,1,52
80.104.47.10,1,32
190.178.34.198,1,32
201.220.192.85,1,32
72.80.208.131,1,32
88.242.143.218,1,56
218.225.198.94,1,60
67.147.102.72,1,40
172.249.162.21,1,52
61.85.60.26,1,60
49.86.207.166,1,32
71.31.115.38,1,32
118.161.148.1,1,32
83.94.173.100,1,32
180.36.144.0,1,32
79.24.115.150,1,32
61.215.218.104,1,32
118.206.58.195,1,48
27.42.87.147,1,32
66.102.153.6,1,32
115.130.243.149,1,32
39.91.249.182,1,52
187.192.221.74,1,32
82.100.53.36,1,56
78.39.145.224,1,32
66.218.194.29,1,32
126.189.28.41,1,32
175.221.94.245,1,28
75.83.0.84,1,32
24.121.65.69,1,32
128.156.79.138,1,32
129.95.122.95,1,32
43.196.143.34,1,76
81.62.219.93,1,32
178.180.211.172,1,32
119.194.63.144,1,40
183.134.66.96,1,32
182.199.79.215,1,40
181.90.7.153,1,32
156.100.153.119,1,58
203.158.12.55,1,40
188.32.217.151,1,32
106.53.200.22,1,76
112.222.140.49,1,32
101.121.228.114,1,40
115.39.10.133,1,40
175.132.177.59,1,32
186.3.177.120,1,32
95.249.129.80,1,44
27.66.202.97,1,52
111.163.102.165,1,60
71.230.250.133,1,40
81.109.158.79,1,32
72.159.32.252,1,32
112.240.189.30,1,48
74.34.65.17,1,32
156.33.123.152,1,40
62.100.114.246,1,44
178.137.160.77,1,32
110.56.80.24,1,32
37.17.208.78,1,40
223.35.27.45,1,60
124.226.211.134,1,40
173.244.244.234,1,28
123.25.229.198,1,56
213.115.68.117,1,40
222.117.15.199,1,32
51.61.82.3,1,32
79.148.164.178,1,44
182.197.212.215,1,32
66.210.108.101,1,32
68.233.136.198,1,56
156.57.95.30,1,40
14.122.239.224,1,32
116.244.152.215,1,76
221.10.49.134,1,32
116.3.102.32,1,60
181.94.55.65,1,32
180.15.116.177,1,60
88.84.104.105,1,32
104.87.204.113,1,32
125.236.225.12,1,60
117.38.252.62,1,32
76.92.182.223,1,32
106.249.87.232,1,40
91.147.174.145,1,32
41.94.12.40,1,60
108.70.18.247,1,32
71.230.250.20,1,40
125.212.157.244,1,40
88.201.173.121,1,60
129.143.210.234,1,40
54.48.181.89,1,76
107.164.219.173,1,60
201.191.175.173,1,32
123.214.123.15,1,32
218.199.123.206,1,52
82.11.163.105,1,32
109.71.221.182,1,32
88.11.63.76,1,40
34.248.225.247,1,32
125.199.190.220,1,32
74.193.111.136,1,83
209.226.91.166,1,32
74.165.36.161,1,32
123.120.112.235,1,60
189.138.238.76,1,32
98.70.13.0,1,32
71.21.13.209,1,32
41.125.110.41,1,32
59.26.118.216,1,40
103.122.106.177,1,44
118.113.111.218,1,44
74.206.88.42,1,32
221.168.138.41,1,32
83.143.33.253,1,32
12.150.126.145,1,32
182.47.19.170,1,32
80.85.115.113,1,32
91.32.135.249,1,60
120.199.213.250,2,192
96.58.25.243,1,32
87.248.54.246,1,32
185.58.120.116,1,40
109.170.2.27,1,32
60.17.66.217,1,32
87.247.190.108,1,32
201.108.85.9,1,44
221.245.51.141,1,32
185.244.60.97,2,181
222.79.85.75,1,32
38.152.74.14,1,32
60.209.129.10,1,32
71.169.61.220,1,32
113.29.244.204,1,48
126.214.112.8,1,32
200.7.26.2,1,40
74.187.77.119,1,32
200.149.194.141,1,40
213.13.173.185,1,32
34.197.59.193,1,32
88.138.177.103,1,32
27.237.211.193,1,32
190.199.147.245,1,32
118.48.109.116,1,32
98.137.165.94,1,52
52.88.138.220,1,52
196.79.133.48,1,32
95.234.74.41,1,32
113.246.55.118,1,64
121.2.64.95,1,32
110.57.207.253,1,32
92.240.207.127,1,32
184.78.206.115,1,32
108.47.109.173,1,32
13.218.10.168,10,7076
52.88.60.162,1,32
183.182.93.20,1,60
124.141.87.42,2,1038
178.223.107.247,1,40
189.169.251.184,1,44
14.47.243.77,1,32
73.226.175.149,1,32
91.112.189.36,1,32
114.198.77.32,1,32
89.8.87.35,1,32
125.254.196.227,1,52
78.69.137.113,1,52
220.244.14.51,1,32
83.193.94.106,1,32
91.212.122.48,1,32
5.64.104.128,1,40
74.136.104.239,1,32
72.83.142.73,1,32
182.89.137.201,13,12460
49.98.119.39,1,32
212.233.42.218,1,32
35.80.137.193,1,32
42.53.34.242,1,32
39.53.16.223,1,32
68.169.134.140,1,32
213.190.183.181,1,56
39.46.150.59,1,93
14.71.149.88,1,76
71.230.250.155,1,40
221.118.15.215,1,48
111.93.242.156,1,44
67.163.69.185,1,32
112.131.0.74,1,32
186.238.168.212,2,80
60.148.15.232,1,32
212.48.99.202,1,32
79.211.69.251,1,32
71.230.250.116,1,40
166.134.125.49,1,32
71.230.250.101,1,40
188.155.1.129,1,32
99.183.175.51,1,32
80.149.17.172,1,32
185.182.167.19,1,32
73.14.85.7,1,32
213.38.212.237,1,32
36.165.118.141,1,48
180.118.103.147,1,44
182.4.71.93,1,32
45.168.15.39,1,32
212.128.10.208,1,56
112.216.238.226,1,40
87.112.242.68,1,32
79.100.28.126,1,40
69.102.187.154,1,32
208.66.126.141,1,32
49.107.130.74,1,32
199.224.160.141,1,1057
104.210.8.164,1,44
193.81.223.225,1,32
216.177.134.189,1,32
171.156.0.235,1,32
92.111.175.184,1,32
172.87.208.86,1,32
205.58.72.180,1,275
189.247.118.182,1,32
109.229.175.44,1,60
77.39.253.91,1,32
93.73.150.53,1,40
52.18.170.85,59,83466
62.179.83.72,1,32
96.64.11.49,1,32
222.113.38.17,1,32
101.52.240.208,1,32
46.80.58.134,1,32
115.72.101.225,1,424
23.228.176.133,1,32
217.107.50.7,1,40
73.130.212.129,1,32
68.26.211.90,1,32
106.75.193.123,1,60
162.48.182.187,1,32
206.9.8.109,2,80
223.12.4.158,1,32
68.116.150.254,1,32
89.175.66.247,1,32
221.131.61.145,1,52
166.136.119.129,1,32
77.201.48.188,1,32
59.19.43.234,1,32
220.43.51.65,1,32
208.99.229.7,1,40
54.33.187.240,1,76
209.43.208.65,1,32
206.86.124.250,1,32
197.61.114.63,1,40
175.168.199.113,1,32
39.41.88.50,1,32
2.73.247.185,1,32
60.21.68.76,1,40
54.216.23.107,1,32
58.22.181.230,1,32
58.63.161.113,1,44
14.182.37.58,1,52
185.219.218.182,1,44
64.82.69.209,1,32
42.105.88.132,1,60
114.153.192.226,1,32
27.236.46.103,1,32
190.245.176.106,1,32
124.126.106.126,1,52
80.154.31.80,1,32
187.72.79.78,1,32
194.193.133.1,1,60
64.5.147.249,1,56
218.8.232.28,1,32
95.146.216.233,1,32
79.101.18.238,1,44
24.225.53.149,1,56
73.172.189.13,1,32
52.86.37.23,1,32
221.168.45.225,1,32
221.4.182.60,1,76
205.58.73.2,1,375
178.64.57.174,1,32
71.172.119.34,1,32
95.165.43.60,1,32
173.118.251.157,1,32
221.7.81.62,1,48
184.14.122.49,1,32
89.2.2.88,1,32
86.154.254.74,1,52
194.16.39.254,1,32
73.40.70.78,1,32
2.18.35.113,1,32
18.231.232.82,2,215
186.199.89.1,1,32
218.76.68.72,1,32
116.169.153.112,1,32
92.4.15.177,1,32
31.113.147.112,1,107
138.57.86.214,1,32
12.36.129.90,1,32
74.67.31.86,1,60
77.141.28.177,1,32
151.216.86.19,1,32
24.94.11.98,1,60
24.253.217.84,1,32
31.105.219.153,1,32
75.95.29.11,1,60
122.10.4.232,1,32
86.231.209.149,1,32
175.84.77.227,1,60
119.158.17.118,1,32
75.141.92.69,1,32
182.84.90.153,1,76
111.178.144.168,2,80
125.239.5.122,2,104
94.195.119.82,1,40
218.229.200.198,1,76
182.46.178.147,1,32
14.220.113.222,1,48
88.187.73.188,1,32
95.212.55.66,1,60
175.220.119.44,1,32
86.133.175.126,1,32
49.96.249.31,1,32
175.250.144.50,1,32
125.108.39.91,1,32
202.165.176.49,1,32
187.3.188.78,1,32
93.254.94.186,1,32
41.12.165.254,1,32
211.62.34.213,1,32
197.148.127.54,1,32
59.21.12.142,1,32
115.116.253.59,1,32
46.176.152.228,1,32
41.12.50.30,1,32
62.14.6.8,1,32
200.63.224.254,1,44
43.222.54.97,1,44
82.202.243.214,1,32
182.179.2.229,1,32
47.186.111.57,1,32
1.87.200.211,1,52
116.246.26.2,1,32
92.199.159.152,1,32
72.237.12.6,1,32
139.239.163.149,1,40
59.0.11.208,1,40
180.5.129.158,1,32
202.108.103.241,1,60
83.244.140.94,1,32
51.85.64.131,1,32
172.249.25.182,1,52
213.198.63.100,1,32
46.80.160.94,1,60
181.213.191.191,1,32
13.30.215.4,1,32
168.49.160.31,1,70
131.137.83.37,1,32
113.9.169.38,1,60
213.63.173.205,1,32
190.176.169.76,1,32
66.162.65.182,1,32
110.50.198.166,1,32
85.110.111.108,2,135
119.207.185.183,1,32
95.58.95.219,1,32
176.31.120.216,1,32
107.162.99.76,1,64
90.16.175.234,1,32
126.210.136.175,1,32
31.163.15.224,1,40
93.50.117.164,1,40
179.63.73.201,1,32
111.207.212.197,1,52
71.230.250.255,1,40
68.201.145.22,1,32
181.201.28.31,1,32
201.26.8.17,1,32
36.175.193.160,1,76
172.103.170.212,1,40
163.253.76.57,1,132
197.41.222.196,1,40
176.63.59.14,1,32
181.220.45.239,1,32
79.217.156.197,1,32
217.22.171.236,1,32
101.108.26.181,1,60
202.213.196.209,1,52
105.133.86.22,1,32
201.62.22.17,1,60
43.197.189.198,1,40
222.88.110.20,1,32
45.125.173.212,1,313
198.31.190.194,1,32
71.90.133.128,1,32
120.150.242.79,1,60
87.53.83.140,1,32
79.143.81.23,1,40
37.41.99.212,1,32
31.149.57.54,1,32
76.224.15.194,1,32
41.30.83.171,1,32
113.116.225.103,1,52
119.56.132.90,1,132
122.119.28.31,1,48
121.191.130.104,1,40
42.239.218.31,1,40
14.120.145.231,1,32
74.219.244.180,1,32
34.239.63.116,1,32
171.175.79.151,1,48
84.246.177.150,1,32
222.152.181.189,1,44
77.141.28.113,1,60
113.122.38.96,1,32
67.216.246.178,1,32
69.154.120.102,1,32
91.15.185.44,1,60
181.59.169.181,1,32
31.72.180.214,1,44
150.145.50.67,1,32
177.66.41.20,1,32
46.163.91.215,1,48
115.7.6.52,1,32
85.102.71.208,1,32
92.141.190.245,1,52
93.233.40.86,1,32
117.94.10.202,4,377
66.224.45.150,1,313
183.194.249.244,1,32
111.116.207.27,1,44
196.55.203.104,1,32
221.25.64.155,1,32
89.189.104.224,1,40
151.10.1.185,1,40
34.216.188.223,1,175
74.175.182.255,1,32
82.249.126.254,1,32
185.13.95.251,1,32
42.233.99.68,1,40
191.53.133.202,1,40
106.63.110.184,1,32
178.1.148.150,1,32
189.13.72.229,1,32
24.241.210.64,1,32
88.174.61.118,1,32
61.170.113.223,1,32
54.201.241.117,1,32
110.49.60.214,1,48
176.96.206.134,1,56
192.16.211.215,1,32
71.230.250.95,1,40
190.217.142.188,1,32
189.54.129.214,1,40
156.54.195.10,1,40
70.127.8.73,1,40
101.225.112.194,1,32
105.111.204.249,1,60
95.139.96.73,1,32
71.216.124.243,1,32
17.192.251.254,4,3629
61.150.136.113,1,32
220.176.112.181,1,32
78.251.74.5,1,40
60.83.170.84,1,40
1.81.235.124,1,32
115.197.150.1,1,40
220.183.255.167,1,40
181.51.133.150,1,32
73.52.198.159,1,32
121.126.35.131,1,32
41.26.105.41,1,40
200.230.21.136,1,32
110.150.32.142,1,48
87.187.242.238,1,32
118.56.129.133,1,32
1.18.200.169,1,32
213.1.48.69,1,60
191.232.61.91,1,32
83.206.126.226,1,40
216.111.188.93,1,32
107.205.8.97,1,32
31.163.202.190,1,40
91.187.180.44,1,32
189.251.78.32,1,32
118.166.83.170,1,32
39.54.236.202,1,32
218.140.18.161,1,32
107.1.88.109,1,32
113.100.238.169,1,60
187.11.152.172,1,40
177.146.187.17,1,60
115.65.105.243,1,44
221.122.110.251,1,32
192.93.28.184,1,45
82.10.2.38,1,32
113.54.140.8,1,60
13.160.6.33,1,32
196.222.54.193,1,32
121.142.68.222,1,32
122.224.12.137,1,60
171.189.108.237,1,32
187.208.63.22,1,44
181.234.23.53,1,32
181.116.142.4,1,32
88.11.63.75,1,40
71.93.178.115,1,32
96.2.45.189,1,138
213.125.240.66,1,40
208.115.64.190,1,60
50.0.213.65,1,32
