,dip_ct,dip_pkt_size_ct
71.126.222.64,161569,9540572
163.33.174.19,1102,1644839
163.33.175.152,586,786038
133.149.209.144,1,40
150.75.21.192,1,60
150.75.56.209,1,44
133.11.70.129,66,6010
202.198.44.179,2701,3792600
203.77.125.33,2616,3898200
203.77.107.167,5448,187614
133.11.120.152,1,40
133.149.198.196,1,40
133.11.70.131,92,9325
203.77.116.213,697,345862
202.204.60.245,542,728673
133.149.197.11,1,40
163.33.93.237,4,597
133.11.75.202,1,40
150.75.155.22,1,40
163.33.215.97,1,40
203.77.46.75,1,40
133.11.70.134,84,8478
133.149.168.70,1,48
133.149.220.237,1,40
203.77.101.95,1,40
203.77.116.218,543,27632
150.75.64.142,1,58
150.75.192.47,1,40
133.149.210.228,1,40
203.77.85.52,1,40
133.149.224.27,1,44
203.77.93.246,1,40
163.33.104.22,156,125015
202.204.56.143,170,6120
163.33.205.136,2,80
163.33.52.218,1,40
163.33.232.56,18,10219
203.77.72.87,1,40
133.149.146.175,1,40
203.77.49.20,1,40
150.75.62.11,84,5237
150.75.190.104,1,40
203.77.126.180,1182,595915
203.77.4.67,1,40
150.75.154.150,1,40
202.198.17.11,1,40
133.149.205.115,1,76
163.33.138.173,71,43160
163.33.186.131,1,40
133.149.105.143,1,40
163.33.94.188,2,157
163.33.170.17,1,40
150.75.19.35,1,40
163.33.10.144,1,40
133.149.231.203,1,40
150.75.188.134,1,40
133.149.52.162,1,44
150.75.63.99,62,3470
150.75.194.199,1,40
133.149.216.115,1,40
150.75.21.219,1,40
203.77.115.33,113,14792
163.33.66.178,1,40
203.77.124.21,4,268
133.149.145.105,1,40
133.11.115.222,1,40
133.11.80.84,1,40
150.75.210.199,1,40
133.149.158.101,1,40
133.149.70.69,1,40
202.198.22.112,1,40
133.149.48.19,1,40
202.25.109.121,369,337806
163.33.190.138,1,40
163.33.63.245,1,40
133.11.70.143,64,6143
150.75.250.47,1,40
150.75.109.124,1,44
203.77.31.13,1,40
133.11.70.148,161,16296
203.77.85.135,13,1248
203.77.77.5,1,40
133.11.69.194,76,4450
150.75.61.106,1,40
163.33.79.228,1,44
163.33.153.20,94,63502
202.198.7.126,59,32936
133.11.70.135,50,4499
133.11.86.219,1,40
150.75.134.204,1,40
150.75.126.99,1,40
133.11.124.112,2,80
163.33.150.79,1,40
150.75.167.161,1,40
133.11.70.149,61,6151
163.33.98.53,1,40
150.75.206.35,1,40
150.75.88.105,1,40
133.149.143.134,1,40
150.75.111.153,1,40
163.33.61.72,1,40
163.33.92.36,6,3768
202.198.46.44,1,40
163.33.49.63,1,40
202.198.17.189,1,40
133.149.17.124,1,40
203.77.126.80,134,7265
163.33.63.169,5,1506
163.33.19.173,1,160
133.149.85.22,1,40
133.149.190.180,1,40
203.77.63.203,1,40
203.77.28.240,1,40
163.33.189.11,1,40
150.75.117.92,1,40
150.75.63.125,70,3882
203.77.76.132,1,40
163.33.234.121,1,40
150.75.85.182,1,40
150.75.239.129,1,40
163.33.94.130,11,13884
203.77.15.242,1,40
203.77.50.126,1,40
150.75.168.6,1,40
203.77.24.186,1,40
150.75.99.90,1,44
133.11.99.40,1,48
150.75.58.108,1,40
150.75.8.100,1,40
203.77.116.226,9,378
163.33.0.235,2,168
150.75.119.255,1,40
202.25.107.238,1,52
202.204.62.169,155,85040
133.11.91.124,1,40
163.33.142.167,1,40
163.33.92.60,182,212709
150.75.56.62,1,40
203.77.75.172,2,80
150.75.47.123,1,40
163.33.212.70,1,40
203.77.72.215,1,40
203.77.104.163,1,40
203.77.89.23,1,58
150.75.182.161,1,40
150.75.199.176,1,40
133.149.93.85,1,40
203.77.118.202,177,13452
163.33.180.22,1,40
133.11.88.69,1,40
150.75.14.75,1,40
133.149.212.16,1,40
133.149.17.137,1,40
163.33.174.24,76,16829
202.198.14.103,1,40
150.75.49.55,1,40
203.77.18.31,1,40
163.33.90.84,1,40
150.75.13.225,1,40
150.75.252.108,1,40
133.11.70.214,38,40217
203.77.122.57,69,5717
150.75.23.58,1,40
133.11.70.159,73,7253
163.33.2.254,1,40
163.33.47.38,1,40
163.33.183.70,1,40
133.11.97.58,1,40
163.33.8.210,2,80
150.75.168.16,1,44
133.11.85.194,1,40
133.149.213.116,1,40
163.33.80.4,2,141
133.11.70.139,75,6927
203.77.77.14,1,40
133.149.220.247,1,40
202.198.24.164,1,40
163.33.132.68,2,139
163.33.97.143,1,40
133.11.70.140,68,6498
150.75.69.90,1,40
133.11.70.133,70,3900
163.33.140.133,5,507
202.204.60.112,679,1000210
163.33.237.235,1,40
163.33.93.153,12,624
133.11.70.152,77,8064
202.204.58.253,5,200
133.11.69.148,59,3496
133.11.70.128,65,6038
150.75.18.76,1,40
150.75.52.46,1,40
203.77.49.69,1,44
202.198.12.46,1,40
163.33.77.66,1,40
163.33.134.102,1,40
150.75.88.77,1,40
150.75.105.73,1,40
203.77.103.145,1,40
133.149.169.71,1,40
133.11.70.137,76,7502
163.33.193.91,1,40
163.33.19.183,34,4313
150.75.175.234,1,40
163.33.93.112,17,884
150.75.18.29,1,40
133.149.158.147,1,40
163.33.116.242,1,40
202.198.34.121,1,40
203.77.34.145,1,40
202.198.46.27,1,40
163.33.140.20,1,40
150.75.25.41,1,40
150.75.233.213,1,40
202.198.5.13,2,80
133.149.204.230,1,60
133.149.199.205,1,40
150.75.133.245,1,40
150.75.98.69,1,40
150.75.76.197,1,40
163.33.192.37,1,60
133.149.83.87,2,80
163.33.35.213,1,40
202.198.6.150,1,40
133.149.13.107,8,992
133.149.164.35,2,88
163.33.96.129,2,80
150.75.240.57,1,40
133.149.89.101,1,40
133.11.70.138,42,4027
150.75.80.29,3,154
163.33.59.5,1,44
150.75.33.187,1,40
150.75.117.53,1,40
133.149.132.109,1,44
133.149.187.221,1,58
150.75.133.185,1,40
163.33.39.53,1,40
133.149.117.61,1,40
133.149.153.169,1,40
163.33.248.162,7,364
163.33.105.199,1,40
150.75.36.5,1,44
163.33.140.167,4,1050
133.149.157.250,1,40
163.33.239.50,1,40
203.77.118.106,2,98
203.77.15.168,1,40
163.33.61.106,2,80
150.75.97.105,1,40
150.75.210.158,1,40
163.33.245.21,1,40
150.75.237.201,1,40
150.75.98.172,1,40
133.149.14.185,1,40
150.75.239.64,1,40
133.149.102.107,1,40
150.75.45.21,1,40
133.11.100.0,2,100
163.33.57.161,10,1397
133.149.132.201,1,40
203.77.100.54,1,44
133.149.218.175,1,40
150.75.238.134,1,40
133.11.70.160,3,303
133.11.92.112,1,48
202.198.5.63,1,40
150.75.117.55,1,40
163.33.205.178,1,40
133.11.85.103,1,44
150.75.212.37,1,40
150.75.4.135,1,40
163.33.191.103,7,850
150.75.233.18,1,40
150.75.231.164,1,40
163.33.92.94,9,1657
150.75.144.56,1,40
133.11.102.192,1,40
133.149.110.90,1,52
203.77.33.1,1,40
133.11.85.12,2,80
163.33.19.76,1,40
133.11.80.158,1,40
163.33.121.166,1,40
202.198.44.138,1777,2405361
133.149.83.97,1,40
203.77.20.135,1,40
163.33.92.0,3,158
203.77.118.188,17,5719
203.77.127.32,4,285
133.149.222.240,2,156
133.11.70.195,72,4307
133.149.13.158,1,40
202.198.15.249,1,40
150.75.62.28,58,3050
203.77.5.88,1,40
133.149.231.189,1,40
163.33.69.213,1,40
203.77.127.38,1,40
203.77.127.156,1,40
150.75.149.34,1,40
133.149.216.127,1,44
203.77.90.121,1,40
202.198.3.64,1,40
150.75.200.37,1,44
133.149.103.104,1,40
203.77.116.197,5,286
133.11.70.180,2,263
163.33.45.149,1,52
163.33.18.219,1,40
133.149.24.233,1,40
133.11.70.147,74,7199
163.33.160.222,1,40
133.149.48.153,1,40
203.77.117.51,1,40
163.33.19.232,1,40
163.33.131.96,1,40
203.77.115.6,25,2626
133.149.141.31,1,40
202.198.40.212,1,40
203.77.53.12,1,40
203.77.124.191,1,40
203.77.126.74,1,84
150.75.20.96,1,40
133.149.253.98,1,44
150.75.98.117,1,40
202.198.62.79,2,80
163.33.245.61,2,80
163.33.17.192,1,40
203.77.120.249,143,91420
133.149.31.185,1,40
133.11.70.155,70,6996
133.11.102.21,1,40
133.11.70.176,2,263
150.75.28.213,1,40
133.11.70.166,2,263
150.75.237.181,1,40
150.75.191.155,1,40
133.149.64.105,1,40
133.11.70.172,2,263
203.77.16.152,1,68
202.198.0.213,1,40
203.77.106.236,20,7895
163.33.99.49,1,52
203.77.59.13,1,40
203.77.21.15,1,40
163.33.86.99,1,40
150.75.143.192,2,80
163.33.164.112,1,40
150.75.188.16,1,40
150.75.38.251,1,40
163.33.225.224,2,80
163.33.144.82,1,40
150.75.94.99,1,40
163.33.182.104,1,40
163.33.194.83,1,40
203.77.115.52,1191,1750036
133.149.254.22,1,40
163.33.94.65,1,300
150.75.234.93,1,40
133.11.70.171,3,323
150.75.233.197,1,40
150.75.50.54,1,40
133.11.70.154,88,8674
150.75.164.136,1,40
163.33.241.80,68,2720
203.77.44.168,3,132
150.75.122.168,1,40
163.33.215.252,1,40
133.149.144.102,2,80
163.33.25.30,1,40
150.75.138.202,1,40
150.75.250.249,1,40
203.77.120.187,2,80
163.33.94.96,1,48
150.75.145.79,1,40
150.75.246.186,2,80
203.77.9.203,1,40
203.77.82.210,1,40
133.11.95.36,1,40
203.77.120.223,1,96
163.33.139.108,1,40
150.75.32.163,1,40
163.33.171.71,1,40
150.75.228.72,1,40
133.149.136.120,1,40
163.33.144.221,1,40
163.33.95.126,1,40
133.11.76.65,1,40
150.75.33.74,1,40
133.149.2.242,1,40
133.149.128.176,2,80
133.149.72.2,1,40
203.77.122.181,1,40
202.198.12.173,1,40
133.149.174.177,1,40
163.33.94.137,1,52
203.77.64.116,1,40
133.149.234.185,1,40
163.33.140.7,4,465
163.33.188.28,18,936
133.11.81.0,1,40
133.11.92.61,1,44
133.11.68.173,1,60
203.77.24.154,1,40
163.33.132.39,31,19235
163.33.203.125,5,240
133.11.70.151,50,4704
163.33.99.209,1,40
133.149.254.126,1,40
163.33.140.242,11,12665
133.149.251.112,1,40
133.149.40.219,1,40
203.77.120.28,9,432
150.75.118.154,1,40
150.75.124.64,1,40
202.198.48.149,1,40
202.198.12.130,1,40
133.149.110.141,1,40
202.198.34.170,1,40
163.33.133.84,1,40
133.149.215.221,1,40
163.33.151.222,1,40
150.75.152.24,1,44
150.75.14.17,1,40
203.77.100.88,1,40
150.75.71.153,1,44
150.75.254.139,1,40
150.75.245.170,1,40
163.33.199.217,1,40
150.75.253.99,1,40
203.77.24.93,1,40
133.149.28.228,1,40
163.33.254.91,1,40
163.33.238.198,1,52
202.198.60.63,1,40
203.77.16.2,1,40
150.75.45.155,1,40
203.77.122.197,1,136
133.11.70.146,91,8868
133.11.70.157,64,6267
202.198.12.205,1,40
133.11.76.42,1,40
150.75.124.99,1,40
150.75.119.245,1,40
163.33.213.173,1,40
150.75.125.60,3,200
203.77.102.84,1,45
133.149.184.34,1,40
133.149.227.223,1,40
163.33.28.109,18,4776
163.33.28.236,1,40
150.75.197.140,1,40
163.33.216.55,1,40
202.25.107.156,1,60
202.198.19.113,1,60
133.149.153.251,1,40
133.11.105.50,1,40
163.33.93.4,4,497
150.75.236.82,1,40
203.77.124.168,4,336
133.149.2.139,1,40
163.33.54.221,1,40
163.33.24.140,10,1212
202.204.63.198,1,40
133.149.53.203,8,320
150.75.228.73,1,40
133.149.216.61,1,40
163.33.188.7,1,44
202.198.15.63,1,40
133.149.45.167,2,80
203.77.113.142,1,44
133.149.245.219,1,40
150.75.144.224,1,40
203.77.80.24,1,40
163.33.92.146,206,276355
163.33.236.240,1,40
133.149.224.120,1,40
150.75.153.201,1,40
163.33.122.180,7,336
133.149.217.41,1,40
163.33.73.100,1,40
133.11.81.18,1,40
150.75.198.66,1,40
133.149.13.223,1,40
133.149.102.239,1,40
133.149.25.228,1,40
150.75.217.170,1,40
133.11.70.196,14,2108
133.149.61.242,1,40
133.149.61.165,1,40
133.149.130.118,1,40
203.77.116.214,6,805
133.11.68.228,1,44
163.33.58.229,1,40
163.33.152.59,1,44
133.149.206.82,1,40
203.77.25.15,1,40
133.149.120.145,1,44
133.11.70.130,127,12372
163.33.203.33,14,1190
133.11.70.144,56,5474
202.198.34.96,1,40
150.75.175.66,1,40
133.149.34.21,2,80
150.75.98.177,1,40
203.77.124.115,1,52
133.149.139.124,1,40
202.204.63.66,1,40
150.75.164.214,1,40
133.149.5.63,1,40
203.77.36.95,1,40
133.11.65.92,1,40
163.33.124.106,1,44
150.75.9.210,1,40
163.33.25.174,3,120
133.149.49.219,1,40
163.33.195.186,4,587
133.149.61.155,1,40
150.75.65.202,1,40
133.149.77.164,1,40
150.75.47.220,1,40
133.149.170.252,1,76
203.77.15.219,1,40
202.198.50.254,1,40
150.75.239.253,1,40
133.149.239.34,1,40
133.11.70.156,73,7487
133.149.32.171,1,40
150.75.224.205,1,40
163.33.80.85,1,40
163.33.93.211,2,143
150.75.236.74,1,40
202.198.34.94,1,40
150.75.103.192,1,40
150.75.243.192,1,40
202.198.0.156,2,619
203.77.95.198,1,40
133.11.108.110,1,40
133.149.37.53,1,40
203.77.85.37,1,40
203.77.65.54,1,40
203.77.26.180,1,40
133.149.171.253,1,40
133.149.46.213,1,40
163.33.235.38,6,312
163.33.139.29,1,40
133.149.141.141,1,40
150.75.62.224,1,79
163.33.194.101,1,40
163.33.27.68,1,40
163.33.251.42,1,40
133.11.70.165,2,263
133.149.178.98,1,40
202.204.57.117,1,40
163.33.143.61,3,172
163.33.67.186,1,44
163.33.238.248,1,58
163.33.140.248,26,8867
163.33.182.240,1,40
133.149.38.20,1,40
133.149.101.34,1,40
163.33.174.41,2,80
133.11.70.183,2,263
163.33.116.50,8,4224
133.149.77.229,1,40
133.149.77.18,1,40
150.75.203.188,1,40
202.198.15.114,1,40
133.11.127.21,1,40
203.77.15.181,1,40
163.33.93.219,1,297
203.77.89.1,1,44
163.33.141.213,6,958
133.11.70.189,2,263
150.75.240.16,1,40
133.149.7.5,1,40
203.77.70.97,1,40
133.149.72.144,1,68
163.33.63.131,8,1476
150.75.108.65,1,40
133.149.77.31,1,40
163.33.229.144,3,120
133.11.70.186,2,263
202.198.23.202,2,80
203.77.23.83,1,40
150.75.82.56,1,40
150.75.15.29,1,40
133.149.131.15,1,44
150.75.84.251,1,40
203.77.115.51,26,2144
163.33.46.246,1,44
203.77.63.121,1,40
133.149.10.84,1,40
163.33.140.102,15,780
202.198.21.125,1,60
133.11.70.141,24,2306
133.149.1.241,1,40
133.11.70.164,2,263
133.149.33.97,1,40
163.33.68.148,1,40
202.198.41.31,1,40
133.149.171.227,1,40
133.149.218.40,1,40
133.149.203.124,1,40
163.33.47.187,1,40
163.33.77.221,1,40
150.75.78.101,1,40
203.77.50.237,1,40
133.149.39.26,1,40
150.75.23.162,1,40
133.11.102.128,1,44
150.75.207.73,1,40
203.77.77.81,1,40
150.75.184.162,1,40
133.11.70.142,50,4809
133.149.103.93,1,40
202.198.33.25,1,40
133.149.79.247,1,40
150.75.47.26,1,40
133.149.58.138,1,40
203.77.126.93,1,40
150.75.224.235,1,40
163.33.94.56,5,236
133.149.153.15,1,40
163.33.173.74,1,52
203.77.21.169,1,40
150.75.217.191,1,40
163.33.240.91,1,40
133.149.227.187,1,40
163.33.238.45,2,104
163.33.95.139,1,40
203.77.70.195,1,40
163.33.77.35,1,40
163.33.140.239,18,11853
150.75.228.66,1,40
133.11.70.178,2,263
163.33.37.64,1,40
202.204.60.85,14,2284
203.77.118.7,1,40
150.75.189.8,1,40
150.75.212.175,1,44
150.75.84.222,1,40
163.33.191.165,1,40
150.75.120.130,1,40
133.149.216.15,1,40
133.149.101.18,1,40
203.77.50.161,1,40
163.33.95.146,2,2312
163.33.235.61,4,376
163.33.120.198,1,40
163.33.130.80,2,84
133.149.8.245,1,40
133.149.185.61,1,40
150.75.53.180,1,40
203.77.118.30,1,40
133.149.27.148,1,40
133.149.58.251,1,40
133.149.255.112,3,120
163.33.51.167,1,40
133.149.151.16,1,44
163.33.94.82,2,135
133.149.131.38,1,40
150.75.177.37,1,40
150.75.89.10,1,40
163.33.60.103,1,40
163.33.62.132,2,900
202.198.46.170,1,40
202.198.39.82,1,40
163.33.55.144,1,40
163.33.93.43,10,2445
133.11.88.195,1,40
163.33.90.153,1,40
133.11.90.245,1,40
203.77.26.9,1,40
203.77.93.249,1,40
133.149.245.226,1,40
150.75.184.194,1,40
202.204.56.155,20,8150
133.149.107.100,1,40
163.33.176.4,1,44
163.33.157.17,1,44
150.75.33.106,1,40
150.75.196.213,1,40
203.77.121.102,3,216
203.77.82.47,1,40
163.33.175.253,1,40
133.11.70.170,2,263
133.149.18.12,1,40
163.33.162.217,1,40
133.11.70.168,1,40
133.11.70.185,5,659
133.149.75.20,1,40
163.33.75.101,1,44
150.75.49.228,1,40
133.149.169.44,1,30
133.149.66.185,2,80
150.75.38.44,1,40
203.77.113.247,30,30429
202.198.38.175,1,40
163.33.247.5,1,40
133.149.162.85,1,40
133.149.131.20,1,40
133.149.222.24,1,40
133.11.74.158,1,40
203.77.127.55,17,1292
203.77.126.47,2,80
133.149.7.22,1,40
133.149.176.114,1,40
150.75.172.16,1,40
133.149.140.69,1,40
133.149.35.70,1,40
133.11.70.173,2,263
203.77.82.15,1,40
133.149.187.56,1,40
133.149.253.79,1,40
203.77.44.194,1,40
202.204.59.72,1,40
163.33.171.190,1,44
203.77.43.85,1,40
150.75.109.166,2,80
150.75.74.95,1,40
203.77.51.61,1,40
150.75.151.184,1,40
150.75.201.185,1,40
133.149.117.251,2,80
163.33.162.165,1,40
150.75.241.1,1,40
150.75.136.71,1,40
133.149.145.108,1,40
150.75.71.38,1,40
133.149.93.156,1,40
133.11.70.174,2,263
163.33.121.212,2,80
163.33.248.192,1,40
150.75.89.43,1,40
163.33.47.22,1,40
150.75.181.147,1,40
133.149.86.138,1,40
133.11.70.153,37,3022
133.11.81.188,1,40
163.33.236.111,1,40
203.77.50.216,1,40
133.149.17.99,1,44
163.33.9.48,1,52
150.75.47.7,1,40
150.75.18.182,1,40
133.11.70.191,8,603
133.149.26.212,1,40
133.11.79.39,1,40
163.33.129.66,1,40
133.149.118.207,1,40
150.75.32.74,1,40
163.33.191.226,3,754
163.33.136.56,1,40
163.33.174.43,1,40
133.149.159.51,1,40
163.33.94.200,10,957
163.33.227.238,1,40
163.33.164.186,1,40
133.149.250.211,1,40
133.149.104.252,1,40
202.204.56.207,1,40
163.33.41.69,1,40
163.33.229.196,1,44
150.75.166.56,1,40
133.11.70.150,84,8490
203.77.4.194,1,40
133.11.70.169,2,263
150.75.169.183,1,40
203.77.39.21,1,40
163.33.220.106,1,40
163.33.59.170,12,5832
163.33.143.173,1,44
163.33.226.136,1,40
150.75.3.41,1,52
163.33.89.154,1,40
163.33.78.75,1,40
133.149.219.222,2,80
163.33.158.22,1,40
163.33.95.51,27,11859
133.149.249.192,1,40
163.33.17.127,1,40
150.75.167.241,1,40
163.33.230.249,1,40
150.75.86.229,1,40
133.149.103.21,1,40
163.33.147.43,1,40
150.75.35.188,1,40
202.198.16.160,1,40
163.33.199.184,1,40
133.11.96.160,1,121
133.11.70.158,39,3556
133.149.159.28,1,52
163.33.201.199,9,432
133.149.92.158,1,40
133.149.229.164,1,40
150.75.19.233,2,92
133.11.70.136,64,5967
133.149.67.102,1,40
150.75.69.188,1,40
150.75.9.153,1,40
150.75.128.125,1,40
163.33.87.177,1,44
133.149.78.254,1,40
163.33.78.147,1,40
150.75.87.28,1,40
133.149.17.120,1,40
203.77.73.180,1,40
163.33.178.251,1,40
133.149.203.119,1,40
150.75.54.60,1,40
133.11.70.182,2,263
133.149.36.85,1,40
133.149.132.10,1,40
133.149.121.43,1,40
163.33.120.195,1,40
133.149.70.4,1,28
150.75.35.113,2,80
163.33.105.106,5,262
203.77.21.99,1,40
150.75.215.78,1,40
133.149.128.88,1,40
203.77.70.64,1,40
163.33.15.20,1,40
203.77.118.218,5,244
163.33.132.142,1,40
150.75.24.156,1,40
133.149.10.163,1,44
150.75.188.57,1,40
150.75.164.177,1,40
133.11.70.145,30,2600
133.149.8.48,1,40
203.77.41.144,1,40
150.75.75.185,1,40
150.75.34.2,1,40
163.33.95.100,196,211923
150.75.144.234,1,44
133.149.97.114,1,40
203.77.19.228,1,40
163.33.186.163,1,40
163.33.102.56,1,44
163.33.188.117,1,40
163.33.8.150,1,44
133.149.194.15,1,40
163.33.229.21,1,40
163.33.141.223,560,698397
133.11.114.192,1,40
163.33.17.109,1,40
133.149.213.165,1,40
203.77.121.92,1,40
150.75.101.175,1,40
133.11.100.37,1,40
202.204.62.34,1,60
133.149.44.207,1,40
202.198.43.76,1,40
150.75.192.240,1,40
150.75.128.105,1,40
150.75.171.98,1,40
133.149.241.39,1,40
133.149.82.96,1,40
202.204.57.97,2,80
133.11.70.187,2,263
150.75.16.69,1,52
150.75.235.36,1,40
150.75.254.148,1,40
163.33.199.179,1,40
150.75.66.126,1,40
150.75.38.196,1,40
133.149.2.134,1,40
202.198.45.239,1,40
133.11.70.181,2,263
150.75.138.192,1,40
150.75.84.15,1,40
150.75.124.162,6,300
150.75.35.221,1,52
163.33.93.177,2,80
163.33.163.229,1,40
150.75.7.7,1,40
163.33.95.66,3,447
133.149.244.230,2,80
163.33.236.19,11,11509
163.33.187.154,1,40
163.33.26.118,1,40
133.149.212.132,1,40
150.75.3.122,1,576
203.77.44.95,1,40
163.33.140.0,33,34616
163.33.191.11,1,40
150.75.74.101,1,40
150.75.154.157,1,40
163.33.107.219,1,52
150.75.125.37,3,172
202.198.38.69,1,40
150.75.254.74,1,40
150.75.132.254,1,44
133.149.91.50,1,40
163.33.154.40,1,40
150.75.61.92,1,40
150.75.234.167,1,40
150.75.47.182,1,52
163.33.94.101,23,12949
150.75.32.216,1,40
163.33.4.154,1,52
133.149.121.226,1,76
163.33.236.131,10,1099
202.198.39.164,1,44
133.149.14.172,1,40
133.149.35.174,1,40
203.77.61.7,1,40
203.77.126.59,2,168
133.11.81.181,1,44
150.75.61.77,1,40
133.149.45.229,1,40
203.77.118.113,7,672
163.33.95.69,9,2003
133.149.227.243,1,40
150.75.17.13,1,40
203.77.116.240,1,40
202.204.57.177,1,40
150.75.167.111,1,44
133.149.128.231,1,40
203.77.34.52,1,40
150.75.133.17,1,44
163.33.179.249,1,40
150.75.220.103,1,40
163.33.247.38,1,40
133.149.37.124,1,40
163.33.121.227,1,40
163.33.26.236,1,40
150.75.65.233,1,44
133.149.215.183,1,40
163.33.247.224,1,40
133.11.119.118,1,40
202.198.55.4,1,70
150.75.9.4,1,40
150.75.116.115,1,40
150.75.17.40,1,40
133.149.184.94,1,40
163.33.79.20,1,40
203.77.97.44,1,40
150.75.90.28,1,40
150.75.91.232,1,40
202.198.1.191,1,40
203.77.113.192,3,214
150.75.8.185,1,40
150.75.147.27,1,40
150.75.94.41,1,40
163.33.232.138,14,1702
163.33.239.230,1,40
133.149.162.199,1,40
150.75.135.61,2,80
163.33.93.33,3,317
203.77.52.68,1,40
163.33.163.224,1,40
202.198.10.236,1,40
133.149.91.120,1,40
133.149.2.252,1,40
133.149.97.73,1,44
150.75.99.220,1,44
163.33.46.75,1,40
163.33.143.114,1,52
203.77.4.35,7,336
202.25.109.245,1,40
133.149.2.233,1,40
163.33.94.207,8,2493
163.33.25.244,1,40
203.77.67.131,1,721
150.75.20.218,1,40
163.33.131.104,1,40
202.198.37.127,1,40
163.33.146.41,1,40
133.149.169.169,1,40
163.33.18.26,1,40
163.33.74.118,1,40
150.75.39.236,1,40
163.33.29.123,1,40
163.33.141.196,2,277
150.75.187.157,1,40
150.75.72.219,1,40
163.33.95.138,13,2142
150.75.227.19,1,40
163.33.151.113,1,40
150.75.28.74,1,40
163.33.209.14,1,40
163.33.109.205,1,40
163.33.12.182,15,1253
163.33.212.126,1,40
202.198.61.62,1,40
133.149.235.158,1,40
203.77.90.168,1,729
203.77.98.87,1,40
163.33.182.32,1,40
133.149.113.227,1,44
150.75.17.31,1,40
163.33.0.176,1,40
133.149.67.40,1,40
203.77.127.81,4,336
163.33.108.3,1,40
163.33.147.42,1,40
203.77.83.105,1,40
150.75.190.9,1,40
203.77.34.146,1,40
133.11.70.179,2,127
150.75.73.47,1,40
202.198.42.148,1,40
133.149.144.85,1,40
133.149.179.58,1,40
133.149.39.55,1,40
163.33.109.188,1,40
133.149.211.90,1,40
133.11.82.221,1,40
202.198.2.77,1,40
203.77.3.176,1,40
163.33.91.237,1,40
163.33.146.71,8,554
203.77.106.221,1,40
133.149.240.220,1,40
150.75.128.66,1,40
133.11.70.37,1,40
150.75.182.169,1,40
163.33.231.4,1,40
163.33.188.26,1,69
203.77.65.252,1,40
133.149.79.204,2,80
133.11.120.127,1,40
150.75.239.114,1,40
150.75.211.230,1,40
133.11.121.229,1,40
150.75.246.71,1,44
150.75.156.4,1,40
163.33.133.90,1,40
133.149.99.106,1,40
163.33.110.243,1,40
133.149.232.217,1,40
150.75.163.64,1,40
133.149.129.249,1,60
150.75.170.47,1,40
133.149.45.94,1,40
133.11.100.183,1,40
163.33.172.99,1,40
163.33.38.133,1,44
203.77.95.213,1,44
202.198.0.227,1,40
163.33.171.40,1,40
133.149.128.119,1,40
133.11.88.102,1,40
150.75.193.220,1,40
150.75.45.18,1,40
133.149.164.46,1,52
133.149.107.96,1,576
203.77.11.243,1,40
150.75.83.105,1,40
150.75.85.88,1,40
163.33.42.8,1,40
203.166.184.154,4,645
133.149.87.125,1,52
150.75.161.187,1,44
163.33.80.19,23,34303
163.33.94.10,1,44
150.75.247.196,1,40
163.33.62.185,1,44
163.33.2.0,1,44
163.33.91.117,1,40
133.149.224.118,1,40
163.33.155.16,1,44
163.33.95.255,6,7594
133.149.246.78,1,40
150.75.105.19,1,40
163.33.162.8,1,40
150.75.168.217,1,40
150.75.17.206,1,40
163.33.145.180,1,40
163.33.229.43,1,40
163.33.93.8,1,40
133.11.88.166,1,40
150.75.93.244,1,40
150.75.81.49,1,40
163.33.217.13,5,240
202.198.5.74,1,44
133.149.221.138,1,40
163.33.165.51,2,80
150.75.105.101,1,40
203.77.0.106,1,52
133.149.229.151,1,40
150.75.234.56,1,40
203.77.122.176,1,40
150.75.46.123,1,40
133.149.164.234,1,40
163.33.213.203,1,44
133.149.35.25,8,384
150.75.166.227,1,40
203.77.9.111,1,40
133.149.22.126,1,40
133.149.0.179,2,80
203.77.122.68,1,40
203.77.64.55,1,40
163.33.251.178,1,40
133.149.249.244,1,52
163.33.76.16,1,121
163.33.183.214,1,40
202.204.62.232,41,8928
163.33.65.30,1,40
202.204.60.12,48,6832
202.204.57.136,1,44
163.33.70.31,1,40
150.75.62.152,1,40
163.33.106.71,1,40
163.33.112.200,1,40
203.77.60.164,1,40
133.149.137.79,1,40
133.149.65.66,1,44
203.77.90.246,1,40
133.149.95.175,1,44
163.33.65.6,1,40
163.33.180.183,1,40
133.11.79.85,1,40
150.75.136.18,1,40
203.77.25.136,1,40
150.75.93.156,1,40
150.75.66.141,1,40
133.149.152.124,1,40
203.77.101.106,1,44
133.149.10.70,1,40
203.77.55.252,1,40
202.198.61.156,1,40
203.77.78.73,1,51
133.149.253.166,2,80
133.149.228.35,2,120
163.33.67.217,1,40
203.77.3.227,1,40
163.33.91.194,1,40
150.75.213.71,1,40
202.198.24.203,2,92
163.33.139.237,1,40
202.198.61.51,1,40
150.75.169.248,1,40
163.33.169.206,1,40
150.75.35.7,1,40
163.33.143.112,1,44
163.33.138.244,1,40
150.75.168.101,1,40
163.33.151.120,1,40
133.149.54.40,1,40
202.198.59.150,1,40
203.77.78.129,1,40
150.75.101.137,1,40
133.149.215.99,1,40
203.77.38.231,1,40
163.33.154.81,1,40
203.77.27.231,1,40
133.149.170.32,1,40
133.149.34.162,1,40
163.33.136.144,1,40
133.149.43.15,1,40
133.11.82.186,1,40
163.33.171.81,1,40
163.33.65.115,1,40
150.75.173.10,1,40
150.75.189.187,1,40
163.33.73.199,1,44
163.33.73.177,1,44
150.75.118.220,1,40
163.33.16.111,1,43
133.11.72.101,1,40
133.11.80.37,1,52
163.33.66.141,1,44
202.198.60.32,1,40
133.11.95.68,1,40
150.75.32.165,1,40
150.75.11.45,1,40
150.75.215.109,1,40
163.33.216.146,1,60
163.33.48.64,1,40
163.33.145.236,2,80
163.33.24.233,1,40
203.77.100.131,1,40
202.204.56.183,15,1376
163.33.73.83,1,44
202.198.53.240,1,40
133.149.255.197,1,40
163.33.189.252,1,40
203.77.52.88,1,40
150.75.46.167,1,40
202.25.109.165,1,44
203.77.60.36,1,40
150.75.119.209,1,40
163.33.233.83,1,40
150.75.85.141,1,40
133.149.3.43,1,40
150.75.22.137,1,40
150.75.33.68,1,40
150.75.166.202,1,40
133.149.253.248,2,80
163.33.26.2,1,44
163.33.95.29,1,44
203.77.96.38,1,40
133.149.184.232,1,40
133.149.131.144,1,40
163.33.229.60,1,40
133.149.253.247,2,80
150.75.118.249,1,40
133.149.146.183,1,40
133.149.224.3,1,40
203.77.118.196,3,501
163.33.172.86,1,40
133.149.2.196,1,40
133.149.197.162,1,40
133.149.34.76,1,40
133.149.129.16,1,60
163.33.79.73,1,40
133.149.70.65,1,40
133.149.110.204,1,40
150.75.220.131,1,40
150.75.91.41,2,80
163.33.140.194,7,1644
163.33.218.236,2,704
163.33.133.93,1,40
133.11.75.226,1,40
150.75.176.223,1,40
133.11.75.139,1,40
163.33.232.199,9,1029
163.33.9.5,4,240
133.149.31.132,1,40
203.77.103.234,1,52
150.75.86.157,1,40
133.149.245.162,1,40
203.77.83.138,1,44
202.204.62.187,2,80
203.77.35.59,1,40
133.149.187.123,1,40
150.75.213.204,1,40
203.77.118.198,1,40
202.198.46.224,1,44
202.198.35.121,1,40
203.77.96.244,1,40
133.149.253.227,1,40
203.77.77.38,1,40
133.149.253.237,2,80
203.77.109.69,1,40
163.33.238.6,1,44
133.11.69.231,1,29
163.33.138.12,1,40
133.149.250.14,1,40
150.75.69.6,1,44
133.149.216.135,1,40
203.77.113.193,2,148
163.33.11.189,1,40
163.33.99.26,1,40
163.33.194.2,1,40
163.33.250.13,1,40
150.75.214.89,1,40
163.33.121.165,1,40
203.77.121.91,1,125
150.75.2.27,1,44
133.149.182.178,1,40
163.33.216.155,1,44
163.33.94.78,1,40
163.33.73.84,1,44
163.33.77.157,1,40
203.77.113.245,6,4651
150.75.29.160,1,40
133.11.70.132,107,10650
133.149.217.105,1,40
133.149.129.205,1,60
203.77.105.245,1,40
163.33.126.140,1,40
163.33.92.90,1,40
163.33.19.243,1,40
150.75.120.64,1,40
203.77.62.38,1,40
133.149.91.35,1,79
133.149.9.213,1,40
133.149.122.165,1,40
203.77.26.185,1,40
203.77.40.99,1,40
203.77.119.99,1,40
133.149.147.222,1,40
133.149.91.57,1,79
163.33.19.73,1,40
150.75.175.132,7,280
150.75.10.40,1,40
133.149.136.191,1,40
203.77.73.246,2,80
163.33.184.99,1,40
150.75.175.6,1,44
133.149.109.202,1,40
150.75.164.51,1,40
163.33.176.25,1,40
133.149.195.148,2,84
133.11.108.85,1,40
133.149.31.201,1,40
203.77.105.209,1,40
133.149.63.105,7,328
133.149.168.135,1,40
133.11.64.47,1,60
150.75.140.222,1,40
133.149.242.42,2,80
133.149.206.233,1,40
133.149.131.168,1,40
133.149.170.228,1,40
150.75.200.183,1,72
163.33.12.169,1,40
203.77.23.110,1,40
202.198.60.31,1,40
163.33.233.60,1,40
203.77.108.67,1,48
133.149.123.51,1,40
150.75.75.73,1,40
150.75.52.71,1,40
133.149.80.90,1,40
133.149.63.97,1,40
202.198.44.196,4,771
150.75.141.164,1,44
150.75.205.57,1,40
163.33.100.148,1,40
163.33.96.116,1,40
150.75.158.225,1,40
150.75.134.11,1,40
133.149.108.136,1,40
133.11.91.139,1,40
133.149.243.112,1,40
133.11.70.198,4,416
150.75.87.107,1,40
150.75.107.65,1,44
150.75.43.251,1,40
163.33.250.195,1,40
150.75.43.161,1,40
133.149.179.122,1,40
163.33.213.82,1,40
133.149.189.100,1,40
163.33.31.25,1,40
150.75.214.121,1,40
133.149.223.154,1,40
133.149.84.141,1,576
150.75.81.159,1,40
133.149.66.84,1,40
203.77.90.227,1,40
133.149.238.122,1,40
133.11.125.183,1,44
163.33.63.130,6,1218
150.75.221.98,1,40
150.75.125.61,1,44
150.75.122.173,1,40
202.198.3.70,1,52
202.198.19.2,1,40
133.149.43.218,2,84
133.149.80.133,1,40
163.33.63.128,7,1394
163.33.221.53,1,40
133.11.96.108,1,40
150.75.55.21,1,40
150.75.210.160,1,40
150.75.212.159,1,40
203.77.126.182,1,40
203.77.49.85,1,40
203.77.99.117,1,40
150.75.138.9,1,40
163.33.240.232,1,40
202.198.12.146,1,40
150.75.62.67,1,40
150.75.8.41,1,40
133.149.95.179,1,40
150.75.149.27,2,92
203.77.98.73,1,40
133.149.10.243,1,40
163.33.121.215,1,44
202.198.43.212,1,40
150.75.122.144,1,40
163.33.64.69,1,40
203.77.94.58,1,40
150.75.85.147,1,40
163.33.6.223,1,40
133.149.138.0,1,40
150.75.50.206,1,40
203.77.121.78,3,308
203.77.62.255,1,40
133.11.108.54,1,44
163.33.194.75,1,40
203.77.124.2,4,260
133.149.154.137,1,40
163.33.213.91,1,40
133.149.168.196,1,40
203.77.102.140,1,40
133.149.86.162,1,40
163.33.47.146,1,40
150.75.70.203,1,40
163.33.108.232,1,40
163.33.57.69,1,40
202.198.49.238,1,40
150.75.225.114,1,40
203.77.68.135,1,40
163.33.202.101,1,40
133.11.82.135,2,80
203.77.44.175,1,40
150.75.237.25,1,40
133.149.88.9,1,40
163.33.38.45,1,40
150.75.250.155,1,40
133.149.139.141,1,40
133.149.253.111,2,80
163.33.151.63,1,44
163.33.127.177,1,40
150.75.10.105,1,40
133.149.2.148,1,40
133.149.138.253,1,40
150.75.85.20,1,44
133.11.78.227,1,48
133.149.133.240,1,44
133.149.110.219,1,40
133.149.96.82,1,40
202.198.60.123,1,40
203.77.8.87,1,40
163.33.50.236,1,52
133.149.59.149,1,40
203.77.38.51,1,40
203.77.106.186,1,40
163.33.158.9,1,40
150.75.211.144,1,40
202.204.57.198,1,40
133.149.156.74,1,60
203.77.109.56,1,44
150.75.61.227,1,40
163.33.205.153,1,40
203.77.35.98,1,40
163.33.191.211,28,20615
150.75.140.91,1,40
163.33.80.127,1,40
150.75.143.139,1,40
150.75.44.58,1,40
133.11.113.119,1,40
150.75.158.119,1,40
163.33.249.156,1,40
203.77.102.234,1,40
133.149.117.178,1,40
163.33.116.34,1,40
133.149.255.22,1,40
133.149.65.245,2,120
150.75.128.193,1,40
150.75.238.165,1,40
150.75.151.12,1,40
150.75.125.153,1,40
203.77.127.110,7,588
150.75.140.123,1,40
163.33.99.89,1,40
163.33.63.235,2,2840
203.77.85.188,1,40
133.149.35.184,1,40
133.149.13.160,1,40
163.33.201.151,1,40
133.149.187.97,1,40
133.149.102.213,1,40
203.77.47.143,1,60
163.33.120.155,1,44
203.77.58.139,1,40
133.149.2.104,1,48
133.149.252.236,1,44
150.75.65.185,1,40
150.75.129.24,1,40
133.149.134.146,2,80
150.75.2.20,1,40
150.75.194.100,1,40
133.149.144.12,1,40
203.77.71.176,2,80
163.33.116.84,53,71894
163.33.94.66,5,1567
133.11.111.85,1,40
163.33.239.173,12,511
150.75.227.166,1,121
150.75.210.143,1,40
163.33.96.9,1,40
133.149.224.236,1,40
203.77.122.115,1,40
202.25.107.215,1,52
150.75.251.75,1,40
133.149.87.45,1,40
163.33.77.178,1,44
163.33.138.193,1,40
163.33.212.22,1,44
133.149.80.115,1,40
203.77.39.166,1,40
203.77.69.200,1,40
163.33.126.191,1,40
163.33.98.81,1,40
150.75.152.34,1,40
133.149.38.65,1,40
150.75.137.50,1,40
133.149.23.140,1,40
203.77.43.11,1,44
202.198.58.217,1,40
133.149.235.18,1,40
150.75.210.129,1,40
150.75.130.203,1,40
203.77.120.137,2,100
163.33.230.46,1,40
133.149.187.190,1,40
133.11.88.66,1,40
133.149.129.76,1,40
133.149.130.125,1,40
133.149.253.134,1,40
133.149.68.105,1,40
150.75.122.210,1,40
203.77.5.83,1,40
163.33.76.37,1,40
163.33.203.32,1,60
163.33.143.58,1,44
150.75.60.46,1,40
203.77.124.210,3,208
203.77.3.0,1,40
163.33.199.40,2,88
133.149.240.156,1,40
133.149.62.160,1,40
133.149.9.110,1,40
150.75.45.145,1,40
133.11.105.41,1,40
163.33.175.160,1,40
163.33.144.249,1,44
133.149.62.237,1,40
133.11.119.22,1,40
163.33.132.60,1,40
163.33.21.125,1,40
133.149.41.152,1,44
163.33.92.27,2,303
133.11.99.122,1,45
150.75.206.107,1,40
133.149.111.155,1,40
133.149.99.0,1,40
133.149.11.9,1,40
133.149.69.175,1,40
163.33.92.225,30,41310
163.33.126.242,1,40
150.75.191.117,1,40
203.77.70.214,1,40
133.11.65.250,1,40
203.77.73.186,1,40
133.149.81.153,1,44
163.33.182.152,1,40
163.33.19.52,1,40
150.75.180.151,1,40
150.75.225.244,4,160
202.198.60.236,1,40
150.75.242.0,1,40
163.33.151.98,1,40
133.149.134.218,1,40
202.198.7.190,1,40
150.75.63.131,1,40
203.77.46.83,1,40
133.149.114.30,1,40
133.149.211.202,1,40
150.75.241.252,1,40
203.77.14.103,2,80
163.33.212.28,1,40
163.33.92.186,2,155
133.149.156.28,1,40
133.149.209.59,1,40
133.149.194.155,1,40
150.75.90.213,1,40
203.77.119.34,1,40
133.149.211.234,1,69
150.75.21.160,1,40
133.149.6.4,1,44
150.75.170.120,1,44
203.77.88.185,1,44
150.75.140.213,1,40
133.149.66.219,1,40
150.75.41.247,1,40
150.75.219.124,1,40
163.33.186.122,1,40
133.11.110.84,1,40
133.149.195.163,1,40
163.33.215.84,1,40
202.198.18.99,1,40
150.75.116.126,1,40
163.33.173.250,1,40
150.75.246.163,1,40
133.149.6.251,1,40
133.149.168.115,1,40
202.198.36.207,1,40
202.198.48.234,1,40
163.33.240.126,1,40
150.75.112.56,1,40
150.75.252.217,1,40
202.198.56.88,1,40
133.149.209.207,1,40
133.149.188.4,1,40
150.75.66.83,1,40
133.11.66.135,1,40
150.75.150.76,1,44
133.149.93.46,1,40
163.33.64.73,1,40
150.75.115.66,1,40
133.149.148.150,1,44
163.33.228.105,1,112
150.75.220.233,1,40
133.149.60.163,2,97
150.75.10.235,1,40
202.204.63.82,1,40
150.75.249.136,1,40
202.198.61.184,1,40
133.11.115.177,1,40
163.33.94.234,12,4255
163.33.6.91,1,40
133.11.81.154,1,40
133.11.108.211,1,40
202.198.27.16,2,92
133.149.67.93,1,40
150.75.249.28,1,40
150.75.237.185,1,40
133.11.121.224,1,40
150.75.203.213,1,44
150.75.115.95,1,40
202.198.34.155,1,44
163.33.180.136,1,40
150.75.98.222,1,40
133.149.34.214,1,40
203.77.125.238,1,40
202.198.0.200,1,40
133.11.68.241,1,40
163.33.110.94,1,44
150.75.8.174,1,40
150.75.74.156,1,40
133.11.64.239,1,40
133.149.16.212,1,40
202.198.58.128,1,40
133.149.133.57,1,40
203.77.45.37,1,40
150.75.252.0,1,40
163.33.18.123,1,40
133.149.19.154,1,44
163.33.207.205,1,44
163.33.132.108,2,80
163.33.172.218,1,40
203.77.77.40,1,40
203.77.63.23,1,40
150.75.212.102,1,44
133.11.101.219,1,40
163.33.54.213,1,40
202.204.56.124,1,40
150.75.195.247,1,40
133.11.76.186,1,40
150.75.118.39,1,40
150.75.204.47,1,40
163.33.95.68,1,82
163.33.113.197,1,40
150.75.206.21,1,40
133.149.68.197,1,40
202.198.41.43,1,40
163.33.27.219,1,40
163.33.144.14,1,40
203.77.28.76,1,40
150.75.227.215,5,2169
133.149.145.47,1,40
133.149.173.5,1,44
150.75.77.20,1,40
163.33.71.162,1,40
150.75.67.148,1,40
150.75.208.38,1,40
150.75.227.207,5,2162
133.149.242.77,1,44
163.33.1.55,1,44
133.149.144.220,1,40
150.75.133.189,1,44
163.33.232.200,4,478
163.33.208.154,1,48
133.149.90.10,1,44
163.33.37.13,1,40
133.11.76.143,1,40
163.33.198.146,1,507
133.11.121.247,1,40
163.33.165.127,1,40
163.33.63.168,6,2420
163.33.115.95,1,40
163.33.245.48,3,161
133.149.55.48,1,40
163.33.135.88,1,40
150.75.227.213,5,2168
150.75.227.211,6,2210
150.75.236.147,1,40
133.149.35.66,1,40
133.149.206.186,1,40
150.75.64.170,1,40
150.75.8.231,1,40
150.75.106.25,1,40
202.204.62.225,1,111
150.75.181.34,1,40
150.75.227.206,5,2166
202.204.63.205,1,44
133.149.157.235,1,40
133.149.153.208,1,40
150.75.227.214,5,2166
133.149.200.240,1,44
150.75.54.229,2,80
150.75.227.209,5,2169
133.149.61.86,1,40
163.33.179.196,1,40
163.33.36.252,2,116
150.75.227.210,5,2162
133.149.192.132,1,40
163.33.83.206,1,40
133.11.95.21,1,40
133.149.59.78,1,40
133.149.110.62,1,40
133.149.65.158,1,40
150.75.85.195,1,40
203.77.101.82,1,40
133.149.206.207,1,40
203.77.44.133,1,40
203.77.106.170,1,40
163.33.223.214,1,40
163.33.113.146,1,40
203.77.121.134,5,4055
203.77.0.170,1,40
150.75.227.212,5,2161
133.149.146.165,1,40
163.33.62.134,1,95
133.149.139.202,1,40
203.77.113.209,7,294
163.33.198.89,1,44
133.149.79.112,1,40
133.149.88.92,1,40
163.33.95.1,16,11651
133.11.112.120,1,40
133.149.252.170,1,40
150.75.96.200,1,40
163.33.191.245,1,52
203.77.100.174,1,40
150.75.85.55,1,40
163.33.211.19,8,2116
163.33.44.55,2,80
163.33.201.247,5,625
203.77.120.158,3,108
133.11.85.111,1,60
150.75.8.186,1,40
163.33.46.108,1,52
133.149.193.197,1,40
203.77.76.205,1,44
150.75.106.93,1,40
133.149.50.4,1,40
163.33.158.163,1,40
163.33.63.129,5,634
202.198.24.52,1,40
150.75.125.115,1,40
133.11.94.130,1,40
163.33.196.199,1,40
133.149.79.177,1,40
163.33.185.18,1,40
202.198.62.14,1,40
150.75.9.2,1,40
163.33.12.144,2,80
163.33.101.63,1,56
133.149.1.207,1,40
202.25.109.230,1,40
163.33.16.214,1,40
150.75.93.11,1,40
150.75.121.125,1,40
133.149.202.81,1,40
150.75.210.216,1,40
163.33.63.172,4,711
163.33.95.44,1,50
203.77.25.161,1,40
163.33.124.215,1,40
133.11.86.11,1,44
133.11.90.215,1,40
150.75.112.88,1,40
163.33.12.155,1,40
163.33.211.197,1,40
133.149.253.125,1,40
133.149.35.120,1,40
163.33.92.58,2,206
133.149.192.112,1,40
163.33.222.203,1,40
133.11.76.225,1,40
133.149.125.34,1,40
133.149.104.105,1,40
133.149.198.67,1,40
202.198.11.53,1,40
133.149.187.197,1,40
203.77.94.125,1,40
133.149.45.149,1,40
133.11.90.243,1,44
133.149.171.188,1,40
150.75.217.182,1,40
133.149.132.152,1,40
203.77.127.254,1,44
163.33.226.178,1,40
133.11.68.58,1,40
203.77.82.203,1,40
203.77.39.188,1,40
150.75.166.177,1,40
203.77.74.156,1,40
150.75.232.179,1,40
163.33.175.141,135,171804
150.75.201.35,1,40
133.149.95.94,1,40
133.149.171.55,1,40
150.75.108.176,2,80
133.11.68.176,1,40
133.11.94.246,1,44
163.33.206.191,1,40
133.149.237.118,1,40
163.33.141.36,21,11903
150.75.82.194,1,40
133.149.230.144,1,40
163.33.231.96,3,413
203.77.8.60,2,80
150.75.248.40,1,40
203.77.62.213,1,40
203.77.104.191,1,40
133.149.237.77,1,40
133.149.242.25,1,40
133.149.186.39,2,80
203.77.9.38,1,40
150.75.136.131,1,40
203.77.50.168,1,40
150.75.169.231,1,40
163.33.28.227,1,40
150.75.238.170,1,40
150.75.206.136,1,40
150.75.25.230,1,40
133.149.219.187,1,40
150.75.143.161,1,40
150.75.217.12,1,40
133.11.118.215,1,40
133.149.242.249,12,1339
133.149.111.173,1,40
133.11.66.125,1,40
202.198.1.127,1,40
133.149.1.2,3,120
150.75.183.196,1,40
133.149.184.69,1,40
133.149.200.73,1,40
150.75.91.226,1,40
150.75.26.221,1,40
203.77.41.171,1,40
133.149.153.120,1,40
133.149.248.84,1,40
150.75.120.12,1,40
150.75.177.226,1,40
163.33.152.67,1,40
163.33.12.57,1,44
133.11.81.203,1,40
203.77.96.3,1,44
150.75.253.105,1,40
163.33.204.255,1,40
150.75.243.180,1,40
133.149.37.169,1,40
202.198.38.236,1,40
133.149.129.158,1,40
150.75.167.19,1,40
133.149.223.96,1,40
150.75.35.27,1,40
203.77.120.68,1,40
133.11.127.192,1,40
163.33.203.3,3,183
150.75.91.87,1,40
133.11.69.187,1,40
203.77.124.1,1,40
133.149.102.86,2,98
150.75.116.95,1,44
133.11.110.95,1,40
150.75.38.188,1,40
202.204.62.39,1,40
133.149.111.91,1,40
133.149.124.223,1,40
163.33.57.55,6,604
133.149.65.234,1,40
150.75.179.168,1,40
150.75.7.209,1,44
133.149.37.236,1,40
163.33.119.163,1,40
133.149.154.95,1,40
163.33.252.215,1,40
133.149.36.84,1,40
150.75.70.1,1,40
150.75.197.60,1,40
150.75.20.52,1,44
150.75.199.220,1,40
150.75.44.156,2,80
150.75.20.82,1,44
133.149.185.28,1,40
150.75.190.57,1,40
163.33.191.36,1,40
163.33.218.80,1,44
133.11.117.44,1,40
163.33.255.115,1,40
150.75.156.118,1,40
203.77.33.193,1,40
150.75.234.208,1,40
133.149.239.84,1,40
203.77.13.245,1,40
163.33.107.202,2,104
203.77.81.17,1,40
133.149.223.183,1,40
150.75.250.221,1,40
133.149.147.158,1,40
133.149.240.182,2,80
163.33.97.206,1,40
133.149.224.141,1,40
133.11.66.87,1,40
203.77.18.93,1,40
150.75.98.26,1,40
163.33.230.229,1,40
133.149.73.236,1,60
150.75.57.16,1,40
163.33.178.190,1,40
150.75.81.217,1,40
150.75.59.33,1,40
150.75.203.141,2,80
203.77.119.181,1,136
203.77.21.37,1,40
202.25.107.139,1,52
133.149.144.201,1,40
203.77.19.165,1,44
163.33.210.77,1,40
150.75.25.82,1,40
133.11.89.137,1,52
163.33.94.127,1,40
163.33.182.137,7,364
133.11.107.93,1,40
133.149.5.45,1,40
150.75.54.120,1,44
163.33.171.193,1,40
163.33.122.12,2,88
163.33.112.53,1,40
133.149.211.100,1,40
150.75.143.217,1,40
150.75.219.134,1,40
133.11.94.205,1,40
203.77.97.150,1,44
133.11.115.39,1,40
202.198.41.95,1,40
163.33.4.118,1,40
150.75.97.82,1,30
133.149.218.60,1,121
150.75.121.103,1,40
133.149.16.38,1,40
163.33.211.48,1,107
150.75.55.110,2,80
202.204.58.241,1,40
163.33.30.252,1,40
150.75.65.165,1,40
133.149.194.3,1,40
150.75.128.218,1,40
163.33.103.221,1,40
133.149.47.82,1,40
163.33.103.86,1,40
203.77.0.17,1,44
163.33.4.139,1,40
150.75.21.12,1,44
133.149.66.137,1,52
203.77.31.70,1,40
150.75.19.5,1,44
163.33.226.42,3,120
203.77.38.186,1,40
133.11.70.210,6,950
163.33.187.250,1,40
133.149.137.153,1,40
163.33.159.225,1,40
133.11.70.175,2,229
163.33.95.143,1,40
133.149.194.144,1,40
150.75.8.217,1,40
150.75.238.198,1,40
163.33.216.166,1,40
203.77.71.50,1,40
150.75.12.225,1,40
150.75.207.133,1,40
203.77.127.57,1,84
163.33.86.155,1,40
203.77.58.57,1,40
163.33.210.127,1,40
133.11.84.248,2,80
150.75.188.87,1,40
133.149.19.42,2,80
133.149.145.27,1,40
163.33.0.0,1,40
150.75.197.95,1,68
163.33.15.209,1,40
133.149.79.95,1,40
133.149.248.9,1,40
150.75.99.156,1,40
163.33.193.132,1,53
163.33.138.99,1,40
203.77.4.234,1,40
133.149.255.63,1,40
150.75.224.55,1,40
133.149.123.232,1,44
150.75.113.136,1,40
133.149.0.143,1,40
163.33.13.248,1,40
163.33.247.7,1,40
133.149.250.165,1,40
150.75.40.100,1,40
163.33.149.157,1,40
133.149.114.157,1,40
202.198.11.71,1,44
150.75.108.169,1,44
163.33.167.56,1,40
163.33.174.23,3,315
203.77.33.204,1,40
203.77.57.181,1,44
133.149.220.238,1,40
203.77.45.38,1,40
163.33.160.162,1,40
133.149.166.0,1,40
202.198.35.240,1,40
203.77.120.240,1,40
150.75.211.255,1,40
203.77.126.85,5,344
133.149.201.47,1,40
133.11.88.177,1,44
202.204.62.129,1,40
150.75.124.188,5,268
133.149.128.75,1,40
163.33.40.79,2,84
133.11.73.15,1,44
203.77.109.46,1,40
163.33.187.148,1,40
150.75.60.229,1,40
150.75.119.196,2,80
133.11.93.188,1,40
150.75.79.128,1,40
150.75.216.146,1,40
133.149.16.136,1,40
163.33.250.200,1,40
202.198.33.92,1,40
163.33.198.148,16,21437
133.149.149.127,1,40
133.149.145.93,1,40
133.149.198.189,1,40
150.75.249.187,1,40
163.33.193.159,1,53
133.149.18.228,1,40
163.33.121.187,1,40
150.75.191.184,1,40
133.149.61.132,1,40
203.77.43.46,1,40
203.77.92.151,1,40
133.149.58.248,1,40
133.149.113.171,1,40
163.33.206.9,1,40
133.11.71.202,1,40
150.75.123.185,1,40
203.77.108.109,1,44
133.149.220.63,1,40
202.198.2.92,1,40
133.149.5.225,1,40
163.33.13.73,1,40
133.149.128.116,1,40
133.149.70.242,1,40
203.77.26.4,1,40
133.149.251.111,1,40
150.75.241.20,1,40
203.77.94.34,1,52
133.149.108.129,3,124
203.77.23.150,1,40
163.33.177.168,1,44
133.11.92.105,2,80
150.75.84.76,1,40
150.75.241.49,1,40
203.77.91.14,1,40
203.77.56.208,1,40
133.149.123.238,1,44
203.77.8.160,1,40
203.77.95.64,1,40
150.75.238.156,1,40
150.75.11.111,1,40
133.149.109.225,1,40
203.77.118.178,7,500
133.149.137.156,1,40
133.149.211.196,1,40
133.149.139.113,1,40
133.149.138.178,1,40
163.33.62.168,2,194
133.149.6.17,1,44
163.33.20.160,1,40
202.198.8.192,1,40
133.11.113.236,1,52
163.33.95.125,12,6674
163.33.79.114,1,40
163.33.92.59,1,40
202.198.52.147,1,40
163.33.34.89,1,40
163.33.77.217,1,40
150.75.87.165,1,40
163.33.162.194,1,40
133.149.144.0,2,80
133.149.178.234,1,40
202.198.60.244,1,40
150.75.193.34,1,40
203.77.58.114,1,40
163.33.254.173,1,40
150.75.160.64,1,40
202.198.37.247,1,40
150.75.247.167,1,44
203.77.64.26,1,40
163.33.49.199,1,40
203.77.70.202,1,40
163.33.27.192,1,40
133.149.13.250,1,40
133.11.68.182,1,40
133.11.104.116,1,40
133.149.16.82,1,40
133.149.230.153,1,40
150.75.125.198,1,40
203.77.125.84,1,40
133.149.23.92,1,40
163.33.133.108,2,80
150.75.225.206,1,40
133.149.152.110,1,40
133.11.66.58,1,40
203.77.113.202,3,681
133.149.95.5,1,40
133.149.116.43,1,40
203.77.105.235,1,40
163.33.224.16,1,40
203.77.105.131,1,40
150.75.177.251,1,40
150.75.212.53,1,44
133.149.88.76,1,40
133.149.112.241,1,40
202.198.62.29,1,29
150.75.128.160,1,72
150.75.15.93,1,52
133.149.167.117,1,40
133.149.121.246,2,80
150.75.194.52,1,40
163.33.70.64,1,40
133.149.237.155,1,40
163.33.92.77,4,264
202.198.44.1,1,44
133.149.139.138,1,40
163.33.166.94,1,40
150.75.134.174,1,40
202.198.5.230,1,40
150.75.14.50,1,40
150.75.42.177,1,40
203.77.89.175,1,40
133.149.212.218,1,576
203.77.66.175,1,40
133.149.29.84,1,40
133.149.49.106,1,40
150.75.197.76,1,40
133.149.84.227,1,40
163.33.245.113,1,40
163.33.165.128,1,40
163.33.10.169,1,40
202.198.12.4,1,40
163.33.75.31,1,40
150.75.66.250,1,40
203.77.113.13,3,116
150.75.180.215,2,1152
150.75.178.57,1,40
133.11.106.105,1,40
150.75.143.219,1,40
150.75.2.119,1,40
163.33.28.55,1,40
133.11.114.169,1,40
203.77.3.209,1,40
163.33.70.75,1,40
133.149.4.219,1,40
163.33.77.109,1,40
203.77.20.248,1,40
202.198.10.87,1,40
133.149.82.178,1,40
163.33.197.139,1,71
203.77.113.58,1,40
163.33.165.192,1,40
163.33.92.220,6,1248
203.77.89.113,1,40
163.33.243.243,1,40
163.33.227.59,1,40
203.77.93.218,1,44
163.33.80.255,1,40
150.75.44.244,1,40
150.75.50.80,1,40
133.149.152.108,1,40
150.75.127.194,1,40
203.77.73.88,1,40
163.33.164.128,1,40
163.33.232.158,4,3636
150.75.171.181,1,44
163.33.162.51,1,44
150.75.98.209,1,40
163.33.168.153,1,60
202.198.2.140,1,40
133.149.104.225,1,40
163.33.128.121,1,40
133.149.150.115,1,40
133.149.136.27,1,40
150.75.3.116,1,40
203.77.90.136,1,52
150.75.230.134,1,40
150.75.68.201,1,40
203.77.81.193,1,40
150.75.51.195,1,40
202.198.60.36,1,40
150.75.137.133,1,40
203.77.101.62,1,40
133.149.64.239,1,40
150.75.129.223,1,40
203.77.3.121,1,40
133.149.82.136,1,40
150.75.80.69,1,40
150.75.69.225,1,40
150.75.41.218,1,40
150.75.127.45,1,40
163.33.197.201,1,44
133.149.174.178,1,44
203.77.46.162,1,44
150.75.69.28,1,40
163.33.239.47,1,115
150.75.137.201,1,40
203.77.127.30,1,52
202.204.58.49,1,40
163.33.177.199,1,40
133.149.142.218,1,40
133.11.90.93,1,40
150.75.112.162,1,40
163.33.94.102,2,730
133.149.148.176,1,40
133.149.140.218,1,44
133.149.28.182,1,40
133.149.167.20,1,40
133.149.45.142,1,40
150.75.100.127,1,40
163.33.141.149,321,432069
163.33.13.104,1,121
163.33.187.243,1,76
163.33.213.51,1,40
133.149.185.2,1,40
163.33.190.134,1,40
133.149.2.46,1,40
133.149.43.8,1,40
202.198.50.200,2,80
203.77.44.65,1,40
203.77.29.211,1,40
150.75.21.78,1,40
150.75.44.157,1,40
150.75.191.208,1,40
133.149.226.9,1,52
150.75.19.231,1,40
163.33.22.140,1,40
203.77.101.93,1,40
150.75.106.119,1,40
150.75.155.94,1,40
163.33.206.121,1,40
150.75.76.15,1,40
163.33.165.229,1,40
133.149.212.41,1,40
203.77.39.66,1,76
163.33.163.197,1,40
163.33.162.148,1,40
163.33.156.194,1,40
133.149.103.36,1,40
133.149.71.69,1,40
150.75.161.161,1,40
133.149.26.13,1,40
133.11.115.85,1,40
150.75.205.62,1,40
150.75.67.77,1,40
133.149.25.33,1,40
202.198.25.64,1,44
150.75.157.232,1,40
150.75.228.157,1,40
163.33.165.141,1,40
203.77.35.6,1,40
163.33.162.176,1,40
203.77.117.229,1,40
150.75.54.117,2,88
133.149.174.248,1,40
133.149.112.55,1,40
203.77.46.245,1,44
203.77.78.120,1,52
163.33.98.148,1,40
150.75.136.219,1,40
150.75.228.205,1,40
133.11.113.250,1,121
203.77.34.54,1,40
203.77.67.129,1,40
202.198.57.238,1,40
150.75.131.40,1,40
163.33.163.238,1,40
150.75.39.133,1,60
133.149.162.116,1,40
163.33.197.25,1,40
163.33.105.43,1,40
150.75.63.97,1,40
133.11.124.128,1,40
133.149.168.89,1,40
133.149.83.131,1,40
150.75.41.93,1,40
133.149.152.128,1,40
133.149.72.158,1,40
163.33.200.233,1,40
133.149.208.247,1,44
133.11.76.61,1,40
203.77.58.11,2,88
202.15.129.223,1,40
133.149.93.127,1,40
163.33.94.62,3,156
150.75.235.211,1,40
133.149.152.39,1,40
133.149.219.143,1,40
150.75.245.38,1,40
133.149.8.113,1,121
150.75.200.25,1,48
202.198.51.216,1,44
133.11.73.67,1,40
133.149.218.45,1,40
163.33.191.230,1,52
150.75.176.251,2,80
133.149.72.167,1,40
163.33.39.211,1,40
133.149.27.242,1,40
133.11.102.213,1,40
163.33.235.24,1,40
163.33.120.137,1,40
203.77.65.164,1,40
163.33.245.199,3,1840
133.149.39.99,1,40
203.77.118.229,1,44
150.75.115.102,1,40
163.33.102.222,1,52
133.149.146.180,1,40
203.77.61.96,1,40
133.149.149.37,1,40
133.149.194.130,1,40
133.11.69.133,1,40
163.33.9.213,1,40
150.75.63.230,1,40
203.77.121.135,1,136
163.33.252.245,2,80
163.33.48.146,1,40
133.149.20.18,1,40
203.77.118.142,6,905
202.198.9.199,1,40
133.149.88.121,1,40
150.75.153.136,1,40
163.33.14.216,1,40
202.198.52.161,1,44
202.198.39.224,1,40
133.149.239.67,1,40
163.33.168.238,1,84
203.77.70.118,1,40
163.33.140.222,7,1469
133.149.145.149,1,40
133.149.111.122,1,40
163.33.123.39,1,40
150.75.212.112,1,40
150.75.78.162,1,40
133.149.32.39,1,32
150.75.169.12,1,576
163.33.70.104,1,40
203.77.55.86,1,40
150.75.239.104,1,40
203.77.65.97,1,40
163.33.115.180,1,40
150.75.5.177,1,40
163.33.177.105,1,40
163.33.245.242,1,40
202.198.54.179,1,40
150.75.148.136,1,60
150.75.84.244,1,40
150.75.47.47,1,40
163.33.62.169,1,92
133.149.213.133,1,40
163.33.223.143,1,52
203.77.82.64,1,40
150.75.23.84,1,40
133.149.45.109,1,40
203.77.32.6,1,40
203.77.127.217,3,120
133.149.195.38,1,40
150.75.225.35,1,40
133.149.139.102,1,44
150.75.92.55,1,40
133.149.140.200,1,40
150.75.223.15,1,40
133.149.48.139,1,40
202.198.57.189,1,40
150.75.34.109,1,40
150.75.76.70,2,80
133.149.17.93,1,40
150.75.151.19,1,40
203.77.82.37,1,40
163.33.182.229,1,44
150.75.55.8,1,44
133.149.213.215,1,40
150.75.167.17,1,40
150.75.200.74,1,40
163.33.94.165,216,287576
203.77.65.49,1,40
163.33.10.12,1,40
150.75.91.24,1,40
163.33.94.63,2,206
163.33.79.250,1,40
163.33.139.238,1,40
163.33.18.21,1,52
163.33.203.70,8,1650
133.149.10.62,1,40
203.77.117.185,1,44
163.33.228.186,1,40
150.75.148.242,1,40
150.75.246.145,1,40
133.149.205.171,1,44
202.198.16.95,1,40
163.33.140.226,1,40
163.33.194.229,1,40
150.75.88.145,1,40
150.75.76.149,1,44
150.75.55.89,1,40
203.77.118.108,3,308
163.33.79.49,1,44
163.33.150.206,1,40
150.75.101.71,1,40
133.149.72.207,1,40
202.204.58.39,1,44
163.33.134.91,1,44
133.149.211.25,1,40
163.33.202.132,1,44
163.33.232.17,1,52
203.77.77.133,1,40
202.204.60.201,4,845
133.149.66.32,1,40
203.77.96.98,1,44
163.33.18.200,1,40
163.33.165.200,1,40
163.33.140.135,3,218
163.33.92.41,1,186
133.11.96.136,1,40
163.33.24.251,1,40
202.198.62.170,1,48
133.149.48.156,1,40
133.149.58.242,1,40
150.75.39.177,1,40
133.11.79.172,1,40
163.33.232.186,1,40
133.11.117.0,1,40
150.75.196.79,1,40
133.149.194.107,1,44
133.149.105.223,1,40
163.33.230.102,1,40
163.33.209.249,1,44
150.75.40.103,1,44
163.33.5.245,1,40
150.75.188.200,1,44
163.33.63.242,1,40
150.75.44.144,1,40
150.75.152.35,1,48
133.149.241.33,1,40
203.77.83.171,1,40
203.77.55.50,1,44
163.33.161.6,1,40
163.33.131.150,1,40
150.75.120.27,1,40
133.149.48.89,1,40
203.77.7.234,1,40
203.77.12.169,1,40
163.33.31.173,1,40
133.149.37.173,1,40
163.33.25.245,1,40
133.149.16.193,1,40
150.75.86.227,1,40
202.198.15.68,1,40
150.75.0.192,1,40
150.75.166.233,1,40
163.33.233.197,4,208
133.11.96.121,1,40
203.77.57.224,1,40
133.149.248.80,1,44
133.149.238.217,1,576
133.149.39.149,1,40
163.33.255.92,1,40
150.75.70.70,1,40
203.77.53.162,1,40
163.33.63.174,3,1039
163.33.165.187,1,40
133.149.144.71,1,40
133.149.243.81,1,40
163.33.160.143,1,40
203.77.47.152,1,40
150.75.144.210,1,44
133.11.96.29,1,40
163.33.14.146,1,40
163.33.191.249,1,64
133.149.54.154,1,40
133.149.73.62,1,40
163.33.215.64,1,40
150.75.90.80,1,40
150.75.27.50,1,40
163.33.33.149,1,48
163.33.172.165,1,44
150.75.58.224,1,40
163.33.14.164,1,40
163.33.31.255,1,40
163.33.168.152,1,40
163.33.252.30,1,40
133.11.116.218,1,40
150.75.148.9,1,40
133.149.83.159,1,40
133.11.67.194,1,40
133.149.4.94,1,40
163.33.54.106,1,44
133.149.10.229,2,80
202.198.48.146,1,40
203.77.117.131,2,80
150.75.230.114,1,40
150.75.125.77,1,40
133.149.252.69,1,40
133.149.177.88,1,40
163.33.96.103,1,40
163.33.31.101,1,40
133.149.219.41,1,44
133.149.195.172,1,52
163.33.48.230,1,40
203.77.49.58,1,40
163.33.180.238,1,40
133.11.108.189,1,40
150.75.125.67,1,40
133.11.108.134,1,40
133.149.147.17,1,40
163.33.163.108,1,40
150.75.192.26,1,40
150.75.125.122,1,40
150.75.101.242,1,40
133.149.187.73,1,44
202.198.58.66,1,40
163.33.92.169,2,115
163.33.18.162,1,40
203.77.112.57,1,40
150.75.62.101,1,40
163.33.141.192,3,343
150.75.84.243,1,40
150.75.101.150,1,40
133.11.116.126,1,40
163.33.99.51,1,40
150.75.216.193,1,40
150.75.54.116,1,48
203.77.61.243,1,40
163.33.174.193,1,40
150.75.156.21,1,40
133.149.242.44,1,40
133.149.11.42,1,40
202.198.62.136,1,40
202.198.56.68,1,40
150.75.213.27,1,40
203.77.69.245,1,40
150.75.185.184,1,40
133.149.222.1,1,40
163.33.86.101,1,44
133.11.72.187,1,40
150.75.78.83,1,40
150.75.8.21,1,40
163.33.164.208,1,40
133.149.163.85,1,40
133.11.107.160,7,336
133.149.184.79,1,40
150.75.105.1,1,40
203.77.85.193,1,40
163.33.152.95,1,40
150.75.218.67,1,40
133.149.140.101,1,40
133.11.119.150,1,40
163.33.35.191,1,40
133.11.73.220,1,40
163.33.186.108,1,40
203.77.87.17,1,40
163.33.72.23,1,44
202.198.36.138,1,40
163.33.198.55,1,40
150.75.95.183,1,40
133.149.184.234,1,40
133.11.110.161,1,40
150.75.6.18,1,40
133.149.226.33,1,40
133.149.127.217,1,40
150.75.205.74,1,40
133.149.25.250,1,40
163.33.7.241,1,40
150.75.15.3,1,40
163.33.177.94,1,40
203.77.120.107,1,40
133.149.172.254,6,288
163.33.92.116,2,167
202.198.47.53,1,44
133.149.191.254,1,40
150.75.214.154,1,40
133.11.124.67,1,40
203.77.11.19,1,40
203.77.3.151,1,40
163.33.198.25,1,40
203.77.122.202,4,412
150.75.86.44,1,40
133.149.42.129,1,48
133.149.131.71,1,40
133.149.88.86,1,40
150.75.4.91,1,40
133.149.73.74,1,40
150.75.235.135,1,40
163.33.174.237,1,52
203.77.126.126,2,80
133.149.76.41,1,40
202.198.57.86,1,40
163.33.163.181,2,120
150.75.214.10,1,40
202.198.19.89,1,40
163.33.163.93,1,40
133.149.213.157,1,40
202.198.19.178,1,40
150.75.83.40,1,40
150.75.78.88,1,40
203.77.126.155,24,1044
133.149.99.241,1,35
133.149.71.205,1,40
150.75.222.61,1,40
163.33.209.46,1,40
133.149.149.250,1,40
133.149.104.141,1,40
150.75.78.153,1,60
163.33.236.32,1,52
150.75.161.9,1,60
203.77.72.184,1,40
150.75.245.201,1,40
133.149.41.32,1,40
163.33.172.128,1,40
133.149.166.206,1,40
163.33.78.186,1,40
150.75.99.89,1,40
203.77.55.87,1,40
150.75.217.102,1,40
163.33.180.145,10,2544
163.33.181.186,1,40
203.77.83.167,1,40
163.33.232.130,1,40
163.33.240.181,1,40
133.149.135.168,1,40
203.77.16.140,1,40
133.149.176.102,1,40
150.75.29.38,1,40
202.204.63.141,1,40
203.77.103.218,1,40
133.149.115.199,1,40
163.33.95.113,1,40
163.33.31.22,1,40
133.149.185.146,1,40
163.33.105.41,1,40
202.198.28.161,1,440
163.33.93.135,2,96
202.198.44.164,5,571
133.149.238.151,1,40
163.33.172.168,1,40
150.75.158.178,1,40
133.149.182.168,1,40
133.149.185.188,1,44
133.149.17.249,1,40
133.149.26.118,1,40
150.75.177.157,1,44
133.149.57.207,1,40
150.75.121.53,1,44
150.75.14.25,1,40
163.33.115.122,1,44
133.149.35.121,1,40
133.149.188.91,1,40
133.149.221.118,1,40
202.198.35.92,1,40
163.33.94.72,1,105
150.75.47.152,1,40
150.75.157.141,1,40
203.77.30.8,1,40
203.77.5.22,1,40
150.75.44.224,1,40
133.149.226.201,1,60
163.33.93.101,1,40
133.11.127.20,1,40
150.75.224.168,1,40
163.33.201.186,1,40
163.33.219.214,1,40
133.149.22.81,1,40
163.33.148.128,1,40
163.33.196.238,1,40
133.149.99.148,1,40
163.33.90.134,1,40
150.75.191.157,1,40
163.33.108.224,1,40
163.33.136.28,1,40
150.75.183.9,1,40
150.75.4.151,1,40
202.198.5.8,1,40
150.75.93.254,1,40
150.75.186.27,1,40
202.198.0.255,1,60
133.149.209.19,1,40
150.75.183.152,1,40
133.149.212.247,2,104
133.149.214.239,3,234
133.149.183.30,1,40
133.11.80.120,1,40
133.149.11.132,1,40
133.149.183.13,1,40
163.33.13.51,1,60
203.77.94.206,1,44
150.75.142.78,1,40
133.11.97.35,1,40
150.75.147.127,1,40
163.33.251.60,4,568
202.198.0.86,1,40
203.77.19.197,1,40
163.33.59.213,1,40
163.33.231.252,1,40
133.149.210.191,1,40
133.149.227.234,1,40
163.33.191.30,1,40
133.149.242.88,1,40
203.77.27.106,1,40
163.33.103.176,1,40
133.11.87.97,2,80
203.77.0.201,1,40
133.149.21.34,1,40
150.75.13.116,1,40
203.77.54.127,1,40
150.75.157.222,1,40
203.77.118.149,1,40
203.77.77.216,1,40
203.77.105.111,1,40
163.33.149.32,1,40
163.33.9.248,1,40
133.149.31.39,1,92
163.33.112.100,1,40
203.77.50.213,1,40
150.75.134.254,1,44
133.149.72.56,1,40
133.149.221.166,1,40
133.149.111.143,1,40
163.33.92.74,9,5368
163.33.26.194,1,40
133.149.228.78,1,40
133.11.95.239,1,40
163.33.23.243,1,40
133.149.155.223,1,40
133.11.70.205,19,1067
133.149.203.94,1,40
202.198.9.156,1,40
202.198.33.44,1,40
163.33.178.237,1,40
203.77.118.206,1,136
133.149.255.191,2,80
203.77.38.77,1,40
133.149.189.23,1,40
163.33.247.172,1,40
133.149.237.139,1,52
150.75.216.101,1,40
133.149.234.48,1,44
163.33.170.107,1,44
150.75.251.250,1,40
133.11.77.188,1,40
202.198.58.180,1,40
203.77.107.203,1,40
133.149.44.197,1,40
150.75.117.206,1,40
202.198.40.52,1,60
203.77.126.25,1,40
163.33.109.40,6,392
150.75.111.175,1,40
133.149.221.252,1,44
163.33.131.49,1,40
163.33.203.37,2,153
163.33.182.199,1,40
203.77.72.221,1,40
163.33.74.138,1,40
133.11.102.210,1,48
133.149.37.147,1,40
150.75.101.107,1,40
150.75.121.244,1,44
150.75.46.81,1,40
163.33.154.208,1,40
202.198.44.169,1,40
150.75.172.45,1,40
133.11.71.131,1,40
163.33.65.237,1,40
202.204.56.81,1,40
133.149.29.119,1,40
133.149.60.210,1,40
133.149.161.174,1,40
133.11.64.242,1,40
203.77.113.200,2,80
150.75.124.208,1,40
163.33.141.122,1,81
163.33.117.60,1,40
150.75.84.36,1,40
150.75.178.82,1,40
150.75.176.176,1,40
150.75.28.95,1,40
133.149.57.64,1,44
133.149.32.52,1,40
133.149.33.202,1,40
133.149.80.211,1,40
133.11.118.226,1,40
202.198.32.182,1,40
150.75.241.214,1,44
163.33.115.147,1,44
163.33.99.105,1,40
163.33.151.122,1,40
133.149.127.129,1,40
203.77.78.136,1,40
150.75.197.39,1,40
163.33.116.251,1,40
150.75.117.77,1,40
203.77.4.32,1,40
133.149.84.205,1,40
133.149.28.229,2,80
133.149.91.186,1,40
203.77.117.67,4,336
133.149.62.83,1,40
133.149.92.165,1,40
163.33.231.13,1,40
163.33.136.76,1,44
150.75.210.130,1,40
150.75.99.190,1,44
150.75.27.33,1,40
163.33.234.67,1,40
163.33.108.242,1,40
133.149.188.126,1,44
150.75.207.94,2,80
203.77.102.108,2,88
150.75.224.249,1,40
163.33.57.5,1,40
163.33.70.114,1,40
163.33.115.213,1,121
203.77.60.83,1,40
203.77.111.171,1,40
150.75.194.153,1,40
133.149.96.165,1,40
133.149.99.176,1,40
133.149.220.15,1,40
150.75.213.158,1,40
163.33.198.173,1,52
163.33.141.200,112,134691
202.198.62.112,1,44
133.149.133.239,1,40
133.149.209.136,1,40
133.11.116.42,1,40
150.75.189.156,1,40
202.204.56.199,1,40
163.33.57.207,1,40
163.33.81.166,1,40
202.204.56.157,1,40
133.149.128.150,1,60
133.149.140.234,1,40
133.149.80.166,1,40
133.149.74.119,1,40
150.75.215.58,1,40
163.33.69.235,1,40
150.75.117.67,1,40
150.75.117.109,1,40
133.11.96.223,1,44
150.75.100.48,1,40
150.75.17.113,1,40
150.75.146.148,1,40
203.77.58.213,1,40
163.33.34.33,1,40
202.198.33.49,1,44
133.149.49.181,1,40
133.11.92.120,1,40
150.75.81.154,1,40
163.33.165.81,1,40
202.198.58.7,1,40
133.149.221.42,1,40
163.33.142.89,1,44
150.75.19.43,1,40
133.149.187.43,1,40
133.149.253.181,1,40
150.75.126.78,1,44
203.77.42.74,1,40
203.77.92.48,1,44
133.149.176.219,1,40
133.149.122.214,1,40
202.198.0.1,1,60
133.149.220.197,1,40
163.33.85.67,1,40
133.11.73.123,1,40
203.77.15.66,1,40
150.75.8.77,1,40
133.149.131.36,1,40
133.149.65.210,1,40
133.149.199.188,1,40
203.77.88.49,1,40
133.149.97.3,1,40
133.11.86.215,1,40
133.149.80.236,1,40
202.204.56.170,1,40
133.149.221.198,1,40
133.149.196.229,1,44
133.11.86.9,1,40
150.75.222.200,1,40
133.149.118.217,1,60
163.33.1.133,1,44
203.77.104.198,1,40
133.149.99.124,1,40
133.149.89.27,1,40
202.198.51.172,1,40
150.75.175.178,1,40
133.149.245.191,2,80
150.75.238.202,1,40
150.75.123.67,1,40
163.33.179.221,1,40
163.33.81.152,1,40
133.149.235.63,1,40
150.75.249.84,1,40
163.33.162.147,1,40
150.75.144.36,1,40
133.11.104.232,1,40
150.75.8.155,1,40
133.149.223.116,1,29
150.75.63.240,1,40
133.149.55.242,1,40
163.33.109.93,1,40
133.11.85.160,1,40
150.75.247.33,1,40
202.198.53.180,1,44
150.75.35.56,1,44
150.75.74.152,1,40
133.149.77.182,1,44
150.75.168.254,1,40
133.149.164.129,1,40
150.75.126.105,1,44
150.75.136.211,1,40
150.75.255.49,1,40
150.75.42.115,1,40
133.11.80.107,1,40
163.33.30.69,1,40
163.33.100.147,1,40
203.77.123.236,1,40
203.77.76.183,1,40
133.11.90.218,1,40
163.33.181.69,1,44
133.11.106.1,1,40
150.75.135.170,1,40
133.149.170.120,1,40
203.77.127.40,1,40
150.75.108.0,1,40
203.77.42.76,1,40
150.75.163.139,1,40
150.75.240.110,1,44
150.75.29.99,1,40
133.149.3.105,1,40
150.75.216.151,1,40
163.33.236.199,1,40
150.75.57.246,1,40
150.75.213.203,1,40
133.149.253.84,1,40
133.149.119.83,1,40
202.198.23.242,1,40
150.75.52.218,1,40
150.75.31.177,1,40
163.33.136.123,1,44
133.149.94.55,1,576
133.149.14.61,1,40
163.33.182.15,2,84
133.149.74.228,1,40
133.149.28.232,1,40
133.149.108.25,1,44
133.11.127.126,1,40
150.75.66.247,1,40
202.198.35.228,1,40
133.149.117.230,1,40
202.198.60.97,1,40
133.149.8.75,1,40
163.33.92.148,82,105699
133.149.24.225,1,40
150.75.46.116,1,40
163.33.136.109,1,40
163.33.14.98,1,40
133.149.66.121,1,40
133.149.59.211,1,40
163.33.207.117,1,40
163.33.12.171,2,230
133.11.70.206,1,60
163.33.237.36,3,165
203.77.39.255,1,40
163.33.81.192,1,40
203.77.54.82,1,40
163.33.135.114,1,40
133.11.107.57,1,28
150.75.224.166,1,48
202.25.107.170,1,52
203.77.101.130,1,40
150.75.30.108,1,40
133.11.126.149,1,44
133.149.156.221,1,40
203.77.110.207,1,40
163.33.93.130,13,1790
150.75.210.74,1,44
163.33.142.228,1,40
163.33.221.238,1,40
150.75.133.140,1,40
163.33.36.255,2,286
150.75.225.40,1,40
133.11.79.202,1,48
133.149.169.166,1,40
150.75.127.81,1,40
133.11.115.110,1,40
133.11.126.253,1,40
163.33.228.87,1,44
133.149.96.249,1,40
163.33.99.216,1,44
133.149.60.145,1,40
163.33.168.130,1,40
202.198.44.44,1,40
150.75.155.151,1,40
203.77.93.74,1,40
163.33.165.2,1,40
163.33.112.72,1,40
133.149.49.166,1,40
133.149.201.234,1,52
202.198.5.72,1,40
133.149.139.212,1,40
203.77.60.60,1,40
163.33.65.13,1,40
163.33.19.197,1,40
163.33.164.205,1,40
133.149.121.70,1,40
163.33.137.94,1,40
150.75.38.52,1,40
133.11.123.29,1,44
133.149.187.192,2,80
133.149.164.22,1,40
203.77.117.108,2,80
133.149.176.247,1,40
150.75.155.205,1,40
163.33.178.115,1,40
133.149.148.220,1,40
133.149.64.55,1,40
133.149.170.112,1,40
133.149.250.216,1,40
203.77.102.103,1,40
203.77.28.176,1,52
133.149.2.44,1,40
163.33.65.17,1,40
150.75.4.179,1,40
150.75.135.175,1,40
163.33.227.80,1,44
203.77.34.18,1,40
133.149.248.201,1,40
203.77.118.134,2,80
163.33.208.234,1,60
150.75.53.24,1,40
163.33.83.0,1,52
163.33.2.33,1,40
203.77.37.104,1,40
150.75.16.111,1,40
150.75.53.52,2,92
163.33.228.90,1,40
203.77.113.141,1,44
163.33.78.32,2,80
133.149.229.147,1,40
163.33.164.95,1,40
150.75.73.71,1,40
203.77.114.27,1,40
133.149.190.239,1,40
163.33.46.104,1,40
150.75.35.76,1,40
203.77.47.141,1,40
202.204.57.225,1,40
163.33.78.194,2,80
210.128.12.69,4,2310
203.77.110.223,1,40
133.149.0.160,1,40
133.149.130.33,1,40
163.33.77.247,1,40
163.33.50.128,1,40
163.33.153.43,1,42
163.33.212.65,1,72
133.11.74.76,1,40
150.75.39.78,1,40
150.75.88.55,1,40
150.75.201.76,1,44
133.149.144.129,1,40
163.33.16.213,1,40
150.75.41.20,1,40
163.33.102.211,1,44
133.149.26.146,2,80
203.77.127.98,2,80
133.11.114.39,1,52
163.33.252.97,1,40
133.149.113.87,1,40
133.11.66.231,1,40
133.149.46.8,1,44
150.75.48.48,1,40
133.149.205.58,1,40
133.149.50.210,1,40
133.149.120.3,1,60
163.33.153.174,1,40
133.149.218.245,1,40
150.75.49.88,1,40
150.75.52.226,1,40
163.33.254.27,2,111
163.33.16.158,1,72
150.75.109.44,1,40
163.33.199.99,1,40
203.77.60.182,1,40
163.33.163.89,1,60
150.75.181.111,1,40
203.77.4.219,1,40
133.149.84.100,1,40
150.75.113.56,1,40
163.33.216.109,8,2250
133.11.102.1,1,40
163.33.87.100,1,68
150.75.254.220,1,40
133.149.247.62,1,40
150.75.220.30,1,40
133.149.246.173,1,40
203.77.23.70,1,40
133.149.144.53,1,40
150.75.237.133,1,40
150.75.117.79,1,40
203.77.116.230,1,40
133.149.203.175,1,40
202.198.7.121,2,80
133.149.144.89,1,40
133.149.230.219,1,40
202.198.44.35,1,40
203.77.86.14,1,40
150.75.212.147,1,40
203.77.111.103,1,40
133.149.118.147,1,40
133.11.80.217,1,40
133.149.133.194,1,40
150.75.163.84,1,40
203.77.5.144,1,40
133.149.123.61,1,40
203.77.40.243,1,40
133.149.47.137,1,40
202.198.18.78,1,40
203.77.60.152,1,40
150.75.114.54,1,40
150.75.196.242,1,40
133.11.87.100,1,40
133.149.103.47,1,44
133.149.45.112,1,40
133.11.85.83,1,40
150.75.48.110,1,40
150.75.48.202,1,40
133.149.164.18,1,40
163.33.104.71,1,40
202.25.109.215,1,40
150.75.217.91,1,40
150.75.254.35,1,40
150.75.232.246,1,40
163.33.53.73,1,40
163.33.175.67,3,377
150.75.136.38,1,40
133.149.3.39,1,40
133.149.46.231,1,44
150.75.89.5,1,40
203.77.84.163,1,40
203.77.22.5,1,40
133.11.84.82,1,40
150.75.7.24,1,40
163.33.150.244,1,40
163.33.122.243,1,40
202.198.2.173,1,44
150.75.182.152,1,40
133.149.190.46,1,40
133.149.115.40,1,40
163.33.175.153,1,40
163.33.59.18,1,40
202.198.49.115,1,40
150.75.113.232,1,40
163.33.53.9,1,40
133.149.154.231,1,40
150.75.198.137,1,40
133.149.204.224,1,40
133.149.167.91,1,40
133.149.43.146,2,104
150.75.159.24,1,40
133.149.241.223,1,40
150.75.48.218,1,40
133.149.191.160,1,40
150.75.199.50,1,40
150.75.234.192,1,44
150.75.132.62,1,257
163.33.212.44,1,40
150.75.215.169,1,40
150.75.122.20,1,40
203.77.6.36,1,40
163.33.157.24,1,44
163.33.140.131,3051,4309327
150.75.201.192,1,40
150.75.160.206,1,40
163.33.232.72,1,40
133.149.151.44,2,88
150.75.253.103,1,40
163.33.168.88,2,153
163.33.46.13,1,40
203.77.100.209,1,40
202.198.49.72,1,40
133.11.97.14,1,40
133.149.126.59,1,40
133.149.145.234,1,52
163.33.61.142,1,40
133.149.56.250,1,40
203.77.121.67,1,44
150.75.253.186,1,40
133.149.242.177,1,40
150.75.8.13,1,48
133.11.76.198,1,40
163.33.195.240,1,40
150.75.110.138,1,40
150.75.199.69,1,40
202.198.1.113,1,40
150.75.196.30,1,40
203.77.34.248,1,40
133.11.121.254,1,44
203.77.24.118,1,40
163.33.228.120,1,40
150.75.228.164,1,40
163.33.209.38,1,40
163.33.9.8,1,40
150.75.44.112,1,40
163.33.191.208,2,143
163.33.156.79,1,44
202.198.53.251,1,40
133.149.255.86,2,264
150.75.202.249,1,40
133.149.255.85,1,128
203.77.36.239,1,40
163.33.233.194,1,40
133.11.91.10,1,40
163.33.218.24,1,30
133.11.82.236,1,40
163.33.140.13,1,40
150.75.128.135,1,40
133.149.125.247,1,44
203.77.83.254,1,40
150.75.2.87,1,40
150.75.55.122,1,40
150.75.252.97,1,40
150.75.131.83,1,40
150.75.7.75,1,40
133.149.162.107,1,40
150.75.48.88,1,44
163.33.176.240,2,80
150.75.177.241,1,40
133.11.110.203,1,28
163.33.60.68,1,40
202.198.48.201,1,40
163.33.191.69,1,40
203.77.16.111,1,40
163.33.122.133,1,40
133.149.220.228,1,40
203.77.70.169,1,40
202.198.4.33,1,40
133.149.166.208,1,44
202.198.14.167,1,40
133.11.112.51,1,60
150.75.249.233,1,576
203.77.4.251,1,40
133.149.22.132,1,40
133.149.189.253,1,257
133.149.223.50,1,40
203.77.34.201,1,40
150.75.244.36,1,40
150.75.28.12,1,40
163.33.137.78,1,40
150.75.76.139,1,40
133.149.204.196,1,40
150.75.125.119,1,40
133.149.202.152,1,576
163.33.44.249,1,44
150.75.191.198,1,40
133.149.244.199,1,40
150.75.28.211,1,44
133.149.71.83,1,40
150.75.114.156,1,40
150.75.235.141,1,40
203.77.89.34,1,40
163.33.121.64,1,40
203.77.89.13,1,40
133.149.220.90,1,40
150.75.169.33,1,40
133.149.187.151,1,40
163.33.123.106,1,40
133.149.44.190,1,40
150.75.150.51,2,84
150.75.145.75,1,40
202.198.21.10,1,40
203.77.56.110,1,40
150.75.102.96,1,40
133.149.47.48,1,40
133.149.226.223,1,40
133.149.11.225,1,40
150.75.11.252,1,40
163.33.34.109,1,40
133.11.70.100,1,40
203.77.51.68,1,40
202.198.34.101,1,40
133.11.96.192,1,44
133.11.113.144,1,40
133.149.32.138,1,40
133.149.152.67,1,40
203.77.9.76,1,40
133.149.144.107,1,40
150.75.198.190,1,40
163.33.51.189,1,40
133.149.105.109,1,40
133.149.37.117,1,40
203.77.56.210,1,40
163.33.168.44,1,40
150.75.116.139,1,44
163.33.215.117,1,40
150.75.4.108,1,40
163.33.92.247,1,40
150.75.44.51,1,40
150.75.89.100,1,40
150.75.188.156,1,72
150.75.81.132,1,40
150.75.52.97,1,40
163.33.205.79,1,40
163.33.2.195,3,252
150.75.133.91,1,44
133.149.231.31,1,40
163.33.207.174,1,52
133.149.230.230,1,40
150.75.211.99,2,84
133.149.31.17,1,40
203.77.9.93,1,40
150.75.73.29,1,40
163.33.244.100,1,44
202.198.54.101,1,40
133.149.52.156,1,40
150.75.172.97,1,40
150.75.161.14,1,40
203.77.112.24,2,80
203.77.40.79,1,40
133.149.144.94,1,40
163.33.107.119,1,40
133.149.76.91,1,40
133.149.184.82,1,40
150.75.241.233,1,40
150.75.86.129,1,40
163.33.145.184,1,44
150.75.227.216,5,2166
163.33.101.239,1,44
150.75.182.10,1,40
202.204.59.206,1,40
150.75.33.173,1,40
133.149.39.2,1,40
163.33.94.190,1,52
202.198.16.36,1,44
133.149.39.221,1,40
150.75.254.177,1,40
150.75.43.228,1,576
133.149.103.177,1,40
203.77.119.28,1,40
150.75.227.217,5,2167
203.77.118.14,1,40
133.149.15.118,1,40
150.75.227.208,5,2168
150.75.10.82,1,40
163.33.132.63,1,40
163.33.106.99,1,40
150.75.34.247,1,40
133.149.193.27,1,40
133.149.162.169,1,40
133.11.83.144,1,48
203.77.46.22,1,44
163.33.235.21,3,302
150.75.227.221,5,2169
163.33.127.110,1,44
150.75.227.220,5,2166
202.198.2.158,1,40
150.75.147.19,1,40
150.75.2.150,1,40
203.77.93.70,1,40
133.149.189.117,1,40
150.75.139.219,1,40
150.75.174.196,1,40
163.33.203.115,1,40
203.77.37.179,2,80
163.33.53.182,1,60
150.75.227.219,5,2160
133.149.222.49,1,40
203.77.15.171,1,40
163.33.207.120,1,40
133.149.39.242,1,40
202.198.42.244,1,40
163.33.249.26,1,40
133.149.82.13,1,44
150.75.252.159,1,44
150.75.44.16,1,44
163.33.24.141,3,192
163.33.205.241,1,44
150.75.227.218,5,2167
163.33.91.216,1,40
202.204.59.91,1,40
203.77.59.21,1,40
203.77.8.126,1,40
150.75.159.250,1,40
202.198.0.178,1,60
163.33.243.142,1,44
133.149.95.60,1,40
163.33.233.50,1,60
150.75.255.208,1,44
133.149.75.117,1,40
163.33.97.220,1,40
163.33.140.14,1,40
203.77.35.48,1,44
163.33.238.212,6,700
150.75.89.142,1,40
133.11.105.183,1,40
163.33.201.127,1,40
163.33.168.143,1,40
150.75.34.148,1,40
163.33.238.119,1,40
150.75.207.158,1,40
133.149.246.186,1,40
150.75.117.166,1,40
163.33.62.172,3,390
150.75.109.13,1,40
163.33.14.186,1,40
150.75.101.11,1,40
163.33.175.66,6,1950
150.75.11.55,1,40
150.75.227.222,5,2166
163.33.145.195,1,40
163.33.174.35,1,313
150.75.175.224,1,40
133.149.124.234,1,76
133.149.30.27,1,40
150.75.227.223,5,2168
163.33.12.100,2,204
150.75.235.255,1,40
203.77.65.93,1,40
163.33.235.14,2,260
202.198.62.245,1,40
203.77.8.72,1,40
203.77.87.52,1,60
163.33.244.65,2,334
133.149.128.157,1,40
150.75.230.177,1,40
150.75.119.30,1,40
133.149.14.78,1,40
203.77.121.46,1,48
202.198.6.31,1,40
150.75.45.146,1,576
163.33.94.131,9,4422
202.198.41.5,1,40
163.33.65.53,3,1362
150.75.168.114,1,40
163.33.10.134,1,40
203.77.65.99,1,40
163.33.104.131,1,40
133.149.199.139,1,44
163.33.53.80,1,60
133.149.145.79,1,40
133.11.88.97,1,40
163.33.38.116,1,40
133.149.8.17,1,40
203.77.8.118,1,40
133.11.121.95,1,40
150.75.135.97,1,40
163.33.109.145,1,40
202.204.62.11,1,44
163.33.164.136,1,40
133.149.14.109,1,40
133.149.166.142,1,40
133.149.136.232,1,40
150.75.235.194,1,40
133.11.121.244,1,40
203.77.122.228,1,76
202.198.61.175,1,52
163.33.62.182,1,40
150.75.97.201,1,48
133.149.228.220,1,40
133.149.54.99,1,40
133.149.141.96,1,40
150.75.85.157,1,40
203.77.54.16,1,40
150.75.175.122,1,40
150.75.91.166,1,40
202.198.62.173,1,40
203.77.118.55,1,40
150.75.213.179,1,40
202.198.40.121,1,40
203.77.124.182,1,136
133.149.100.229,1,52
203.77.70.23,1,40
150.75.235.129,1,40
133.149.180.167,1,40
150.75.65.107,1,40
150.75.68.76,1,40
133.149.175.64,1,40
133.149.43.79,1,40
202.198.6.201,1,40
202.198.7.54,1,40
202.198.62.216,1,40
163.33.70.222,1,40
150.75.69.212,1,40
150.75.253.212,1,40
203.77.4.82,1,40
163.33.194.132,1,28
202.198.4.68,1,40
163.33.215.129,1,40
203.77.11.232,1,40
163.33.213.233,1,40
202.198.6.208,1,40
150.75.120.13,1,44
133.149.81.119,1,40
150.75.181.49,1,40
203.77.124.247,2,80
150.75.92.224,1,44
163.33.96.118,1,40
133.149.95.167,1,44
163.33.154.2,1,60
163.33.42.203,1,40
150.75.138.186,1,40
203.77.72.52,1,60
150.75.183.168,1,40
133.149.8.248,1,40
202.198.22.27,1,40
163.33.39.185,1,40
203.77.106.224,1,40
133.11.83.62,1,40
163.33.5.75,1,58
163.33.94.148,2,80
202.198.42.158,1,40
163.33.134.60,1,40
163.33.49.24,1,40
133.149.220.122,1,40
150.75.21.190,1,40
133.11.72.109,1,40
150.75.88.244,1,40
133.149.15.41,1,28
203.77.117.56,1,40
203.77.12.220,1,40
163.33.108.67,1,40
133.149.186.69,1,40
133.11.64.166,1,40
203.77.19.39,1,44
133.149.92.187,1,40
150.75.118.63,1,40
150.75.115.216,1,40
202.204.60.165,1,40
133.149.217.147,1,40
133.149.137.195,1,40
163.33.80.252,1,40
150.75.236.198,1,40
203.77.114.100,1,40
133.149.0.225,1,40
163.33.191.204,44,31420
150.75.228.29,1,40
203.77.10.176,1,40
133.11.79.101,1,40
150.75.62.255,1,40
163.33.47.49,1,40
150.75.82.221,1,40
133.149.194.72,1,40
150.75.216.251,1,40
133.149.92.64,1,40
150.75.62.151,1,40
163.33.221.162,1,40
163.33.244.79,1,40
133.149.8.195,1,40
163.33.152.116,1,40
133.149.242.169,1,40
133.149.148.13,1,40
150.75.196.128,1,40
163.33.104.227,1,40
202.198.46.37,1,40
202.198.3.44,1,40
163.33.144.182,1,40
163.33.92.170,2,121
150.75.183.154,1,40
150.75.70.201,1,40
133.149.94.104,1,40
133.11.118.69,2,80
203.77.17.118,1,40
203.77.16.91,1,40
150.75.188.34,1,40
163.33.111.184,1,40
133.149.173.128,1,40
163.33.215.170,1,40
133.149.80.238,1,40
150.75.149.48,1,40
203.77.26.11,1,52
163.33.145.252,1,40
203.77.102.23,2,80
203.77.43.129,1,40
150.75.192.110,1,40
203.77.50.95,1,40
150.75.89.12,1,44
133.149.135.158,1,40
133.149.219.139,1,40
133.149.157.77,1,40
150.75.98.208,1,40
203.77.65.87,1,40
163.33.73.221,1,40
133.149.176.210,1,40
163.33.92.202,1,40
163.33.29.151,1,60
203.77.51.18,1,40
202.198.44.55,1,40
163.33.208.188,1,44
133.149.243.195,1,44
133.149.85.64,1,40
202.198.41.66,1,40
163.33.140.204,1,40
133.149.128.9,1,40
133.149.111.61,1,40
133.149.108.95,1,44
202.198.15.108,1,40
133.11.70.78,1,40
150.75.98.185,1,40
133.149.137.72,1,40
163.33.203.0,1,52
163.33.62.164,2,1462
163.33.101.55,1,56
150.75.208.113,1,40
203.77.52.22,1,40
133.149.186.98,1,40
163.33.1.132,1,40
150.75.7.154,1,40
150.75.198.58,1,40
150.75.39.89,1,40
163.33.67.240,1,40
163.33.234.231,1,48
203.77.17.4,1,40
203.77.4.145,1,44
203.77.95.36,1,44
150.75.69.167,1,40
202.198.8.158,1,40
203.77.119.80,1,44
133.149.210.126,1,40
133.149.59.196,1,40
150.75.104.205,1,40
150.75.92.227,1,40
150.75.35.157,1,40
203.77.90.235,1,52
203.77.0.19,1,40
202.198.33.174,1,40
163.33.193.186,1,40
133.11.72.24,1,40
150.75.18.70,1,40
150.75.114.122,1,40
133.149.239.206,1,40
163.33.6.188,1,40
150.75.102.175,1,40
150.75.109.145,1,40
202.198.48.111,1,40
203.77.59.98,1,40
150.75.32.148,1,40
150.75.16.23,1,40
150.75.184.186,1,40
150.75.244.233,1,40
150.75.108.52,1,40
203.77.27.102,1,40
202.198.21.235,1,48
202.198.29.54,1,40
203.77.21.103,1,40
203.77.73.185,1,40
133.11.117.72,1,40
133.149.135.56,1,40
133.149.29.231,1,40
203.77.16.6,1,40
133.11.82.255,1,64
203.77.121.97,3,216
150.75.88.184,1,40
150.75.130.30,1,40
133.11.86.149,1,40
150.75.48.15,1,40
133.149.110.12,1,40
150.75.225.98,1,40
203.77.82.1,1,40
150.75.170.166,1,40
133.149.14.226,1,40
203.77.127.220,1,40
133.149.144.88,1,40
150.75.15.43,1,40
150.75.46.239,2,80
133.149.191.218,1,40
133.149.235.55,1,40
203.77.120.185,3,113
133.149.18.176,1,40
150.75.166.171,1,40
202.198.52.13,1,40
133.149.183.42,1,40
202.198.35.24,1,40
163.33.237.238,1,40
163.33.12.3,1,60
163.33.205.191,1,40
163.33.173.219,1,40
150.75.162.218,1,44
163.33.149.147,1,40
133.149.156.203,1,40
133.149.128.80,1,40
150.75.5.79,1,40
133.149.220.64,1,40
150.75.19.45,1,40
133.149.187.222,1,40
163.33.34.133,1,44
163.33.62.161,1,731
202.198.1.16,1,40
163.33.141.224,7,630
163.33.13.233,1,44
150.75.113.21,2,80
150.75.203.197,1,40
203.77.114.87,1,40
150.75.157.117,1,40
163.33.68.143,1,44
150.75.83.177,1,40
150.75.45.219,1,40
203.77.16.145,2,80
163.33.250.56,1,40
163.33.121.53,1,40
133.11.96.188,1,40
150.75.81.5,1,40
133.11.65.41,1,40
133.149.129.183,1,44
150.75.164.161,1,40
133.149.218.197,1,40
150.75.238.228,1,40
150.75.198.78,1,60
202.198.36.156,1,40
133.149.16.59,1,40
163.33.65.183,1,40
150.75.118.44,1,40
150.75.4.55,1,40
133.149.15.23,1,40
163.33.249.217,3,294
202.198.29.132,1,40
133.11.96.128,1,40
150.75.113.196,1,40
163.33.234.18,1,40
202.198.43.105,1,44
202.198.7.51,1,40
163.33.141.65,1,52
133.149.157.190,1,44
150.75.26.12,1,40
150.75.57.127,1,40
150.75.103.179,1,44
203.77.117.130,1,40
133.149.119.41,1,40
203.77.22.22,1,40
133.149.121.59,1,40
133.149.239.23,1,44
133.149.110.193,1,40
163.33.79.55,1,40
133.11.99.143,1,40
150.75.77.165,1,44
150.75.162.125,1,40
133.149.10.179,1,40
150.75.198.5,1,40
203.77.115.34,4,336
163.33.201.225,1,40
133.149.189.192,1,40
133.149.240.160,1,40
133.149.36.197,1,576
163.33.127.132,1,40
133.149.77.188,1,40
150.75.157.148,1,40
150.75.211.227,1,576
133.149.103.171,1,40
150.75.213.188,1,40
163.33.140.153,1,49
150.75.162.67,1,40
163.33.162.196,1,40
203.77.43.122,1,40
202.198.0.21,1,40
133.149.35.138,1,40
150.75.16.155,1,40
163.33.232.79,13,4382
150.75.226.44,1,44
202.198.8.177,1,44
133.11.109.244,1,40
163.33.53.63,1,40
203.77.40.145,1,40
133.149.229.239,1,40
163.33.117.217,1,40
150.75.58.24,1,44
133.149.155.52,1,40
133.149.83.246,1,40
203.77.2.69,2,80
203.77.16.106,1,40
133.149.118.246,1,40
163.33.167.1,1,40
150.75.186.82,1,40
150.75.114.117,1,40
133.149.191.85,1,40
202.204.56.61,1,40
133.149.244.36,1,40
163.33.237.194,1,40
163.33.239.42,2,228
150.75.33.220,1,40
163.33.156.72,1,40
203.77.17.159,1,40
150.75.33.80,1,44
133.11.85.147,1,40
133.149.83.189,1,40
203.77.93.87,1,40
203.77.120.140,2,80
133.11.68.227,1,40
133.149.52.216,1,40
203.77.82.137,1,40
133.11.67.113,1,40
133.149.58.90,1,60
163.33.50.216,1,40
133.149.85.80,1,40
163.33.10.237,1,40
150.75.125.147,1,40
133.149.50.177,1,40
150.75.201.68,1,40
163.33.239.217,4,225
133.149.246.96,1,44
163.33.150.229,1,40
203.77.96.21,3,120
133.149.200.221,1,40
203.77.81.115,1,40
163.33.150.124,1,40
133.149.240.60,1,40
133.149.147.71,1,40
163.33.214.169,1,40
133.149.178.108,2,80
163.33.226.195,1,40
133.149.188.203,1,40
133.149.32.112,1,40
202.198.41.94,2,80
133.149.0.105,1,52
163.33.244.233,2,114
133.149.234.114,1,40
133.149.3.172,1,44
133.149.19.24,1,40
163.33.220.185,1,60
133.149.219.146,1,40
150.75.98.67,1,40
163.33.52.9,1,44
133.11.125.185,1,40
150.75.155.27,1,40
202.198.55.64,1,92
133.149.34.124,1,40
202.198.29.17,1,40
150.75.223.60,1,40
150.75.231.105,1,40
163.33.239.141,8,625
150.75.45.227,1,40
163.33.64.28,1,40
163.33.243.107,1,40
133.149.59.175,1,40
133.149.66.155,1,44
133.149.2.127,1,48
163.33.166.162,1,40
150.75.154.30,1,40
150.75.40.164,1,40
202.198.35.23,1,40
150.75.63.218,1,40
203.77.36.130,1,45
150.75.178.73,1,40
203.77.69.252,1,40
203.77.110.244,1,44
163.33.162.71,1,40
163.33.214.170,1,40
163.33.27.83,1,52
133.149.55.74,1,40
150.75.233.103,1,40
163.33.175.12,1,168
202.198.15.230,1,40
133.149.177.215,1,40
133.149.217.110,1,44
163.33.140.228,1,40
203.77.3.168,1,40
150.75.203.15,1,40
150.75.32.175,1,40
163.33.65.96,1,40
163.33.72.101,1,40
150.75.196.0,1,40
133.149.223.21,1,40
150.75.77.37,1,40
133.149.207.38,1,40
133.149.134.147,1,40
133.149.52.106,1,60
133.149.25.43,1,40
150.75.128.19,1,40
150.75.237.47,1,40
133.149.1.106,1,41
150.75.125.19,1,40
163.33.135.32,1,40
133.149.144.37,1,40
133.149.202.140,1,40
150.75.11.49,1,40
133.149.12.173,1,40
150.75.113.124,1,40
150.75.11.65,1,40
163.33.157.53,1,44
133.149.169.82,1,40
133.149.166.167,1,40
150.75.157.62,1,40
133.149.228.123,1,40
203.77.14.198,1,52
202.198.45.148,1,40
150.75.185.167,1,40
133.149.144.76,1,40
150.75.254.239,1,40
133.11.67.52,1,44
163.33.237.197,1,40
133.11.117.247,1,40
133.11.99.33,1,40
150.75.218.78,1,121
133.149.106.105,1,40
150.75.190.64,1,40
163.33.15.67,1,44
150.75.73.150,1,40
150.75.157.196,1,44
163.33.78.100,1,40
133.149.147.216,2,92
150.75.153.80,1,40
202.204.56.145,1,64
163.33.118.74,1,40
150.75.193.131,1,40
150.75.163.45,1,48
163.33.253.129,1,40
203.77.71.151,1,40
202.198.40.83,1,40
150.75.23.56,1,40
150.75.215.243,1,40
203.77.28.2,1,40
203.77.21.44,1,40
202.198.17.115,1,40
133.149.202.238,1,40
150.75.192.116,1,40
203.77.21.62,1,40
163.33.103.128,1,40
163.33.204.235,1,44
133.149.215.153,1,40
133.149.45.90,1,40
133.149.208.45,1,44
203.77.50.159,1,40
203.77.101.18,1,40
163.33.124.128,1,44
150.75.90.161,1,40
133.149.197.194,1,40
163.33.82.114,1,40
133.149.25.65,1,40
133.11.72.43,1,44
150.75.45.156,1,40
133.149.77.146,1,40
133.149.182.169,1,40
133.149.21.229,1,40
202.198.41.34,1,40
202.198.41.16,1,40
150.75.99.40,1,40
202.198.40.148,1,40
133.149.104.95,1,40
203.77.52.29,1,40
163.33.92.61,1,108
163.33.179.101,1,40
133.149.74.83,1,40
203.77.62.101,1,40
133.149.117.4,1,40
163.33.0.78,1,40
203.77.108.79,1,40
150.75.128.117,1,40
133.11.104.8,1,40
150.75.184.53,1,52
150.75.8.25,1,40
163.33.80.142,1,44
133.11.124.214,1,40
133.149.103.241,1,40
203.77.120.244,3,208
150.75.170.191,1,44
150.75.84.170,1,40
133.149.233.60,1,40
203.77.97.205,1,44
150.75.182.214,1,40
150.75.18.162,1,40
163.33.142.224,1,40
133.149.120.40,1,40
133.11.120.212,1,40
203.77.88.36,1,40
163.33.52.29,1,40
150.75.87.187,1,60
163.33.197.143,2,80
150.75.79.254,1,40
203.77.47.79,1,40
163.33.203.2,1,314
133.149.28.66,1,40
163.33.95.215,5,542
203.77.18.53,1,40
150.75.41.209,1,121
163.33.95.160,1,40
133.149.235.50,1,40
150.75.98.31,1,40
133.149.161.92,1,40
150.75.226.95,1,40
163.33.192.153,2,80
203.77.85.112,1,40
150.75.239.132,1,40
163.33.142.18,1,40
150.75.160.154,1,40
150.75.242.151,1,40
133.149.143.110,1,40
150.75.199.118,1,40
150.75.166.188,1,44
133.149.187.13,1,40
163.33.5.221,1,40
150.75.254.121,1,40
163.33.35.80,1,40
150.75.242.3,2,80
202.198.19.109,1,40
163.33.62.95,1,40
203.77.84.122,1,40
133.149.216.150,1,40
133.11.83.236,1,40
133.11.81.164,1,40
133.149.124.117,1,40
203.77.108.248,1,40
133.149.188.239,1,40
133.149.124.143,1,40
133.149.19.81,1,40
133.149.9.146,1,40
163.33.89.147,1,40
163.33.169.145,1,40
203.77.118.59,2,80
133.149.60.181,1,40
133.149.191.147,1,40
163.33.63.71,1,40
133.149.164.183,1,40
202.204.58.84,1,40
133.149.119.193,1,220
203.77.55.37,1,40
150.75.236.206,1,40
133.149.78.192,1,40
133.149.246.51,1,40
133.149.255.240,1,40
203.77.43.125,1,44
150.75.145.64,1,40
163.33.210.208,1,44
163.33.70.215,1,76
163.33.190.211,1,40
163.33.213.137,1,40
163.33.127.17,1,40
133.149.134.250,1,40
133.149.53.196,1,40
163.33.95.116,1,48
203.77.127.49,2,154
133.149.223.240,1,40
163.33.171.97,2,80
133.11.123.148,1,40
163.33.212.125,1,40
150.75.31.68,1,40
133.149.26.52,1,40
202.198.13.20,1,40
150.75.70.184,1,40
150.75.92.139,1,40
133.11.117.118,1,40
133.149.219.54,1,40
133.149.234.175,1,40
150.75.84.78,1,40
163.33.187.91,1,40
203.77.118.205,1,40
133.11.113.129,1,40
203.77.45.141,1,40
150.75.107.188,1,40
150.75.246.129,1,40
163.33.48.89,1,40
150.75.93.153,1,40
163.33.137.196,1,40
133.149.24.191,1,40
150.75.215.179,1,40
133.149.48.245,1,40
163.33.147.52,1,44
202.198.42.189,1,40
203.77.45.35,1,40
150.75.144.136,1,40
203.77.122.43,1,40
163.33.193.108,1,40
133.149.174.231,1,40
203.77.118.220,2,112
150.75.118.76,1,40
150.75.96.13,1,40
150.75.202.59,1,40
163.33.201.174,1,40
133.149.73.199,1,40
150.75.185.237,1,40
133.149.221.145,1,40
133.149.177.170,1,40
150.75.74.221,1,40
150.75.62.250,1,44
150.75.157.74,2,104
150.75.118.22,1,44
133.149.80.59,1,40
133.149.187.46,1,40
133.149.52.189,1,40
163.33.195.192,1,40
203.77.113.163,1,99
150.75.96.118,1,40
203.77.22.238,1,44
202.198.15.90,1,96
133.149.151.35,1,44
163.33.126.181,1,44
163.33.135.169,1,40
133.11.76.100,1,40
133.149.228.235,1,40
203.77.61.189,1,44
133.11.98.138,1,40
133.149.31.230,1,40
133.149.110.37,1,40
163.33.83.164,1,40
163.33.244.73,2,132
133.149.156.118,1,40
150.75.3.114,1,40
150.75.220.163,1,40
133.149.19.1,1,40
202.198.43.69,1,44
150.75.95.102,1,44
163.33.131.161,1,40
133.149.110.70,1,40
203.77.70.231,1,40
202.204.60.253,1,44
163.33.104.248,1,40
150.75.215.25,1,40
163.33.218.199,1,40
150.75.11.224,1,40
203.77.70.84,2,80
150.75.32.195,1,52
150.75.95.14,1,40
163.33.146.48,1,40
133.149.241.209,1,121
133.149.101.22,1,44
150.75.109.89,1,40
163.33.255.151,1,40
202.25.109.146,1,40
163.33.195.136,2,80
203.77.93.124,1,40
163.33.115.167,1,40
150.75.173.71,1,44
203.77.27.40,1,52
133.149.74.79,1,40
163.33.129.238,1,40
163.33.70.241,2,80
163.33.206.33,1,40
133.149.226.19,1,40
150.75.47.56,1,40
163.33.219.226,1,40
203.77.41.224,1,40
163.33.70.43,1,44
150.75.76.131,1,40
150.75.247.35,1,40
202.198.50.169,1,40
202.204.59.28,1,60
203.77.117.193,1,40
163.33.177.5,1,40
133.149.68.129,1,40
150.75.39.225,1,40
163.33.52.73,1,40
150.75.93.126,1,40
133.149.129.52,1,40
203.77.67.147,1,40
203.77.15.101,1,40
163.33.136.220,1,113
133.149.200.102,1,40
150.75.5.133,1,40
203.77.54.227,1,40
133.149.182.248,1,40
133.149.110.44,1,40
202.198.4.40,1,40
203.77.8.146,1,40
150.75.69.74,1,40
203.77.94.108,1,40
203.77.24.50,1,48
133.149.78.160,1,44
133.149.14.11,1,40
163.33.172.102,1,40
163.33.142.76,1,44
150.75.145.133,1,40
133.149.43.205,1,40
150.75.3.7,1,40
163.33.214.190,1,40
133.149.58.29,1,40
163.33.57.116,1,40
163.33.213.103,1,40
150.75.240.67,1,40
163.33.62.133,1,88
150.75.33.71,1,40
133.11.120.159,1,40
150.75.177.42,1,40
133.149.95.228,1,40
163.33.111.245,1,40
133.149.179.226,1,40
202.204.58.213,2,199
202.198.55.133,1,40
133.149.73.81,1,40
150.75.18.1,1,40
203.77.80.176,1,40
133.149.117.45,1,40
150.75.36.200,1,40
202.198.40.224,1,40
150.75.61.108,1,40
150.75.225.9,1,40
150.75.53.0,1,40
203.77.58.184,1,40
163.33.112.192,1,40
133.11.118.218,1,40
133.149.217.94,2,80
133.11.87.212,1,40
133.149.58.107,1,40
150.75.77.135,1,52
150.75.19.173,1,40
203.77.90.2,1,40
133.149.153.109,1,40
133.149.208.36,1,40
133.11.121.14,1,40
163.33.106.249,1,40
150.75.165.17,1,44
202.198.53.225,1,44
150.75.122.224,1,40
163.33.168.23,1,40
150.75.225.219,1,40
133.149.6.27,1,40
203.77.63.252,1,40
133.11.108.49,1,40
203.77.70.227,1,40
133.149.3.238,1,40
163.33.32.203,1,40
133.149.244.102,1,40
202.204.56.112,1,40
133.11.86.244,1,40
163.33.202.60,1,40
133.149.139.73,1,40
133.149.170.83,1,44
150.75.8.108,1,40
202.198.58.197,1,40
150.75.36.118,1,40
150.75.18.23,1,40
133.149.250.50,1,40
133.11.91.106,1,40
150.75.135.41,1,40
163.33.57.11,1,40
133.149.226.179,1,40
163.33.234.110,1,40
133.149.173.250,1,40
203.77.74.188,1,44
163.33.169.246,1,40
150.75.121.164,1,40
203.77.61.141,1,40
163.33.230.245,1,40
150.75.30.70,1,40
202.15.129.250,1,40
150.75.50.252,1,40
163.33.56.127,1,40
203.77.23.60,1,40
150.75.242.232,1,76
202.204.62.66,1,40
150.75.145.166,1,40
203.77.118.117,1,40
150.75.131.141,1,44
163.33.22.155,1,40
163.33.18.134,1,40
202.204.59.168,1,44
202.198.52.203,1,40
133.149.64.17,1,40
163.33.222.38,1,40
203.77.115.233,1,28
163.33.232.250,1,40
163.33.78.212,1,40
150.75.68.148,1,40
150.75.59.44,1,40
150.75.233.248,1,40
150.75.177.8,1,40
203.77.126.148,1,40
163.33.216.129,2,161
202.198.23.167,1,44
163.33.190.7,1,40
133.149.103.235,1,40
133.149.88.180,1,40
150.75.250.5,1,40
150.75.9.156,1,40
150.75.179.92,1,40
133.149.249.123,1,40
150.75.103.77,1,40
163.33.115.17,2,80
202.198.12.230,1,40
133.149.111.230,1,40
150.75.198.18,1,40
133.149.242.142,1,40
150.75.235.131,1,40
150.75.109.103,1,40
133.11.87.176,1,40
150.75.26.222,1,40
163.33.41.5,1,40
133.11.103.121,1,44
150.75.155.78,1,40
150.75.205.118,1,40
133.149.89.196,1,40
133.149.180.74,1,40
150.75.15.152,1,40
203.77.77.162,1,40
163.33.68.68,1,40
163.33.14.31,1,40
133.149.102.254,1,60
202.198.40.138,1,248
150.75.244.17,1,40
150.75.53.120,1,40
202.198.40.249,1,40
150.75.103.73,1,40
163.33.180.148,1,40
163.33.179.106,1,44
203.77.80.226,1,40
150.75.233.189,1,40
203.77.100.204,1,40
203.77.4.158,1,40
133.149.214.101,1,58
163.33.61.146,1,40
133.149.8.211,1,40
133.149.110.161,1,40
163.33.1.66,1,40
133.149.65.211,1,40
203.77.48.25,1,40
133.149.149.235,1,40
163.33.94.92,2,104
133.149.192.131,1,40
150.75.238.149,1,40
163.33.135.56,1,44
203.77.76.196,1,40
150.75.17.72,1,44
163.33.254.24,406,552795
150.75.238.115,1,40
163.33.141.111,13,1891
150.75.47.177,1,44
163.33.21.229,1,40
203.77.1.160,1,40
150.75.178.143,1,44
133.149.216.223,1,40
163.33.188.224,1,40
203.77.25.106,1,40
163.33.126.42,1,40
163.33.80.93,1,40
133.149.125.96,1,40
163.33.17.253,1,40
133.149.95.231,1,40
133.149.78.230,1,40
203.77.68.166,1,40
203.77.29.84,1,40
163.33.123.166,1,44
150.75.89.151,1,40
203.77.1.1,1,40
163.33.26.183,1,40
150.75.111.206,1,40
150.75.150.185,1,40
203.77.38.228,1,40
150.75.40.60,1,40
133.149.231.121,1,40
133.11.126.209,1,40
133.149.175.165,1,40
150.75.217.172,1,40
163.33.146.78,1,40
163.33.57.251,1,40
163.33.19.221,1,40
133.149.144.163,1,40
150.75.199.185,1,40
150.75.10.129,1,40
163.33.158.13,1,44
133.149.147.9,1,40
133.11.65.114,1,40
203.77.66.158,1,726
133.149.22.78,1,40
133.149.22.50,1,40
202.198.54.224,1,52
150.75.41.113,1,40
133.11.80.195,1,44
150.75.210.5,1,40
150.75.69.180,1,44
150.75.27.129,1,40
133.149.82.2,1,40
150.75.72.118,1,40
203.77.122.199,1,40
163.33.68.220,1,44
133.149.22.49,1,40
133.149.205.206,1,40
133.11.85.172,1,40
163.33.252.107,1,40
150.75.249.120,1,40
133.149.233.105,1,40
150.75.72.131,1,40
150.75.138.128,1,40
203.77.117.196,1,40
150.75.239.4,1,40
150.75.95.89,1,44
150.75.72.10,1,40
203.77.109.251,1,44
203.77.109.95,1,40
133.149.22.156,1,40
150.75.155.63,1,40
133.11.98.45,1,40
203.77.125.121,1,40
150.75.142.18,1,44
150.75.183.228,1,40
133.149.103.228,1,40
163.33.139.79,1,44
150.75.184.102,1,40
150.75.130.199,1,40
133.11.108.64,1,40
150.75.162.226,1,40
163.33.170.31,1,40
203.77.34.179,1,40
163.33.244.13,1,101
163.33.78.28,1,40
150.75.111.188,1,40
133.11.108.16,1,40
133.11.74.2,1,40
163.33.20.224,1,40
163.33.113.153,1,40
133.11.79.49,1,40
163.33.103.16,1,40
203.77.113.246,7,974
202.198.29.254,1,40
163.33.150.241,1,40
133.11.90.176,1,40
150.75.166.241,1,40
163.33.235.253,1,40
202.198.24.193,1,40
163.33.44.101,1,40
150.75.166.82,1,40
133.149.22.140,1,40
163.33.164.243,1,40
150.75.34.211,1,40
133.149.18.37,1,44
133.149.50.241,1,44
203.77.35.63,1,40
203.77.110.33,1,40
163.33.146.45,1,40
150.75.223.217,1,40
202.198.9.89,1,40
150.75.7.132,1,40
150.75.251.80,1,40
202.198.63.136,1,40
163.33.93.156,30,5455
133.11.67.138,1,40
150.75.186.185,1,40
163.33.126.131,1,40
163.33.90.220,1,40
133.149.180.146,1,40
150.75.19.69,1,40
202.204.61.233,2,80
133.149.111.208,1,40
133.149.197.139,1,40
163.33.254.26,1,40
133.149.41.151,1,40
202.198.53.63,1,40
133.11.79.31,1,40
150.75.250.122,1,40
133.11.113.249,1,40
163.33.251.77,1,40
203.77.86.162,1,40
150.75.192.33,1,40
203.77.3.163,1,40
163.33.167.245,1,44
133.149.6.28,1,40
202.204.61.223,1,40
133.11.64.80,1,40
163.33.233.160,1,40
150.75.24.241,1,40
133.11.84.213,1,40
163.33.93.131,2,128
150.75.235.171,1,40
202.204.61.235,1,40
133.11.104.240,1,40
133.149.47.222,1,44
203.77.8.113,1,40
133.149.14.116,1,40
133.149.85.144,1,40
133.149.201.223,1,40
163.33.135.189,1,40
150.75.57.164,1,40
203.77.19.219,1,40
150.75.85.232,1,40
150.75.1.98,1,40
203.77.27.111,1,60
163.33.122.212,1,40
133.149.171.118,1,40
133.149.204.122,1,40
203.77.10.68,1,40
163.33.60.145,1,40
133.149.26.81,1,44
133.149.135.202,1,40
163.33.238.0,1,40
163.33.241.176,1,40
133.149.3.133,1,40
133.149.62.203,1,40
150.75.227.83,1,40
133.149.43.231,1,40
133.149.253.0,1,40
150.75.85.38,1,44
133.149.21.87,1,40
163.33.40.24,1,40
133.11.111.54,1,40
150.75.198.231,1,40
163.33.175.239,1,40
150.75.246.49,1,40
150.75.94.212,1,40
150.75.216.22,1,40
133.149.34.64,1,40
133.149.23.47,1,40
133.11.65.59,1,40
163.33.212.117,1,40
203.77.16.23,1,40
150.75.201.211,1,40
202.198.55.215,1,40
133.11.72.154,1,40
163.33.96.41,1,40
150.75.173.247,1,40
150.75.116.170,1,40
150.75.255.242,1,40
150.75.225.253,1,40
203.77.119.114,1,60
203.77.45.126,1,44
202.198.46.9,1,40
150.75.233.2,1,40
150.75.182.136,1,40
133.149.218.181,1,40
133.149.235.119,1,40
150.75.244.160,1,40
133.149.218.237,1,40
150.75.168.195,1,40
133.149.252.102,1,40
203.77.9.238,1,40
133.149.5.87,1,40
163.33.155.218,1,40
163.33.52.81,1,40
150.75.184.198,1,52
150.75.179.181,1,40
150.75.24.87,1,40
203.77.55.236,1,40
133.11.101.143,1,40
133.11.121.40,1,40
133.11.126.222,1,40
203.77.26.117,1,44
133.11.102.9,1,40
150.75.24.177,1,40
150.75.8.187,1,40
133.149.220.206,1,40
203.77.47.30,1,44
203.77.24.54,1,40
133.149.35.231,1,44
203.77.14.27,1,40
163.33.49.193,1,40
133.11.123.173,1,44
203.77.34.253,1,40
163.33.200.168,1,40
203.77.38.133,1,40
133.11.114.118,1,44
163.33.205.209,1,40
202.198.4.242,1,40
150.75.235.161,1,40
150.75.129.55,1,40
133.149.169.107,1,40
163.33.24.128,1,40
163.33.134.142,1,52
133.11.121.132,1,40
150.75.53.202,1,40
133.149.35.98,1,40
163.33.63.173,5,1270
150.75.181.26,1,40
133.149.19.51,1,40
163.33.62.171,1,731
163.33.63.120,1,44
133.149.105.115,1,40
150.75.143.116,1,40
150.75.196.16,1,40
203.77.38.94,2,80
133.149.15.71,1,60
133.149.80.108,1,40
150.75.130.162,1,40
150.75.143.115,1,40
133.11.108.206,1,40
150.75.250.193,1,40
133.11.120.204,1,40
150.75.100.177,1,40
163.33.141.163,2,167
203.77.120.176,1,40
203.77.72.188,1,40
150.75.32.187,1,40
133.149.47.33,1,40
133.149.1.15,1,40
163.33.49.251,1,40
163.33.248.134,1,71
133.149.110.96,4,160
163.33.139.105,1,40
133.149.1.200,1,40
163.33.57.126,1,44
150.75.242.57,1,40
203.77.95.75,1,40
133.11.101.221,2,80
133.149.57.8,1,40
150.75.183.149,1,44
163.33.66.144,1,40
163.33.95.26,8,4288
203.77.50.165,1,40
150.75.104.124,1,40
133.149.215.234,1,40
202.204.63.167,1,40
163.33.135.120,1,40
133.149.131.41,1,60
133.149.233.183,1,40
150.75.86.76,1,44
163.33.103.75,1,40
133.149.51.19,1,40
133.149.78.93,1,40
163.33.138.205,1,40
133.149.3.101,1,40
163.33.247.87,1,44
202.198.25.3,1,40
133.149.208.246,1,40
133.149.109.75,1,40
202.198.46.156,1,40
150.75.80.127,1,40
133.149.206.201,1,40
163.33.158.162,1,40
150.75.229.109,1,40
150.75.24.235,1,40
133.149.224.75,1,40
150.75.238.12,1,40
133.149.218.136,1,40
133.149.150.45,1,40
133.149.53.18,1,40
150.75.67.246,1,40
202.198.2.121,1,40
150.75.232.201,1,40
133.11.88.249,1,44
150.75.216.150,1,40
133.149.190.126,1,40
150.75.131.23,1,44
203.77.34.120,1,40
203.77.115.197,1,40
163.33.237.44,1,40
163.33.106.244,5,220
133.11.97.139,1,40
202.198.13.82,1,40
150.75.99.61,1,40
203.77.82.128,1,40
150.75.144.199,1,40
203.77.10.57,1,40
133.11.97.28,1,40
133.149.114.198,1,40
203.77.31.252,1,40
150.75.248.136,1,40
133.149.138.244,1,40
203.77.117.165,1,40
163.33.64.58,1,40
163.33.148.143,1,40
150.75.148.43,1,40
133.149.204.38,1,40
133.149.9.17,1,40
150.75.254.57,1,40
163.33.35.179,1,40
203.77.116.244,10,5874
163.33.139.150,1,40
133.149.72.160,1,40
163.33.191.251,3,225
163.33.36.142,1,40
163.33.159.85,1,44
202.198.24.183,1,40
150.75.248.82,1,40
163.33.155.181,1,40
163.33.112.95,1,40
203.77.111.45,1,40
150.75.31.157,1,40
163.33.250.158,1,40
150.75.48.139,2,80
133.11.76.102,1,40
163.33.226.226,2,99
163.33.0.190,1,355
150.75.242.13,1,40
203.77.27.177,1,40
133.149.15.47,1,40
163.33.171.139,1,40
163.33.167.51,1,40
202.198.24.35,1,40
163.33.84.232,1,48
203.77.51.73,1,40
150.75.50.88,1,40
163.33.64.121,2,84
150.75.22.248,1,40
163.33.235.170,1,40
133.149.177.89,1,40
163.33.155.185,1,40
133.11.123.211,1,40
163.33.231.109,2,270
133.11.127.87,1,40
133.149.82.149,1,40
163.33.130.59,1,44
133.149.250.161,1,40
133.149.110.2,1,40
163.33.138.37,1,44
150.75.63.42,1,40
133.149.172.199,1,40
203.77.3.201,1,40
163.33.19.151,1,40
163.33.65.68,1,40
133.11.76.99,1,40
202.198.27.31,1,40
150.75.234.50,1,40
163.33.67.143,1,40
203.77.56.253,1,40
163.33.31.145,1,40
163.33.67.9,1,40
150.75.134.31,1,40
202.198.37.195,1,40
133.149.162.108,1,40
203.77.46.30,1,40
150.75.174.62,1,40
150.75.62.22,1,40
150.75.60.106,1,40
163.33.48.36,1,40
203.77.76.100,1,40
203.77.72.107,1,40
150.75.23.40,1,40
163.33.195.233,1,44
150.75.155.178,1,40
133.149.178.51,1,40
133.149.27.8,1,40
150.75.7.83,1,40
202.204.62.208,1,40
133.149.17.102,1,40
203.77.31.15,1,40
203.77.43.225,1,44
150.75.117.37,1,576
150.75.213.214,1,40
150.75.125.48,1,40
202.204.56.58,1,44
150.75.171.201,1,40
150.75.155.72,1,40
163.33.49.13,1,40
202.198.57.92,2,88
133.149.103.183,1,40
133.149.178.135,1,40
150.75.175.153,1,40
133.149.104.98,1,40
150.75.9.187,1,52
133.149.40.133,1,40
133.149.154.71,1,40
150.75.209.30,1,40
150.75.174.126,1,40
163.33.121.112,1,40
163.33.237.180,2,104
150.75.37.102,1,40
163.33.122.233,1,40
133.149.50.39,1,40
133.149.99.250,1,40
133.11.123.111,1,40
163.33.122.249,1,40
150.75.63.23,1,44
133.149.178.110,1,40
202.204.58.147,1,40
150.75.71.236,1,40
133.149.178.156,1,40
203.77.127.242,1,40
163.33.232.166,3,294
150.75.150.230,1,40
203.77.34.8,1,40
150.75.76.73,1,40
163.33.65.16,1,40
163.33.236.118,1,40
133.11.102.110,1,48
150.75.130.5,1,52
202.204.63.156,1,40
150.75.150.117,1,40
203.77.38.217,1,40
202.198.48.218,1,40
150.75.18.101,1,44
150.75.74.208,1,40
203.77.79.59,1,40
133.149.85.198,1,40
150.75.46.87,1,40
203.77.83.7,1,44
133.149.72.21,1,40
203.77.30.178,1,40
133.149.46.251,1,40
163.33.141.193,1,115
163.33.0.126,1,44
163.33.48.92,1,40
150.75.248.214,1,40
163.33.117.74,1,40
133.149.249.87,1,40
150.75.155.42,1,40
133.149.211.170,1,40
150.75.224.39,1,60
150.75.29.127,1,40
163.33.21.107,1,40
163.33.233.32,1,44
150.75.24.69,1,40
133.149.9.130,1,40
203.77.80.117,1,40
163.33.227.87,1,60
133.149.157.19,1,40
203.77.88.55,1,40
202.198.52.79,1,40
163.33.95.88,12,2324
163.33.100.97,1,52
203.77.110.208,1,40
133.11.101.72,1,40
150.75.110.118,1,40
133.149.85.18,1,40
163.33.62.165,2,1217
133.149.227.182,1,40
202.204.56.116,2,138
163.33.239.16,1,40
163.33.94.125,1,491
150.75.138.235,1,40
163.33.246.253,1,44
133.149.98.162,1,44
203.77.116.196,1,91
202.198.16.40,1,40
203.77.34.60,1,40
163.33.180.210,1,40
150.75.35.168,1,40
150.75.74.195,1,40
150.75.74.20,1,44
150.75.143.131,1,40
133.11.125.241,1,40
150.75.55.249,1,44
202.198.44.64,1,40
163.33.125.57,1,40
150.75.55.167,1,40
163.33.221.119,1,40
133.11.69.124,1,44
163.33.166.43,1,40
150.75.65.87,1,40
133.149.105.185,1,52
150.75.28.228,1,44
203.77.71.244,1,44
133.11.86.38,1,40
150.75.15.161,1,40
133.149.251.2,2,112
203.77.54.64,1,40
150.75.123.57,1,40
150.75.32.50,1,40
133.11.93.95,1,40
202.198.60.22,1,40
163.33.196.37,1,44
202.198.29.177,1,40
150.75.222.162,1,44
150.75.137.72,1,44
133.11.64.105,1,40
163.33.77.42,1,40
133.149.239.17,1,40
150.75.122.171,1,40
133.11.113.24,1,40
163.33.62.160,1,40
150.75.198.9,1,40
163.33.246.170,1,40
163.33.88.126,1,40
133.11.108.39,1,40
150.75.20.126,1,40
133.149.61.21,1,40
150.75.38.96,1,40
163.33.11.121,1,40
203.77.63.179,1,40
150.75.121.229,1,40
133.11.124.148,1,40
133.149.172.182,1,44
163.33.155.238,1,40
163.33.53.180,1,40
203.77.3.170,1,40
150.75.153.111,1,40
150.75.42.107,1,40
202.198.40.33,1,40
202.25.107.141,1,52
203.77.41.34,1,40
150.75.133.29,1,40
133.149.150.81,1,121
133.149.248.40,1,40
203.77.115.212,1,40
163.33.209.131,21,2616
133.11.71.198,1,40
150.75.238.1,1,40
150.75.242.244,1,40
202.198.5.49,2,80
150.75.186.186,1,40
133.11.97.238,1,40
133.149.137.215,1,40
163.33.128.19,1,40
150.75.34.92,1,40
203.77.125.106,1,40
150.75.35.59,1,44
133.149.88.135,1,40
163.33.72.127,1,40
150.75.12.95,1,40
163.33.61.187,1,40
133.11.121.70,1,44
133.149.235.57,1,40
203.77.58.160,1,40
150.75.211.88,1,40
163.33.3.202,1,40
133.11.96.55,1,40
133.11.112.21,1,40
133.149.187.19,1,40
133.149.199.40,1,40
203.77.23.128,1,44
203.77.126.251,2,80
150.75.139.86,1,44
133.11.105.110,1,40
202.198.5.52,1,40
202.198.28.155,1,40
133.11.111.99,1,40
150.75.147.82,1,40
163.33.117.7,1,40
133.11.76.136,1,40
150.75.197.82,1,40
203.77.123.180,1,40
133.149.174.3,1,40
133.149.139.174,1,40
150.75.113.40,1,60
150.75.169.182,1,40
163.33.51.182,1,40
150.75.26.101,1,40
203.77.107.170,1,40
163.33.3.201,1,40
150.75.29.65,1,40
163.33.88.53,1,40
202.198.38.163,1,40
150.75.209.95,1,40
150.75.109.158,1,40
163.33.246.93,1,64
150.75.226.171,1,40
133.149.63.199,1,40
150.75.58.183,1,40
203.77.81.124,1,40
163.33.79.166,1,52
133.11.76.11,1,40
163.33.128.215,1,40
203.77.102.109,1,40
150.75.227.252,5,2165
133.11.121.25,1,40
133.149.106.212,1,40
150.75.117.15,1,40
133.149.218.43,1,40
133.149.31.231,1,40
150.75.79.212,1,52
150.75.222.193,1,44
150.75.240.49,1,40
163.33.140.139,1,40
202.198.60.57,1,40
150.75.112.54,1,40
150.75.227.253,5,2168
163.33.203.59,2,80
203.77.28.82,1,40
133.11.74.16,1,40
133.149.234.150,1,40
150.75.180.224,1,40
163.33.129.63,2,92
150.75.5.195,1,44
163.33.51.111,1,40
150.75.83.8,1,40
150.75.63.2,1,40
150.75.96.50,1,40
133.149.190.85,1,68
150.75.227.249,5,2165
163.33.168.176,2,143
133.149.223.220,1,40
150.75.202.66,1,40
203.77.4.25,1,40
150.75.128.114,1,40
133.149.32.163,1,40
133.149.182.24,1,40
163.33.131.5,1,537
150.75.154.122,1,40
133.149.44.231,1,40
163.33.156.27,2,80
150.75.227.251,5,2164
133.149.75.94,1,40
133.149.176.242,1,40
133.149.255.71,10,1493
133.149.75.184,1,40
150.75.227.254,5,2168
133.149.210.77,1,40
150.75.232.148,1,40
150.75.227.255,5,2166
150.75.227.250,5,2165
203.77.124.79,1,30
163.33.38.247,1,40
202.204.59.167,1,44
150.75.206.191,1,40
150.75.227.248,5,2171
203.77.7.166,1,40
163.33.156.215,1,40
150.75.182.69,1,40
133.149.14.134,1,40
203.77.33.46,1,40
163.33.140.63,389,553877
202.204.59.4,1,60
133.149.106.48,1,40
203.77.59.63,1,40
150.75.227.247,5,2167
150.75.77.241,1,40
133.149.47.121,1,40
150.75.232.122,1,40
133.149.182.20,1,40
133.149.171.95,1,40
163.33.245.213,1,40
150.75.174.210,1,40
133.149.236.73,1,40
150.75.224.230,1,40
163.33.185.147,1,40
150.75.150.52,1,40
163.33.128.30,1,40
133.149.32.107,1,40
163.33.187.202,2,80
203.77.41.200,1,40
133.149.125.89,1,40
163.33.57.23,3,302
150.75.101.5,1,40
163.33.52.193,1,40
150.75.147.123,1,40
163.33.38.124,1,40
203.77.79.223,1,40
133.11.104.203,1,44
203.77.54.77,1,40
203.77.98.65,1,40
163.33.234.21,1,40
133.149.5.178,1,40
203.77.45.125,1,40
163.33.156.18,1,40
150.75.10.187,1,40
163.33.93.104,10,797
150.75.152.134,1,40
133.149.104.112,1,40
150.75.42.64,1,40
202.204.62.180,1,40
203.77.47.94,1,40
133.149.133.227,1,44
133.149.41.146,1,40
150.75.129.180,1,40
133.149.165.208,1,40
202.198.47.183,1,40
163.33.50.122,1,40
133.11.88.232,1,40
163.33.162.233,1,44
150.75.178.125,1,40
163.33.157.71,1,40
203.77.23.77,1,40
133.11.108.243,1,40
133.149.251.102,1,40
202.198.53.254,1,44
150.75.59.51,1,40
133.149.143.238,1,44
163.33.180.182,1,40
163.33.195.28,1,40
150.75.212.114,1,40
163.33.29.247,1,40
163.33.200.205,1,40
203.77.94.153,1,40
203.77.111.227,1,40
150.75.242.112,1,40
203.77.90.44,1,40
133.149.105.160,1,40
133.149.79.12,1,40
133.149.119.30,1,40
203.77.73.86,1,40
163.33.192.61,1,40
203.77.99.249,1,40
133.149.6.205,1,40
133.149.8.61,1,40
202.198.44.106,1,40
163.33.172.151,1,40
163.33.185.165,1,40
150.75.115.101,1,40
163.33.189.31,1,40
163.33.4.114,1,40
150.75.162.220,1,40
203.77.89.101,1,40
203.77.87.223,1,40
133.11.122.80,1,40
133.149.208.96,1,40
133.11.99.13,1,40
163.33.184.245,1,40
133.11.72.254,1,121
133.149.58.154,1,40
202.198.1.33,1,40
203.77.5.48,1,40
150.75.188.28,1,40
150.75.102.176,1,40
150.75.63.184,1,40
150.75.72.215,1,40
163.33.56.9,1,40
150.75.8.45,1,294
163.33.18.241,1,40
133.149.10.155,1,40
163.33.51.125,1,40
202.198.6.81,2,80
163.33.62.175,2,234
163.33.196.156,1,40
133.149.53.31,1,40
203.77.14.180,1,40
133.11.114.28,1,40
150.75.32.192,1,40
150.75.150.142,1,40
203.77.79.30,1,40
203.77.15.46,1,40
163.33.107.210,1,68
133.149.45.132,1,40
163.33.172.39,1,48
133.149.117.157,1,40
150.75.34.8,1,40
150.75.111.32,1,40
150.75.246.153,1,40
203.77.71.182,1,40
133.11.72.206,1,40
133.149.180.161,1,40
133.149.1.195,1,40
133.11.117.153,1,40
150.75.32.183,1,40
163.33.139.36,1,40
150.75.207.170,1,40
150.75.132.159,1,40
133.149.99.126,1,40
150.75.101.85,1,40
150.75.187.67,1,40
133.149.79.143,1,40
163.33.105.19,1,40
133.149.173.144,1,40
163.33.12.139,1,40
133.11.70.199,1,152
150.75.145.215,1,40
163.33.15.236,1,40
163.33.241.53,1,44
203.77.98.255,1,40
150.75.215.214,1,40
202.198.36.147,1,76
133.11.68.108,1,40
150.75.108.207,1,40
163.33.195.163,1,40
163.33.217.79,1,60
133.149.249.110,1,40
150.75.239.8,1,40
133.11.103.103,1,40
150.75.197.209,1,40
203.77.51.237,1,44
163.33.51.215,1,40
150.75.80.88,1,40
150.75.220.213,2,80
203.77.18.213,1,44
163.33.194.172,1,40
202.198.17.154,1,52
203.77.46.24,1,40
150.75.190.68,1,40
133.11.126.88,1,40
150.75.42.247,1,40
133.149.94.30,1,40
133.149.211.173,1,40
163.33.42.48,1,40
163.33.31.58,1,40
150.75.0.240,1,44
133.149.86.88,1,40
133.149.181.228,1,40
133.149.23.23,1,44
150.75.145.98,1,40
150.75.217.206,1,44
133.149.109.139,1,40
163.33.75.83,1,40
150.75.253.140,1,40
150.75.138.209,1,40
133.11.106.133,1,40
133.149.119.93,1,40
150.75.243.183,1,40
133.149.49.121,1,44
133.149.159.174,1,40
203.77.80.107,1,40
133.149.223.158,1,40
202.198.44.151,2,80
202.198.0.181,1,40
133.11.112.130,1,44
150.75.182.60,1,40
203.77.13.179,1,40
133.149.252.191,1,40
203.77.20.205,1,40
133.149.239.112,1,40
202.198.40.42,1,40
150.75.238.10,1,40
203.77.110.41,1,40
133.149.186.201,1,40
133.149.188.176,1,40
150.75.206.14,1,40
133.149.129.246,1,40
133.149.118.130,1,40
202.204.61.142,1,40
133.11.110.40,1,40
133.11.92.27,1,40
150.75.62.204,1,40
150.75.2.226,1,40
203.77.123.234,1,40
133.149.57.96,1,40
202.198.56.145,1,40
163.33.115.228,1,40
202.198.39.11,2,80
133.149.117.171,1,40
202.198.55.234,2,88
163.33.63.35,1,40
163.33.104.1,1,121
133.149.105.93,1,40
163.33.80.115,1,44
150.75.6.13,1,40
150.75.44.77,1,40
150.75.191.106,1,40
203.77.70.252,1,40
150.75.180.135,1,40
150.75.211.83,1,40
150.75.198.200,1,40
203.77.91.74,1,40
202.198.16.46,3,227
133.149.33.10,1,40
133.11.127.237,1,40
203.77.105.0,1,40
133.11.83.109,1,121
133.149.108.118,1,40
163.33.60.135,1,40
150.75.229.115,1,40
150.75.14.195,1,40
133.149.36.210,1,40
150.75.16.22,1,40
163.33.212.80,1,40
163.33.192.15,1,40
133.149.19.157,1,40
203.77.73.69,1,44
133.149.187.238,1,40
150.75.73.129,1,40
150.75.171.138,1,40
133.149.144.75,1,40
150.75.228.217,1,40
163.33.249.190,1,40
150.75.52.197,1,40
133.149.157.166,1,40
203.77.27.97,1,40
163.33.142.239,1,40
150.75.13.174,1,40
150.75.76.20,1,40
133.149.16.140,1,40
150.75.243.164,1,40
202.198.48.242,1,40
150.75.41.106,1,40
150.75.234.206,1,40
133.149.25.188,1,40
150.75.93.42,1,40
133.149.76.60,1,40
203.77.121.27,2,230
133.149.195.41,1,40
150.75.83.244,1,40
133.149.48.189,1,40
163.33.80.51,1,40
133.149.105.44,1,40
150.75.51.100,1,44
163.33.29.102,1,40
150.75.66.130,1,40
150.75.52.103,1,44
133.149.95.112,1,40
133.11.87.184,1,40
163.33.171.167,1,44
150.75.203.193,1,44
150.75.160.115,1,40
202.198.43.60,1,40
133.149.117.220,1,40
203.77.127.48,2,168
203.77.106.57,1,40
133.149.201.207,1,40
133.149.55.142,1,40
133.149.41.176,1,40
202.204.60.228,1,44
150.75.4.52,1,40
203.77.43.175,1,40
150.75.217.133,1,40
133.149.18.230,1,40
133.149.190.16,1,40
150.75.238.35,1,40
202.198.44.56,1,40
133.149.125.191,1,40
150.75.210.223,1,40
150.75.74.14,1,76
163.33.58.237,1,40
163.33.211.158,1,44
203.77.78.248,1,40
133.149.64.202,1,40
133.149.55.176,1,40
163.33.218.213,1,44
133.149.140.107,1,40
202.198.48.237,1,40
133.149.96.20,1,40
150.75.93.12,1,52
163.33.19.33,1,40
163.33.42.252,1,40
163.33.136.113,1,58
150.75.12.202,1,40
203.77.109.170,1,40
133.149.44.250,1,40
133.11.82.136,1,48
163.33.139.195,1,40
203.77.10.43,1,40
203.77.94.147,1,44
203.77.19.20,1,76
163.33.90.185,1,44
163.33.58.89,1,44
202.198.57.23,1,40
133.149.216.145,1,40
163.33.151.204,1,40
202.198.61.169,1,40
133.11.68.164,1,40
133.149.98.242,1,40
163.33.251.31,1,40
150.75.6.49,1,40
133.149.245.137,1,40
163.33.244.158,1,44
163.33.236.47,3,300
133.149.81.87,1,40
133.149.105.119,1,40
133.149.193.208,1,40
163.33.205.13,2,92
150.75.98.22,1,40
150.75.233.22,1,40
163.33.75.204,1,40
163.33.156.17,1,40
163.33.62.135,1,122
150.75.99.42,1,40
133.149.141.157,1,40
150.75.214.130,1,40
150.75.129.69,1,40
133.149.57.157,1,40
203.77.33.6,1,40
133.149.175.6,1,40
163.33.246.182,1,44
163.33.29.42,1,60
163.33.14.183,1,40
203.77.17.53,1,40
202.198.23.105,1,40
150.75.73.208,1,40
133.149.32.110,1,40
133.149.144.8,1,40
133.149.46.41,1,40
163.33.113.208,1,40
133.149.195.51,1,40
133.11.114.182,1,40
163.33.122.175,1,40
133.149.169.46,1,40
203.77.43.150,1,44
203.77.74.41,1,40
163.33.141.177,5,1069
133.149.31.197,1,44
133.149.109.234,1,40
163.33.167.219,1,40
150.75.165.154,1,40
163.33.88.37,1,40
133.149.29.50,1,40
133.149.130.246,1,40
133.149.228.219,1,40
150.75.46.217,1,40
203.77.124.68,2,80
150.75.115.92,1,40
163.33.54.65,1,40
133.11.101.76,1,44
163.33.193.54,1,52
163.33.205.127,1,40
163.33.150.52,1,60
163.33.228.89,1,44
133.149.42.1,1,40
150.75.129.203,1,44
150.75.19.218,1,40
133.11.93.147,1,40
150.75.12.230,1,40
133.149.78.71,1,40
150.75.152.109,1,40
202.198.22.176,1,40
133.149.47.128,1,40
133.149.96.103,1,40
163.33.71.59,1,40
203.77.48.75,1,40
133.149.2.195,1,40
133.149.32.170,1,40
133.149.153.207,1,44
163.33.174.44,1,56
133.149.86.179,1,40
150.75.209.118,1,40
150.75.156.68,1,40
203.77.118.176,3,197
133.149.89.124,1,44
150.75.149.197,1,40
133.149.220.242,1,40
133.11.68.166,1,40
133.149.203.214,1,40
133.149.168.162,1,40
133.149.58.169,1,40
133.149.156.220,1,40
163.33.39.71,1,40
203.77.67.150,1,40
202.198.17.182,1,48
150.75.18.78,1,40
163.33.208.204,1,40
150.75.223.166,1,40
163.33.132.198,1,115
150.75.22.91,1,40
202.198.34.88,1,40
203.77.15.221,1,60
133.11.112.99,1,40
133.149.129.157,1,60
150.75.219.158,1,40
133.149.245.13,1,40
202.198.62.30,1,40
133.149.69.96,1,40
150.75.55.194,1,40
150.75.68.52,1,40
202.198.23.55,1,40
133.149.146.169,1,44
150.75.183.188,1,40
163.33.29.60,1,48
133.149.32.239,1,40
133.11.71.66,1,40
133.149.36.251,1,40
163.33.241.84,1,40
133.149.243.156,1,40
163.33.39.123,1,40
133.149.102.204,1,40
202.198.9.219,1,40
150.75.193.147,1,40
203.77.10.59,1,76
163.33.243.179,1,40
133.149.134.101,1,40
133.149.125.30,1,40
163.33.129.112,1,40
133.149.66.193,1,40
150.75.180.4,1,40
163.33.235.245,1,44
150.75.134.170,1,40
203.77.121.244,3,220
203.77.90.66,1,40
203.77.76.31,1,44
150.75.14.153,1,40
203.77.101.239,1,40
203.77.102.41,1,40
150.75.203.50,1,44
163.33.101.54,1,56
202.198.18.106,1,40
163.33.140.211,1,92
133.149.15.196,1,40
133.149.172.198,1,44
133.11.104.216,1,40
163.33.133.65,1,40
150.75.179.33,1,40
163.33.53.39,1,40
150.75.66.241,1,40
133.149.134.23,1,294
163.33.142.207,1,40
163.33.186.113,1,40
203.77.71.14,1,40
150.75.252.246,1,40
133.149.181.1,1,40
133.149.190.195,2,80
203.77.41.83,1,40
203.77.8.69,1,40
203.77.40.168,1,40
163.33.72.195,1,40
203.77.77.37,1,40
150.75.26.75,1,40
203.77.34.98,1,40
203.77.58.91,1,40
163.33.60.36,1,44
163.33.89.199,1,40
150.75.250.190,1,40
203.77.10.51,1,40
133.149.29.175,1,40
203.77.16.231,1,40
150.75.181.42,1,40
202.198.59.41,1,40
133.149.143.49,1,40
203.77.112.72,1,52
203.77.35.109,1,40
163.33.89.161,1,40
133.11.66.162,1,40
163.33.133.72,1,44
133.149.45.238,1,40
150.75.10.196,1,40
150.75.27.201,1,40
133.149.45.241,1,40
163.33.125.123,1,40
133.149.102.51,1,40
150.75.94.87,1,40
150.75.239.115,1,40
163.33.182.9,1,40
133.149.38.231,1,44
133.11.102.129,1,48
150.75.34.203,1,40
163.33.45.238,1,44
163.33.123.240,1,60
150.75.64.228,1,40
150.75.120.39,1,44
163.33.165.142,1,40
203.77.52.24,1,40
163.33.251.113,1,40
133.149.86.79,1,40
133.149.66.116,1,40
133.11.116.143,1,40
203.77.34.214,1,40
133.149.196.38,1,40
163.33.209.158,7,782
133.149.240.59,1,40
133.11.119.42,1,40
163.33.118.204,1,40
133.11.104.155,1,40
202.198.28.19,1,40
133.149.5.158,1,40
133.149.127.116,1,40
163.33.61.173,1,40
133.149.32.60,1,40
163.33.151.27,1,40
202.204.59.26,1,60
133.149.185.99,1,40
163.33.140.24,1,72
133.149.24.202,1,40
133.149.203.55,1,40
203.77.41.123,1,40
163.33.143.44,1,40
150.75.106.55,1,40
133.149.4.208,1,44
150.75.65.201,1,40
150.75.43.112,1,40
202.204.59.27,1,60
150.75.3.166,1,44
202.198.2.231,1,40
133.149.129.10,1,40
133.11.84.233,1,40
163.33.87.102,1,40
150.75.40.131,1,40
150.75.1.202,1,40
150.75.63.121,1,40
202.198.7.88,1,40
163.33.178.254,1,40
163.33.93.138,1,52
163.33.109.180,1,40
163.33.64.13,1,40
163.33.87.37,1,40
163.33.140.160,14,1730
150.75.209.153,1,40
150.75.252.147,1,40
133.149.240.172,1,40
150.75.236.110,1,40
133.149.193.186,1,40
150.75.97.45,1,40
150.75.75.89,1,40
133.149.139.115,1,40
163.33.155.94,1,40
163.33.191.233,2,147
133.149.55.39,1,40
133.149.97.231,1,40
163.33.90.26,1,44
133.149.166.216,1,40
163.33.128.147,1,40
133.149.249.228,1,44
203.77.15.155,1,40
150.75.62.88,1,40
133.149.180.211,1,40
163.33.15.138,1,40
133.149.33.234,1,40
163.33.149.95,1,40
133.149.151.164,1,40
133.149.246.53,1,40
150.75.162.146,1,40
203.77.43.57,1,40
203.77.16.137,1,40
133.149.156.20,1,40
202.198.27.53,1,40
163.33.232.182,1,40
150.75.136.16,1,40
133.11.110.220,1,40
133.149.19.215,1,40
163.33.83.68,1,40
163.33.95.123,1,40
150.75.218.88,1,40
202.198.32.225,1,44
133.149.91.20,1,40
163.33.57.13,1,313
133.149.170.235,1,40
150.75.252.125,1,40
133.11.80.170,1,40
163.33.47.23,1,40
163.33.182.244,1,40
150.75.8.194,1,40
202.198.48.26,1,40
202.198.62.187,1,40
202.198.33.100,1,40
133.149.195.64,1,40
203.77.118.195,1,40
150.75.62.187,1,40
133.11.89.49,1,40
202.198.61.75,1,60
163.33.63.116,1,40
203.77.45.180,1,40
133.149.15.72,1,40
163.33.180.45,1,40
133.149.168.182,1,40
133.149.220.167,1,60
203.77.73.162,1,40
163.33.165.188,1,44
203.77.108.135,1,40
150.75.191.225,1,40
150.75.90.72,1,40
150.75.210.180,1,40
203.77.81.70,1,40
163.33.182.81,1,40
133.149.34.87,1,40
150.75.245.114,1,40
133.149.39.108,1,40
150.75.141.68,1,40
150.75.102.4,1,40
133.149.227.77,1,40
150.75.83.170,1,40
150.75.163.42,1,40
203.77.33.54,1,40
150.75.65.168,1,40
203.77.125.206,1,40
202.198.46.6,1,40
133.149.181.74,1,40
133.149.124.209,1,40
133.149.33.170,1,40
163.33.233.65,1,40
163.33.182.63,1,40
133.149.144.174,1,40
133.11.121.212,1,40
203.77.54.165,1,40
133.11.113.251,1,40
150.75.169.86,1,40
150.75.189.188,1,44
133.149.52.207,1,40
133.149.115.168,1,40
203.77.70.113,1,52
133.149.209.39,1,40
163.33.174.72,1,40
133.149.120.45,1,40
150.75.249.114,1,40
163.33.56.6,1,40
163.33.212.163,1,44
150.75.9.0,1,40
203.77.59.131,1,40
133.149.133.181,1,40
163.33.170.143,1,60
163.33.232.205,1,40
163.33.196.56,1,40
203.77.56.115,1,40
133.149.94.43,1,40
163.33.216.6,1,48
163.33.128.236,1,40
133.149.173.182,1,40
163.33.93.247,6,2014
133.149.156.150,1,40
150.75.135.24,1,40
203.77.86.193,1,44
133.149.199.1,1,40
150.75.69.5,1,40
133.11.105.141,1,40
163.33.137.25,1,40
150.75.101.163,1,40
133.11.99.227,1,40
150.75.8.87,1,40
150.75.120.170,1,40
202.198.35.77,1,40
203.77.108.238,1,40
150.75.52.79,2,80
133.149.80.180,1,72
203.77.119.18,1,40
163.33.148.149,1,40
150.75.89.47,2,80
133.149.65.204,1,40
163.33.1.17,1,48
133.149.248.189,1,40
133.149.156.200,1,40
133.149.109.68,1,44
133.149.212.108,1,44
163.33.238.130,1,40
203.77.99.182,1,40
202.198.63.224,1,40
163.33.139.132,1,1356
133.149.180.233,1,40
150.75.231.28,1,40
133.149.196.82,1,40
150.75.36.43,1,40
133.149.54.11,1,40
150.75.50.89,1,40
133.149.81.63,1,40
163.33.196.60,1,40
133.149.141.121,1,40
203.77.72.157,1,40
150.75.145.146,1,40
150.75.250.93,1,40
150.75.166.137,1,40
150.75.154.134,1,40
202.198.54.122,1,40
163.33.121.222,1,40
150.75.93.223,1,40
163.33.226.245,1,40
203.77.68.170,1,40
203.77.67.144,1,44
150.75.44.96,1,40
150.75.169.29,2,84
150.75.35.138,1,40
150.75.194.156,1,40
133.149.193.139,1,48
133.149.249.136,1,40
163.33.233.66,1,40
150.75.12.86,1,40
133.11.119.37,1,40
163.33.216.43,1,40
150.75.118.117,1,40
150.75.19.245,1,44
133.149.180.207,1,40
133.149.74.62,1,52
150.75.21.66,1,40
150.75.82.239,1,44
150.75.148.141,1,60
133.11.112.95,1,44
202.198.38.189,1,44
133.149.247.80,1,40
150.75.231.104,1,40
133.149.14.75,1,40
163.33.216.231,6,3913
150.75.114.9,1,44
133.149.75.147,1,40
133.11.92.152,1,40
150.75.75.225,1,40
163.33.140.10,9,1377
150.75.42.205,1,40
133.149.19.68,1,40
203.77.113.103,1,40
133.149.43.157,1,40
133.149.206.91,1,40
133.149.26.191,2,80
133.149.205.196,1,40
150.75.227.85,1,40
163.33.45.92,1,40
133.11.119.246,1,40
203.77.9.119,1,40
150.75.157.149,1,40
202.198.38.195,1,52
150.75.162.244,1,40
203.77.57.65,1,40
133.149.155.157,1,40
163.33.25.70,1,40
163.33.98.236,1,40
150.75.234.45,1,40
133.11.82.241,1,40
202.198.55.40,1,44
150.75.125.18,1,40
203.77.80.92,1,40
133.149.163.139,1,44
150.75.240.192,1,40
150.75.20.49,1,40
133.149.251.38,1,40
150.75.137.33,1,40
202.198.34.72,1,40
133.149.75.85,1,44
133.149.116.22,1,40
133.11.77.80,1,40
150.75.21.177,1,40
163.33.175.126,4,442
150.75.166.195,1,40
150.75.212.193,1,40
133.11.67.78,1,40
150.75.203.57,1,40
150.75.201.249,1,40
202.204.62.9,1,40
163.33.203.205,1,40
163.33.253.177,1,40
133.11.95.110,1,40
133.149.48.58,1,40
133.11.116.179,1,44
150.75.210.181,1,40
202.198.46.50,1,40
133.149.3.111,1,40
150.75.130.216,1,40
133.149.248.242,1,40
150.75.151.234,1,40
163.33.238.176,1,40
163.33.198.101,1,40
203.77.7.225,1,40
150.75.45.107,1,40
163.33.235.2,1,40
150.75.67.172,1,40
202.198.36.153,1,40
150.75.191.166,1,40
133.149.221.82,1,40
163.33.200.67,1,40
163.33.141.60,1,69
163.33.19.26,1,48
163.33.165.241,1,44
163.33.110.5,1,40
163.33.148.168,1,40
133.149.123.56,1,40
163.33.240.50,1,40
133.149.181.146,1,40
163.33.139.228,1,40
133.149.54.37,1,40
163.33.186.217,1,40
150.75.124.138,1,40
133.149.119.76,2,80
133.149.193.222,1,40
133.149.255.66,1,40
202.198.5.248,1,40
202.198.51.110,1,40
163.33.216.106,1,52
150.75.126.191,1,40
150.75.212.44,2,80
150.75.102.219,1,40
133.149.196.202,1,40
203.77.80.83,1,44
163.33.174.10,1,40
203.77.87.28,1,40
133.149.176.181,1,40
133.149.82.75,1,40
203.77.101.182,1,40
133.149.20.128,1,40
150.75.232.245,1,40
163.33.26.82,1,40
133.11.70.215,7,366
202.198.62.129,1,40
203.77.88.131,1,40
163.33.59.168,1,40
133.149.246.219,1,32
203.77.73.60,1,40
150.75.144.39,1,40
150.75.232.226,1,40
150.75.212.41,1,40
150.75.71.113,1,44
163.33.108.166,1,40
133.149.89.218,1,40
202.204.59.25,1,60
133.149.233.111,1,40
163.33.221.98,1,40
150.75.58.90,1,40
163.33.211.122,1,40
203.77.127.114,1,40
133.149.250.72,1,40
163.33.217.151,1,40
163.33.119.135,1,44
133.149.92.16,1,44
203.77.126.151,1,40
163.33.140.81,1,40
203.77.55.115,1,40
203.77.39.124,1,40
202.204.62.52,5,838
150.75.98.104,1,40
163.33.81.227,1,40
150.75.167.16,1,40
133.149.250.56,1,40
202.198.3.66,1,40
133.11.110.10,1,40
150.75.24.222,1,40
163.33.140.98,1,40
163.33.252.108,4,222
133.149.16.173,1,40
163.33.7.235,1,40
202.198.5.43,1,40
163.33.151.91,1,40
150.75.40.34,1,40
163.33.221.118,1,40
133.149.227.33,2,80
133.149.255.87,6,548
163.33.84.193,1,40
150.75.30.122,1,40
133.149.112.135,1,40
133.11.76.205,1,40
133.149.128.210,1,40
150.75.36.154,1,40
133.149.247.114,1,44
150.75.144.229,1,40
133.149.227.84,1,40
203.77.90.216,1,40
133.11.82.243,1,48
150.75.122.113,1,40
203.77.13.219,1,40
150.75.157.151,1,40
133.149.147.240,1,40
133.149.152.130,1,60
150.75.82.94,1,40
202.198.51.242,1,40
133.149.216.48,1,40
163.33.16.93,1,40
150.75.27.15,1,40
203.77.40.139,1,40
150.75.126.53,1,40
150.75.216.77,1,40
203.77.68.119,1,40
203.77.28.178,1,44
150.75.12.98,1,576
163.33.57.0,1,103
150.75.163.247,1,40
163.33.93.142,1,40
133.149.1.251,1,40
150.75.119.166,1,40
133.149.182.200,1,60
150.75.197.114,1,40
203.77.7.197,1,40
202.198.54.234,1,40
203.77.66.218,1,40
163.33.41.205,1,40
150.75.227.241,6,2210
203.77.126.223,1,44
202.198.58.64,1,40
133.11.110.129,1,44
150.75.218.193,1,40
203.77.53.86,1,44
133.11.116.210,1,40
150.75.82.6,1,40
202.198.40.178,1,40
150.75.186.78,1,40
202.198.49.73,1,40
133.149.148.15,1,40
133.149.230.209,1,40
150.75.251.10,1,40
150.75.202.92,1,40
163.33.26.91,1,40
163.33.238.151,1,40
133.149.1.169,1,40
133.11.114.87,1,44
150.75.3.217,1,40
150.75.195.41,1,40
202.198.55.218,1,40
133.149.231.149,1,40
133.149.144.101,1,40
150.75.84.87,1,40
163.33.183.77,1,40
163.33.2.60,1,40
150.75.85.169,1,40
202.204.56.129,2,104
133.149.246.146,2,80
150.75.145.202,1,40
202.198.38.173,1,40
150.75.124.214,1,40
150.75.189.206,1,40
150.75.97.205,1,40
150.75.75.173,1,44
133.11.112.139,1,40
163.33.90.144,1,44
203.77.121.35,1,60
163.33.83.253,1,44
133.149.81.51,1,40
150.75.15.175,1,40
150.75.253.221,1,44
203.77.97.92,1,40
133.149.187.202,1,40
133.149.185.140,1,40
150.75.171.0,1,48
163.33.215.95,1,40
150.75.59.1,1,40
203.77.111.175,1,40
133.149.73.194,1,40
203.77.30.28,1,40
150.75.95.107,1,40
133.149.78.226,1,40
203.77.6.196,1,40
133.149.187.102,1,40
163.33.232.225,1,40
133.149.172.139,1,40
133.11.90.194,1,40
150.75.129.64,1,40
133.149.171.183,1,44
202.198.60.245,1,40
133.149.48.46,1,40
133.11.87.7,1,40
163.33.207.159,1,40
150.75.139.172,1,54
150.75.68.255,1,40
133.149.159.144,1,40
150.75.90.153,1,40
163.33.15.38,1,40
133.149.189.248,1,40
133.11.70.211,3,168
133.11.108.232,1,40
133.149.3.177,1,40
150.75.139.67,1,40
163.33.82.23,1,40
150.75.174.219,1,40
150.75.58.80,1,40
203.77.10.126,1,40
202.198.14.18,1,44
203.77.19.25,1,40
150.75.148.42,1,40
133.149.71.195,1,40
150.75.63.102,1,40
133.11.103.129,1,40
150.75.23.7,1,40
163.33.215.193,1,40
163.33.11.183,6,390
133.149.104.251,1,40
150.75.232.57,1,40
150.75.106.246,1,40
163.33.65.185,1,44
133.149.191.50,1,40
133.11.65.111,1,44
163.33.106.15,1,40
133.149.186.235,1,40
202.198.42.119,1,44
163.33.109.98,1,40
150.75.116.46,1,40
163.33.139.160,1,40
133.149.194.187,1,40
163.33.93.208,1,112
202.198.57.139,1,40
163.33.65.141,1,60
163.33.142.41,1,40
150.75.48.64,1,40
133.149.112.137,1,40
203.77.112.79,2,80
133.149.180.38,1,40
133.11.124.200,1,40
203.77.7.151,1,40
150.75.27.40,1,40
203.77.125.154,3,156
163.33.181.204,1,40
150.75.24.154,1,40
133.149.228.52,1,40
163.33.89.128,1,40
202.198.16.59,1,40
202.25.109.183,1,40
133.149.34.146,1,40
133.149.29.160,1,40
203.77.120.108,1,44
163.33.244.187,2,111
150.75.114.228,1,40
133.149.78.242,1,40
150.75.25.94,1,576
150.75.148.145,1,40
150.75.119.248,1,44
133.149.137.239,1,40
203.77.114.44,1,40
163.33.141.137,1,40
150.75.145.212,1,40
133.149.42.48,1,40
202.204.60.94,1,40
203.77.26.234,1,40
133.11.93.218,1,48
163.33.224.250,1,40
150.75.145.51,1,40
163.33.84.174,1,52
163.33.107.163,1,40
133.149.48.117,1,40
133.149.169.56,1,40
133.149.45.51,1,40
133.149.47.193,1,40
150.75.190.187,1,40
150.75.153.119,1,60
133.149.142.115,1,40
133.149.82.88,1,30
163.33.235.88,1,44
150.75.119.194,1,40
150.75.22.76,1,40
133.149.247.79,1,40
133.149.85.247,1,40
163.33.188.143,1,60
163.33.60.43,2,84
163.33.97.216,1,44
150.75.35.206,1,40
133.149.64.93,1,40
133.11.116.187,1,40
203.77.28.254,1,40
202.198.29.88,1,40
163.33.206.188,1,40
150.75.204.132,1,40
163.33.141.75,3,156
133.11.111.159,1,40
133.149.77.73,1,40
133.149.150.5,1,40
133.149.51.200,1,40
203.77.114.75,1,40
133.149.172.98,1,40
150.75.48.169,1,40
133.149.248.206,1,40
133.149.158.223,1,40
203.77.10.116,1,40
150.75.226.88,1,40
163.33.79.58,1,40
202.198.12.104,1,60
133.149.251.195,1,40
133.149.251.23,1,48
163.33.251.130,9,1639
150.75.192.3,1,40
133.11.118.111,1,40
163.33.58.38,1,44
150.75.198.81,1,40
150.75.21.64,1,40
163.33.230.196,1,40
163.33.186.23,1,40
150.75.71.185,1,40
163.33.92.43,6,5414
133.149.15.88,1,40
150.75.47.224,1,40
133.149.31.190,1,40
150.75.198.26,1,40
203.77.80.110,1,40
133.149.153.168,5,205
150.75.208.210,1,121
133.149.137.150,1,40
203.77.85.225,1,44
133.149.45.184,1,40
133.11.92.218,1,40
150.75.9.72,1,40
133.149.208.243,1,40
163.33.38.144,1,40
133.149.115.93,1,40
133.149.252.66,1,40
202.198.33.217,1,40
202.204.60.50,1,40
202.198.56.155,1,44
150.75.70.41,1,40
150.75.124.62,1,52
133.149.91.168,1,40
150.75.234.31,1,40
163.33.156.165,1,40
150.75.87.159,1,40
133.149.239.163,1,40
202.198.2.170,1,40
133.149.176.7,1,40
203.77.44.100,1,40
133.149.220.102,1,40
150.75.161.179,1,40
150.75.97.143,1,40
203.77.36.152,1,44
150.75.2.64,1,40
163.33.151.36,1,40
163.33.216.142,1,40
150.75.3.94,1,40
163.33.167.160,1,40
133.11.106.215,1,40
133.149.168.12,1,40
133.149.17.121,1,40
150.75.206.229,1,40
133.11.78.126,1,40
163.33.53.119,1,40
150.75.190.162,1,40
133.149.211.233,1,40
150.75.26.110,1,40
202.198.0.184,1,40
163.33.25.129,1,40
163.33.25.65,1,40
163.33.76.239,1,40
150.75.153.100,1,40
163.33.51.34,1,40
133.149.6.135,1,40
133.149.89.92,1,40
163.33.25.87,1,40
203.77.14.116,1,40
150.75.68.37,1,40
163.33.244.36,1,40
203.77.92.29,1,40
202.198.35.49,1,40
133.149.175.219,1,40
133.149.140.185,1,40
150.75.246.144,1,40
163.33.2.37,1,40
203.77.110.222,1,40
150.75.34.219,1,40
150.75.54.234,1,40
133.149.188.218,1,40
133.149.33.140,1,40
133.149.36.201,1,40
163.33.183.19,1,40
133.149.204.14,1,40
203.77.75.109,1,40
150.75.183.5,1,40
150.75.59.171,1,40
163.33.97.157,1,40
133.149.95.144,1,40
133.149.73.246,1,40
133.11.78.222,1,40
163.33.125.80,1,40
133.149.187.113,1,40
133.149.81.100,1,40
133.149.251.11,1,40
150.75.99.35,1,40
133.11.72.143,1,40
150.75.64.22,1,44
133.149.245.238,1,40
133.149.88.205,1,29
133.149.7.130,1,76
163.33.130.152,1,40
133.149.27.218,1,40
203.77.120.78,1,40
163.33.198.41,1,69
150.75.251.11,1,44
203.77.9.69,1,40
163.33.24.175,1,40
163.33.97.204,1,40
163.33.203.159,1,40
133.149.86.77,1,40
133.11.72.48,1,40
133.149.89.243,1,44
202.198.38.159,1,40
150.75.196.68,1,40
163.33.165.180,2,84
150.75.84.245,1,40
150.75.172.191,1,40
203.77.42.58,1,40
203.77.74.112,1,40
133.11.125.24,1,40
203.77.115.30,1,40
150.75.97.83,1,40
163.33.249.124,1,51
203.77.105.86,1,40
202.198.52.229,1,40
163.33.175.203,1,40
133.149.160.23,1,40
163.33.80.15,1,70
150.75.181.97,1,40
203.77.11.158,1,40
163.33.191.40,1,44
150.75.70.151,1,40
133.149.0.193,1,40
133.149.41.52,1,40
150.75.128.214,1,40
163.33.12.178,1,40
163.33.78.68,1,44
133.149.47.175,1,40
202.198.6.197,1,40
163.33.232.142,5,907
133.149.0.197,1,40
163.33.48.16,1,40
133.149.145.124,2,80
150.75.85.84,1,40
133.149.10.6,1,40
150.75.173.140,1,40
150.75.64.74,1,40
150.75.195.68,1,40
133.149.112.150,1,40
150.75.18.124,1,40
133.149.222.215,1,40
133.149.244.129,1,40
150.75.98.99,1,40
163.33.65.155,1,40
150.75.77.121,1,40
133.149.221.251,1,44
163.33.111.92,1,40
133.149.140.170,1,40
150.75.48.67,1,40
203.77.84.169,1,40
203.77.62.61,1,40
133.149.226.189,2,1310
150.75.81.81,1,40
202.198.51.16,1,40
133.11.79.30,1,40
150.75.194.221,1,40
203.77.95.243,1,40
203.77.97.76,1,40
150.75.130.189,1,40
150.75.151.163,1,40
150.75.133.176,1,40
150.75.186.168,1,40
203.77.80.142,1,40
150.75.34.191,1,40
163.33.121.182,1,40
203.77.89.88,1,40
203.77.24.88,1,44
150.75.196.98,1,40
163.33.168.214,1,40
150.75.76.193,1,40
202.198.46.237,1,40
163.33.136.24,1,76
133.149.15.69,1,40
203.77.70.165,1,40
133.149.188.87,1,44
202.204.59.24,1,60
163.33.23.229,1,40
203.77.102.75,1,40
150.75.102.152,1,40
150.75.250.159,1,40
133.149.231.63,1,40
150.75.111.152,1,40
133.149.250.17,1,40
163.33.170.8,1,44
150.75.77.65,1,44
133.149.130.183,1,60
150.75.217.8,1,40
163.33.249.106,1,40
150.75.207.5,1,40
150.75.57.31,1,40
150.75.166.128,1,40
163.33.147.110,1,40
150.75.155.23,1,40
163.33.247.233,1,40
133.11.90.9,1,44
163.33.192.228,1,40
150.75.35.103,1,40
203.77.65.243,1,40
133.11.94.206,1,40
150.75.35.120,1,40
203.77.32.25,1,40
133.149.79.219,1,40
163.33.60.183,1,40
202.198.18.222,1,40
150.75.227.242,5,2168
133.149.88.64,1,40
163.33.51.66,1,40
150.75.122.185,1,40
150.75.227.243,5,2161
133.11.105.62,1,40
203.77.71.96,1,40
163.33.161.35,1,40
163.33.53.226,1,40
150.75.204.214,1,40
150.75.228.211,1,40
133.149.70.3,1,40
133.11.68.193,1,40
133.149.66.61,1,40
203.77.54.185,1,40
150.75.157.85,1,40
150.75.51.54,1,40
150.75.227.246,5,2163
163.33.5.103,1,44
163.33.88.153,1,40
133.11.99.168,1,40
150.75.229.97,1,40
163.33.160.253,1,40
133.11.126.163,1,40
202.198.39.176,1,40
150.75.227.244,5,2164
133.149.214.28,1,40
150.75.161.200,1,40
203.77.57.191,1,40
133.149.131.208,1,40
150.75.13.133,1,40
133.149.56.72,1,40
133.149.104.240,1,40
133.11.125.116,1,44
150.75.125.92,1,40
150.75.227.240,5,2168
133.11.121.160,1,40
203.77.84.138,1,40
150.75.22.18,1,44
150.75.242.10,1,40
150.75.249.231,1,44
163.33.61.3,1,40
150.75.227.245,5,2169
150.75.250.146,1,40
150.75.73.78,1,40
150.75.195.109,1,40
133.149.170.203,1,40
150.75.171.141,1,40
163.33.86.195,1,40
202.198.62.212,1,40
133.149.21.99,1,40
203.77.64.156,1,40
150.75.93.171,1,44
133.149.30.161,1,40
163.33.100.170,38,40404
133.149.89.213,1,40
133.149.213.187,1,40
133.149.171.184,1,40
150.75.252.172,1,40
202.198.59.124,2,88
203.77.4.252,1,44
163.33.52.31,1,40
150.75.129.78,1,40
133.149.255.154,2,80
202.204.59.126,1,52
150.75.75.157,1,40
163.33.169.2,1,40
133.149.68.17,1,40
203.77.38.162,1,40
133.149.202.127,1,40
163.33.162.186,1,40
202.198.45.58,1,40
133.149.55.97,1,40
150.75.167.193,1,40
133.149.29.67,1,40
163.33.109.36,1,40
163.33.212.112,1,40
163.33.128.5,1,40
202.198.52.44,1,40
150.75.5.98,1,40
133.149.217.96,1,40
163.33.185.228,2,1025
163.33.9.25,1,40
133.149.63.232,1,40
133.149.88.126,1,40
133.149.61.186,1,40
150.75.246.255,1,40
133.149.13.11,1,40
163.33.101.126,1,40
133.149.193.217,1,48
133.149.168.199,1,40
150.75.199.81,1,40
163.33.182.67,1,40
150.75.247.176,1,40
163.33.248.250,1,40
133.11.86.84,1,40
150.75.219.98,1,60
133.149.88.172,1,40
203.77.54.105,1,40
133.149.243.211,1,40
133.149.169.104,1,40
163.33.24.212,1,40
163.33.88.251,2,80
133.11.103.113,1,44
163.33.126.17,1,40
203.77.54.203,1,40
150.75.193.118,1,40
150.75.180.69,1,40
163.33.196.214,1,40
203.77.96.151,1,40
203.77.14.73,1,40
133.149.22.136,1,40
163.33.248.166,1,40
133.149.56.148,1,40
202.198.60.176,1,40
163.33.103.229,1,40
163.33.114.236,1,40
133.149.24.82,1,40
150.75.239.205,1,40
163.33.16.107,1,40
133.149.143.40,1,40
150.75.115.45,1,40
202.198.8.131,1,40
133.11.122.42,1,40
150.75.165.174,1,40
202.198.10.185,1,40
202.198.51.112,1,40
133.149.199.187,1,40
163.33.191.243,4,607
150.75.165.53,1,40
150.75.105.220,1,40
150.75.40.35,1,40
203.77.100.18,1,40
150.75.223.19,1,40
150.75.140.6,1,40
150.75.241.211,1,40
163.33.166.11,1,40
133.11.98.75,1,40
163.33.239.171,1,72
150.75.14.110,1,40
163.33.34.165,1,52
163.33.98.13,1,40
133.149.248.155,1,40
163.33.66.83,1,40
163.33.125.139,1,40
133.149.175.164,1,40
163.33.171.203,1,40
133.149.84.5,1,40
203.77.38.27,1,40
163.33.254.60,1,48
203.77.111.53,1,40
133.149.41.111,1,40
133.149.192.196,1,40
163.33.68.61,1,40
163.33.191.189,1,40
163.33.138.68,2,82
133.149.94.122,1,40
163.33.154.111,1,44
202.198.26.162,1,40
203.77.7.245,1,40
203.77.109.96,1,40
203.77.30.135,1,40
133.149.230.89,1,44
150.75.94.77,1,40
150.75.167.165,1,40
150.75.179.67,1,40
203.77.72.34,1,40
202.198.25.40,1,40
203.77.118.110,2,112
202.204.59.23,1,60
150.75.217.95,1,40
203.77.112.242,2,80
163.33.136.111,1,44
150.75.99.212,1,40
133.149.52.82,1,40
133.149.22.174,1,40
150.75.244.253,1,40
150.75.150.139,1,40
133.149.228.161,1,60
133.149.134.145,1,40
202.198.35.233,1,40
133.149.166.136,1,40
133.149.171.179,1,40
150.75.176.217,1,40
133.149.7.64,1,40
150.75.53.46,1,40
150.75.201.59,1,40
150.75.167.236,1,40
163.33.242.7,1,44
150.75.172.144,1,40
133.11.71.216,1,40
133.149.159.223,1,40
133.149.84.80,1,40
133.11.108.147,1,40
133.149.42.115,1,40
163.33.58.239,1,40
203.77.0.152,1,40
150.75.54.76,1,40
133.149.55.164,1,40
163.33.253.147,1,40
150.75.149.194,1,40
133.149.130.127,1,40
163.33.93.187,1,52
150.75.97.30,1,44
203.77.10.142,1,40
203.77.1.37,1,40
133.11.71.1,1,40
150.75.165.103,1,40
203.77.22.152,1,44
133.11.109.74,1,40
163.33.154.120,1,40
203.77.87.220,1,40
133.149.128.96,1,40
133.149.22.249,1,40
133.149.205.232,1,40
133.11.81.162,1,40
150.75.149.30,1,40
203.77.98.136,1,40
150.75.180.111,1,40
202.204.60.80,1,40
163.33.224.92,1,40
133.149.244.249,1,40
203.77.110.27,1,40
133.149.205.112,1,40
150.75.84.80,1,40
133.149.129.154,1,40
150.75.32.44,1,40
133.149.236.133,1,40
133.149.159.227,1,40
203.77.37.86,1,40
163.33.20.147,1,40
163.33.205.25,1,40
133.149.119.230,1,40
202.198.52.15,1,40
163.33.249.182,1,44
202.198.55.150,1,60
133.149.107.52,1,40
133.149.204.125,1,40
203.77.19.230,1,40
163.33.174.25,3,377
150.75.136.23,1,40
133.149.221.178,1,40
203.77.113.255,1,75
133.149.234.121,1,40
133.149.31.89,1,40
150.75.217.100,1,40
150.75.4.187,1,44
203.77.106.246,1,40
133.11.120.106,1,40
133.149.253.140,1,40
150.75.246.221,1,40
150.75.216.217,1,40
203.77.125.105,1,40
203.77.9.106,1,40
202.198.50.128,1,40
133.149.139.245,1,40
163.33.86.59,1,40
133.11.80.64,1,40
202.198.54.13,1,40
133.149.182.250,1,40
133.149.13.121,1,40
202.198.24.33,1,40
150.75.5.21,1,40
203.77.63.100,1,40
133.149.46.24,1,40
133.149.59.241,1,40
203.77.103.31,1,40
133.149.222.9,1,40
203.77.40.22,1,40
150.75.148.64,1,40
150.75.188.110,1,40
150.75.64.164,1,40
163.33.115.21,1,44
150.75.2.36,1,40
163.33.212.133,1,40
133.149.121.62,1,40
163.33.42.73,1,40
133.149.226.113,1,40
150.75.152.215,1,40
163.33.155.67,1,40
133.149.94.56,1,40
150.75.166.7,1,40
163.33.248.90,1,40
150.75.47.3,1,40
203.77.92.138,1,40
163.33.155.40,1,40
163.33.85.121,1,40
150.75.157.89,1,76
150.75.234.100,1,576
133.149.171.171,1,40
150.75.124.98,1,40
203.77.24.103,1,40
150.75.12.37,1,40
203.77.50.105,1,60
203.77.65.101,1,44
150.75.235.21,1,40
133.11.71.206,1,40
163.33.170.184,1,40
150.75.218.12,1,44
163.33.69.79,1,44
133.11.78.4,1,40
163.33.39.19,1,40
133.11.90.219,1,40
133.149.218.12,1,40
163.33.254.97,1,40
150.75.247.157,1,52
203.77.59.28,1,40
133.11.98.168,1,40
133.149.36.137,1,44
133.149.123.23,1,44
150.75.215.249,1,40
163.33.64.231,1,44
150.75.248.120,1,40
163.33.104.2,1,40
163.33.5.42,1,40
150.75.189.196,1,40
203.77.116.153,1,44
133.149.116.168,1,40
202.198.0.189,1,40
163.33.139.177,1,40
133.149.176.99,1,40
202.198.52.181,1,40
163.33.32.90,1,44
150.75.121.218,1,40
133.149.45.198,1,40
150.75.239.240,1,40
150.75.185.113,1,40
150.75.151.11,1,40
202.198.49.202,1,40
163.33.249.39,1,40
203.77.50.109,1,40
150.75.15.195,1,40
202.198.47.122,1,40
202.198.47.169,1,40
150.75.210.231,1,60
202.198.15.174,1,40
133.149.224.57,1,40
133.11.102.140,1,40
150.75.28.170,1,40
150.75.177.244,1,40
203.77.16.110,1,40
163.33.61.102,1,40
133.149.136.218,1,40
203.77.7.235,1,40
150.75.254.248,1,40
150.75.227.148,1,40
202.198.41.197,1,40
203.77.81.238,1,40
150.75.34.178,1,40
150.75.170.96,1,40
163.33.239.66,1,40
133.149.123.251,1,40
133.149.53.64,1,40
150.75.86.111,1,40
133.149.74.23,1,40
133.149.44.11,1,40
133.11.125.57,1,40
133.11.75.50,1,40
150.75.236.91,1,44
150.75.241.7,1,40
133.149.5.213,2,80
133.11.77.150,1,40
150.75.237.195,1,40
203.77.65.20,1,40
163.33.202.11,1,44
202.198.42.128,1,40
150.75.29.176,1,40
150.75.33.23,1,40
163.33.208.64,1,40
163.33.202.14,1,44
163.33.86.97,1,40
203.77.33.182,1,40
133.149.34.120,1,40
150.75.212.113,1,40
203.77.19.155,1,40
150.75.71.235,1,40
163.33.216.10,1,40
133.149.33.132,1,40
150.75.131.168,1,576
203.77.65.177,1,40
150.75.211.239,1,40
150.75.206.205,1,40
163.33.230.51,1,40
150.75.235.26,1,40
203.77.76.235,1,40
150.75.174.146,1,40
133.149.60.69,1,44
203.77.88.38,1,40
133.149.125.169,1,40
133.149.104.27,1,40
202.198.43.202,1,40
133.149.78.239,1,40
203.77.64.167,1,44
150.75.234.10,1,40
150.75.143.121,1,40
133.149.157.167,1,40
133.149.233.98,1,40
163.33.156.221,1,40
163.33.216.107,1,40
203.77.33.158,1,40
133.149.156.174,1,40
133.149.187.246,1,40
163.33.210.106,1,44
150.75.39.129,1,40
133.149.188.144,1,40
163.33.153.29,2,80
150.75.226.215,1,40
163.33.96.114,1,40
150.75.191.102,1,40
133.149.171.155,1,40
163.33.2.7,1,40
150.75.198.51,1,40
163.33.83.24,1,40
163.33.220.217,1,40
150.75.46.69,1,40
163.33.125.207,1,40
150.75.109.91,1,121
163.33.43.76,1,40
133.149.46.134,1,40
150.75.19.121,1,40
150.75.33.194,1,40
202.198.54.15,1,44
150.75.9.165,1,40
133.149.71.68,1,40
150.75.166.189,1,40
150.75.101.51,1,40
133.149.64.34,1,40
150.75.27.126,1,40
202.198.36.144,1,40
163.33.240.100,1,52
150.75.49.44,1,40
133.149.54.118,1,44
163.33.70.80,1,40
150.75.210.82,1,40
203.77.118.191,1,40
150.75.151.245,1,121
150.75.39.99,1,40
163.33.227.95,1,44
133.149.143.159,1,40
150.75.147.180,1,40
133.149.246.248,1,40
163.33.73.4,1,40
163.33.76.219,1,40
150.75.252.43,1,40
133.149.187.236,1,40
133.149.138.84,1,40
163.33.82.184,1,40
163.33.95.36,1,52
163.33.72.199,1,40
150.75.75.229,1,40
150.75.88.73,1,40
133.149.218.74,1,44
133.149.107.135,1,40
163.33.249.100,1,40
133.149.94.110,1,44
133.149.81.22,1,40
150.75.22.72,1,40
202.198.43.85,1,40
163.33.19.239,1,40
163.33.93.223,3,413
133.149.237.202,1,40
163.33.67.76,1,40
202.198.14.196,1,40
150.75.206.8,1,40
163.33.119.171,1,40
133.149.25.138,1,40
150.75.10.34,1,40
203.77.127.56,3,480
163.33.97.121,1,52
202.198.3.234,1,40
203.77.111.191,1,40
150.75.90.47,1,40
203.77.82.149,1,44
163.33.123.208,1,40
150.75.166.166,1,40
133.149.136.71,1,40
163.33.235.110,1,40
203.77.110.151,1,40
133.149.148.201,1,40
163.33.109.232,1,40
133.149.18.118,1,40
203.77.82.127,1,44
133.149.171.107,1,40
150.75.208.6,1,40
163.33.103.42,2,120
150.75.140.108,1,40
133.149.220.229,1,40
163.33.208.132,1,40
150.75.90.105,1,40
163.33.195.138,149,219547
163.33.3.44,1,40
150.75.184.203,1,40
133.149.219.233,1,40
150.75.79.100,1,40
133.149.193.102,1,40
133.149.161.14,1,40
133.149.200.60,1,30
150.75.0.235,1,40
202.198.16.170,1,40
203.77.64.241,1,40
163.33.143.37,1,40
202.198.63.34,1,40
150.75.4.247,1,40
202.198.7.219,1,40
203.77.18.21,1,40
163.33.111.216,1,40
133.149.125.117,1,40
133.149.144.32,1,44
150.75.38.230,1,40
133.149.26.43,1,40
163.33.28.104,1,44
150.75.250.158,1,40
203.77.37.182,1,40
163.33.120.2,1,44
133.149.73.136,1,40
150.75.117.151,1,40
203.77.16.164,1,40
163.33.155.137,1,40
203.77.78.50,1,40
133.11.66.139,1,40
150.75.174.130,1,40
133.149.173.109,2,120
133.149.139.201,1,40
163.33.29.54,1,40
163.33.57.37,1,40
202.198.8.130,1,44
133.11.89.189,1,40
133.149.187.32,1,40
133.149.35.81,1,40
203.77.81.250,1,40
133.149.240.213,1,40
150.75.34.142,1,40
202.198.3.164,1,40
150.75.2.219,1,40
133.149.237.151,1,40
163.33.90.2,1,40
202.198.60.194,1,40
163.33.174.53,3,146
150.75.107.170,1,40
203.77.62.86,1,40
150.75.69.31,1,40
133.149.251.95,1,40
133.149.214.173,1,40
133.149.5.54,1,40
150.75.77.90,1,52
133.149.65.154,1,40
163.33.149.127,2,80
133.149.190.62,1,40
150.75.210.35,1,40
150.75.220.81,1,60
163.33.250.45,1,40
202.204.58.1,1,44
163.33.181.32,1,40
150.75.77.32,1,40
133.149.156.113,1,40
163.33.94.1,1,40
150.75.87.253,1,40
150.75.64.197,1,40
150.75.252.18,1,40
150.75.51.86,1,40
150.75.18.235,1,40
150.75.99.0,1,40
150.75.156.8,1,60
133.149.56.201,1,40
150.75.151.59,1,40
133.149.75.44,1,40
150.75.41.200,1,40
163.33.209.98,1,40
163.33.64.102,1,40
203.77.96.119,1,60
133.149.240.11,1,40
163.33.115.43,1,121
133.11.91.15,1,40
202.198.36.49,1,40
202.198.54.28,1,40
150.75.106.177,1,40
202.204.63.92,1,40
163.33.3.60,1,40
163.33.162.139,1,40
133.149.171.30,1,40
203.77.108.126,1,40
133.149.120.242,1,40
133.11.113.167,1,40
163.33.85.211,1,40
163.33.93.168,1,52
133.11.119.180,1,40
150.75.246.67,1,40
202.198.55.43,1,40
133.11.71.221,1,40
150.75.85.17,1,40
150.75.149.210,1,40
150.75.214.91,1,92
133.149.95.121,1,40
202.198.5.144,1,40
203.77.6.86,1,44
133.11.80.87,2,88
150.75.65.31,1,40
133.149.238.212,1,40
202.204.62.236,372,557677
163.33.252.72,1,40
133.149.158.65,1,44
163.33.169.243,1,40
163.33.228.144,1,40
133.149.187.131,1,40
163.33.109.201,1,40
163.33.199.209,1,40
163.33.140.140,1,40
150.75.184.177,1,40
133.149.148.107,1,40
133.149.52.144,1,40
133.149.179.238,1,40
203.77.0.193,1,40
203.77.122.165,2,110
133.149.117.182,1,40
163.33.234.152,1,48
150.75.175.49,1,40
150.75.158.64,1,40
150.75.167.203,1,40
163.33.45.226,1,44
163.33.61.225,1,40
163.33.17.94,1,84
163.33.85.175,1,40
133.149.66.150,1,40
150.75.219.170,1,40
163.33.27.49,2,120
163.33.27.33,1,40
203.77.124.105,1,44
150.75.35.101,1,40
203.77.104.121,1,40
133.149.113.240,1,40
133.149.204.104,1,40
150.75.2.104,1,40
150.75.128.36,1,40
163.33.236.34,2,92
133.149.45.157,1,42
150.75.136.113,1,40
133.149.196.3,1,40
163.33.101.53,1,56
163.33.155.208,1,44
150.75.219.88,1,40
163.33.233.181,1,40
133.149.146.247,1,44
150.75.78.119,1,40
163.33.61.117,1,40
150.75.163.72,1,40
163.33.148.28,1,40
203.77.105.240,1,40
150.75.16.68,1,40
150.75.4.53,1,40
150.75.149.39,1,40
133.11.88.176,1,40
150.75.225.93,1,44
133.11.97.45,1,40
150.75.48.29,1,40
133.149.224.192,1,44
150.75.148.61,2,80
133.149.163.90,1,40
133.149.89.62,1,40
163.33.252.13,1,40
150.75.29.135,1,40
150.75.222.125,1,40
163.33.240.234,1,40
133.149.184.32,1,40
150.75.106.174,1,40
133.149.170.53,1,28
163.33.211.148,1,40
150.75.104.122,1,40
133.149.12.111,1,40
133.149.216.255,1,44
150.75.82.212,2,80
133.149.204.193,1,40
133.149.204.113,1,40
163.33.153.2,1,68
163.33.141.184,1,40
163.33.84.53,2,626
133.11.106.50,1,40
133.149.134.184,1,40
150.75.82.19,1,40
163.33.92.119,4,215
203.77.81.134,1,40
163.33.3.31,1,40
150.75.30.71,1,40
163.33.223.98,1,40
150.75.239.116,1,40
150.75.246.57,1,40
202.198.49.175,1,40
150.75.134.226,1,40
133.149.88.1,1,40
150.75.99.122,1,40
133.11.113.69,1,40
133.149.4.37,1,44
150.75.194.143,1,40
163.33.62.113,1,40
133.149.108.199,1,40
203.77.120.199,10,1038
163.33.252.8,1,40
150.75.217.185,1,576
150.75.61.26,1,40
163.33.95.130,2,108
150.75.181.78,1,40
150.75.7.178,1,40
202.198.6.211,1,40
133.149.92.104,1,40
163.33.184.103,1,40
203.77.30.192,1,40
133.149.87.133,1,40
203.77.106.117,1,40
150.75.43.114,1,40
203.77.10.141,1,40
133.149.53.1,1,40
150.75.44.190,1,40
150.75.24.143,1,40
163.33.179.136,1,40
203.77.10.24,1,40
163.33.15.2,2,88
163.33.204.247,1,44
203.77.100.68,1,44
133.149.195.238,1,40
203.77.121.181,1,40
150.75.160.111,1,40
133.11.93.88,1,40
203.77.65.204,1,40
133.149.111.170,1,44
133.149.49.9,1,60
202.204.61.29,1,44
150.75.89.104,1,40
202.198.58.205,1,40
163.33.129.245,1,44
133.149.79.152,1,40
203.77.124.151,1,40
202.198.32.33,1,40
133.149.138.246,1,40
133.149.50.172,1,40
133.149.36.141,1,40
133.149.214.240,1,576
203.77.2.102,1,40
163.33.182.77,1,40
163.33.57.122,1,40
133.149.244.248,1,40
203.77.0.87,1,40
203.77.45.206,1,44
150.75.221.160,1,40
133.149.155.135,1,40
133.149.46.187,1,40
150.75.44.100,1,40
150.75.206.46,1,40
150.75.201.102,1,40
202.198.1.247,1,40
163.33.65.251,1,52
150.75.93.224,1,40
133.149.115.186,1,40
150.75.55.192,1,40
133.149.106.110,1,40
163.33.27.152,1,40
133.11.70.197,2,128
150.75.76.192,1,40
150.75.181.154,1,40
150.75.231.83,1,40
163.33.225.138,1,40
163.33.140.165,12,4275
203.77.100.78,1,40
163.33.67.28,1,44
150.75.76.241,1,40
150.75.254.200,1,40
133.149.161.52,1,40
163.33.123.165,1,40
163.33.1.144,1,40
133.149.80.106,1,40
203.77.23.215,1,44
133.149.152.77,1,40
203.77.24.63,1,40
203.77.100.55,1,40
150.75.148.173,1,40
163.33.129.41,1,40
133.11.123.231,1,40
150.75.140.160,1,40
133.149.4.105,1,40
133.149.75.206,1,58
133.11.75.254,1,44
163.33.140.38,3,175
163.33.155.10,1,44
203.77.46.215,1,40
133.149.89.30,1,40
150.75.18.105,1,40
150.75.182.157,1,52
150.75.179.81,1,40
133.149.100.85,1,40
163.33.81.99,1,60
133.11.72.29,1,52
133.149.217.244,1,40
133.149.225.28,1,40
163.33.91.234,1,40
133.149.210.51,1,576
133.149.103.198,1,44
150.75.175.198,1,40
202.198.40.82,1,40
163.33.161.152,1,40
133.149.226.167,1,44
133.149.200.198,1,40
163.33.244.50,1,40
133.11.78.135,1,40
133.149.233.238,1,40
133.149.37.25,1,40
150.75.60.35,1,40
150.75.135.187,1,40
163.33.184.17,1,40
150.75.46.161,1,40
133.149.20.191,1,40
163.33.235.190,1,40
150.75.212.186,1,44
133.149.109.103,1,40
163.33.4.145,1,40
203.77.48.166,1,44
133.11.90.223,1,60
202.25.109.60,1,40
163.33.225.38,1,40
133.11.76.13,1,40
150.75.202.182,1,576
150.75.166.213,1,40
163.33.4.132,1,40
150.75.172.61,1,40
163.33.181.209,1,40
163.33.5.66,1,40
133.11.67.21,1,40
163.33.33.175,1,40
150.75.141.214,1,40
150.75.155.139,1,40
203.77.41.238,1,40
163.33.187.231,1,40
150.75.0.244,1,40
203.77.120.142,1,40
133.149.52.181,1,40
163.33.164.228,1,40
133.149.68.68,1,40
133.149.129.78,1,40
163.33.235.44,1,40
163.33.180.139,1,40
203.77.90.180,1,40
202.198.8.78,1,40
133.11.95.74,1,40
133.11.70.41,1,40
203.77.20.44,1,40
163.33.197.135,1,44
163.33.203.53,1,58
163.33.237.151,1,40
163.33.94.241,1,52
203.77.69.83,1,40
133.149.201.220,1,40
150.75.46.32,1,44
150.75.89.94,1,40
163.33.135.149,1,40
163.33.166.59,1,40
150.75.133.142,1,44
163.33.11.20,1,40
203.77.94.48,1,40
163.33.191.200,1,52
133.11.104.162,1,40
133.149.179.191,1,40
150.75.76.7,1,40
133.149.127.156,1,40
150.75.155.220,1,40
202.198.35.172,1,121
133.149.6.94,1,40
163.33.31.195,1,44
163.33.30.211,1,40
163.33.234.165,1,40
133.149.120.101,1,40
150.75.55.115,1,40
150.75.123.240,1,40
133.149.81.19,1,40
163.33.237.109,1,40
163.33.158.252,1,40
150.75.161.109,1,40
163.33.196.252,1,60
163.33.237.189,1,40
163.33.135.59,1,40
133.11.118.66,1,40
203.77.10.19,1,40
133.149.114.199,1,40
133.149.196.250,1,40
133.11.123.248,1,44
150.75.29.165,1,576
203.77.31.69,1,40
150.75.145.0,1,40
133.149.88.248,1,40
150.75.43.93,1,40
203.77.55.135,1,40
163.33.245.51,1,44
150.75.227.226,1,40
203.77.127.224,1,44
133.149.62.63,1,40
150.75.176.228,1,40
133.11.89.184,1,40
133.149.132.175,1,40
203.77.116.241,1,52
150.75.189.52,1,40
150.75.157.1,1,44
133.149.212.75,1,40
133.149.51.35,1,220
202.204.59.74,1,40
133.149.211.29,1,40
150.75.180.5,1,40
133.149.248.126,1,40
150.75.189.138,1,40
150.75.95.135,1,44
202.204.56.144,1,40
203.77.8.187,1,40
202.204.62.191,1,40
133.149.70.58,1,40
163.33.79.146,1,40
133.149.204.23,1,40
133.11.109.162,1,40
163.33.176.212,1,40
133.149.194.56,1,40
133.149.63.98,1,40
150.75.29.250,1,40
203.77.83.65,1,40
163.33.139.101,1,40
150.75.101.186,1,44
163.33.251.27,1,79
163.33.94.160,14,3561
163.33.93.86,1,48
133.149.133.110,1,40
202.25.107.184,1,42
202.198.41.51,1,40
203.77.85.49,1,40
203.77.106.36,1,40
133.149.152.139,1,40
163.33.98.180,1,44
163.33.62.170,1,572
133.149.185.57,1,40
202.198.60.179,1,40
150.75.227.109,1,40
163.33.187.180,1,40
202.204.62.132,1,40
133.11.80.30,1,60
203.77.118.116,1,66
163.33.109.176,2,120
133.149.200.37,1,40
133.11.127.2,1,40
203.77.100.229,1,40
150.75.108.92,1,40
150.75.22.24,1,40
163.33.249.187,1,40
163.33.235.159,1,40
203.77.63.186,1,40
150.75.227.142,1,40
202.198.40.129,1,43
163.33.113.3,1,40
203.77.123.161,1,40
133.149.184.218,1,40
203.77.8.137,1,40
203.77.93.239,1,40
133.149.153.90,1,40
163.33.179.4,1,40
163.33.6.205,1,40
150.75.230.253,1,40
133.149.13.228,1,40
133.149.158.232,1,44
133.11.123.86,1,40
133.149.35.36,1,40
133.149.145.191,1,40
150.75.183.157,1,40
133.149.96.9,1,40
203.77.92.250,1,40
150.75.194.4,1,40
150.75.120.55,1,40
150.75.77.172,1,40
163.33.142.245,1,40
163.33.230.232,1,40
133.149.237.191,1,40
133.149.187.191,1,40
133.149.99.127,1,40
133.149.100.70,1,40
150.75.132.76,1,40
163.33.191.229,1,44
150.75.55.189,1,40
202.198.57.171,1,40
133.149.221.205,1,40
203.77.2.7,1,40
163.33.76.247,1,40
150.75.170.165,1,40
163.33.3.27,1,40
163.33.214.60,1,40
163.33.229.217,1,44
133.149.77.69,1,40
150.75.227.98,1,40
150.75.64.251,1,40
203.77.116.235,1,40
203.77.117.222,1,40
202.198.29.9,1,40
203.77.25.66,1,40
133.149.130.72,1,60
163.33.93.149,1,52
163.33.246.226,1,40
203.77.21.54,1,40
133.149.72.37,1,44
163.33.123.26,1,40
163.33.133.138,1,40
163.33.235.202,1,40
203.77.14.81,1,40
133.149.59.63,1,44
203.77.54.90,1,44
150.75.233.157,1,40
150.75.141.174,1,40
202.198.61.141,1,44
133.149.24.142,1,40
163.33.36.25,1,40
150.75.107.117,1,40
163.33.3.168,1,40
163.33.92.117,1,103
150.75.70.214,1,44
203.77.88.26,1,40
133.11.104.2,1,40
203.77.63.202,1,40
163.33.221.216,1,40
203.77.16.177,1,40
150.75.49.129,1,40
203.77.109.198,1,40
163.33.6.150,1,40
133.149.46.27,1,40
133.149.21.151,1,40
133.149.220.141,1,40
133.149.81.107,1,40
133.149.145.17,1,40
150.75.186.69,1,40
163.33.12.201,1,40
133.11.78.174,1,40
202.198.35.14,1,40
163.33.75.196,1,40
150.75.251.65,1,40
133.11.74.50,1,40
150.75.165.171,1,40
133.149.190.172,1,40
150.75.88.86,1,40
150.75.194.53,1,52
150.75.234.202,1,40
163.33.22.126,1,40
202.198.33.90,1,40
203.77.32.198,1,44
163.33.189.211,1,40
203.77.13.160,1,40
150.75.63.113,1,40
133.149.46.62,1,40
150.75.78.148,1,40
163.33.174.22,2,108
150.75.18.169,1,40
150.75.145.117,1,40
150.75.56.114,1,40
133.149.21.165,1,40
150.75.29.186,1,40
150.75.112.8,1,40
133.11.127.110,1,40
163.33.3.32,1,40
133.149.187.150,1,40
150.75.126.30,1,40
133.149.97.116,1,40
203.77.93.19,1,40
133.149.211.35,1,40
133.149.148.149,1,40
150.75.26.158,1,40
202.198.5.125,1,40
203.77.20.62,1,44
133.149.65.144,1,44
133.149.72.26,1,44
133.149.220.14,1,40
133.149.73.13,1,44
203.77.127.145,1,40
133.149.221.182,1,40
133.11.111.50,1,40
163.33.92.212,1,40
133.11.100.241,1,40
150.75.45.242,1,40
203.77.114.235,1,40
202.198.39.245,1,40
133.149.175.155,1,40
133.149.160.226,1,40
150.75.59.212,1,40
203.77.40.211,1,40
203.77.80.131,1,40
133.149.197.121,1,40
163.33.193.64,1,44
203.77.58.115,1,60
150.75.18.199,1,40
163.33.114.62,1,40
133.149.17.176,1,40
163.33.21.20,1,40
150.75.248.73,1,40
150.75.199.153,1,40
150.75.85.48,1,40
133.149.72.143,1,40
163.33.247.243,1,40
163.33.232.240,1,40
203.77.6.43,1,40
203.77.42.192,1,40
202.198.27.12,2,80
150.75.151.176,1,40
150.75.221.113,1,40
150.75.157.175,1,40
150.75.68.42,1,40
133.149.254.118,1,40
203.77.72.21,1,40
163.33.36.222,5,610
163.33.140.89,5,964
203.77.0.34,1,40
133.11.111.220,1,40
163.33.39.154,1,40
150.75.98.145,1,40
133.149.245.243,1,40
133.11.77.122,1,40
150.75.62.17,1,40
203.77.62.5,1,40
150.75.21.213,1,40
150.75.225.255,1,40
203.77.103.42,1,40
150.75.83.125,1,40
150.75.159.234,1,40
133.149.201.135,1,40
203.77.3.77,1,44
133.149.142.47,1,40
133.149.89.187,1,40
203.77.4.218,1,40
133.149.155.179,1,40
163.33.140.15,1,135
133.149.84.2,1,40
150.75.71.251,1,40
163.33.160.33,1,40
150.75.229.162,1,40
163.33.56.205,1,40
163.33.92.104,1,136
133.149.231.246,1,40
133.149.1.54,1,40
163.33.47.110,1,40
163.33.210.201,1,40
163.33.89.152,1,40
150.75.212.128,1,40
133.11.97.200,1,40
202.198.57.50,1,40
163.33.113.124,1,40
150.75.134.26,1,40
163.33.51.29,1,40
133.11.95.213,1,40
163.33.237.19,1,40
150.75.0.60,1,40
150.75.2.161,1,40
150.75.160.149,1,40
203.77.82.3,1,40
133.11.83.170,1,40
133.149.111.180,1,40
163.33.64.157,1,40
133.149.211.244,1,40
133.11.82.196,1,40
133.11.124.74,1,40
133.149.21.92,1,40
133.149.173.13,1,40
163.33.112.35,1,40
163.33.230.42,1,40
150.75.70.83,1,40
163.33.209.53,1,40
150.75.9.18,1,40
203.77.90.165,1,40
133.149.12.249,1,40
150.75.170.252,1,40
163.33.193.169,1,44
150.75.89.180,1,60
133.149.163.204,1,40
203.77.14.137,1,40
163.33.156.95,1,40
133.149.10.134,1,40
133.149.126.91,1,40
133.149.84.171,1,40
163.33.229.145,1,40
133.149.49.127,1,40
163.33.125.113,1,40
133.149.127.42,1,40
203.77.4.33,1,40
133.149.226.238,1,40
163.33.81.33,1,40
163.33.87.145,1,40
133.149.18.209,1,40
202.198.34.224,1,44
150.75.37.25,1,40
133.149.138.6,1,40
163.33.22.189,1,40
133.149.192.36,1,40
202.198.25.218,1,44
203.77.15.244,1,44
150.75.167.38,1,40
133.11.87.101,1,40
163.33.92.1,1,76
150.75.48.87,1,40
203.77.59.37,1,40
163.33.251.37,1,52
150.75.234.160,1,40
150.75.136.119,1,40
163.33.84.156,1,40
133.149.179.21,1,40
150.75.114.192,1,40
133.149.160.199,1,40
133.149.248.34,1,40
150.75.35.121,1,40
150.75.179.130,1,40
133.149.104.219,1,40
203.77.34.209,1,40
163.33.89.36,1,44
133.11.70.36,1,40
203.77.113.97,1,40
163.33.39.109,1,40
150.75.157.12,1,40
202.198.58.59,1,40
163.33.236.61,4,896
150.75.75.232,1,40
150.75.87.172,1,40
133.11.100.180,1,40
203.77.62.46,1,40
150.75.178.139,1,40
163.33.181.195,1,40
150.75.14.6,1,40
133.149.32.82,1,40
150.75.194.44,2,120
150.75.64.85,1,40
202.198.19.172,1,40
202.198.29.87,1,40
150.75.38.62,1,40
163.33.77.110,1,40
150.75.178.58,1,40
202.198.29.68,1,40
133.11.117.62,1,40
203.77.89.85,1,44
203.77.13.87,1,44
133.149.179.127,1,40
150.75.247.212,1,40
133.149.71.183,1,40
150.75.234.81,1,44
133.11.100.116,1,40
203.77.50.7,1,40
133.11.74.37,1,40
133.149.18.156,1,40
150.75.114.58,1,40
150.75.33.155,1,40
150.75.215.133,1,40
203.77.22.171,1,40
202.198.20.65,1,40
150.75.65.254,1,40
163.33.199.157,1,71
202.198.51.164,1,40
163.33.165.224,1,40
150.75.115.200,1,40
133.149.73.92,1,40
202.198.6.16,1,40
133.149.162.190,1,40
203.77.35.118,1,40
133.11.101.169,1,40
133.149.142.70,1,40
163.33.145.15,1,40
163.33.153.144,1,44
202.198.16.119,1,40
133.149.246.171,1,40
203.77.86.125,1,48
133.149.7.36,1,40
203.77.59.83,1,40
163.33.116.131,1,40
150.75.198.45,1,40
163.33.94.163,2,132
133.149.95.73,1,44
133.149.56.87,1,40
203.77.77.123,1,40
150.75.137.5,1,40
150.75.176.93,1,40
150.75.91.198,1,40
163.33.222.52,1,40
203.77.112.253,1,44
150.75.252.99,1,40
133.149.215.103,1,52
133.149.64.82,1,40
133.149.154.204,1,40
163.33.197.250,1,40
133.149.143.96,1,40
163.33.28.232,1,40
133.149.110.131,1,40
133.11.71.57,1,40
150.75.85.9,1,40
202.198.5.251,1,40
203.77.127.194,1,40
163.33.198.151,2,96
133.11.103.77,1,40
203.77.127.137,1,40
133.149.84.223,1,40
133.149.86.251,1,40
202.198.55.132,1,40
133.149.135.50,1,40
163.33.145.157,1,40
150.75.164.174,1,40
133.149.131.6,1,40
150.75.182.45,1,44
163.33.234.26,1,40
150.75.17.16,1,40
133.149.133.61,1,40
163.33.167.26,1,40
133.149.73.171,1,40
163.33.54.112,1,40
133.149.206.44,1,40
203.77.93.2,1,40
133.149.244.15,1,40
150.75.104.50,1,40
133.149.28.79,1,40
133.149.214.98,1,40
163.33.218.207,1,40
150.75.255.207,1,40
150.75.75.209,1,40
133.149.74.210,1,44
202.198.19.80,1,40
150.75.82.156,1,40
150.75.132.42,1,40
163.33.193.155,1,40
203.77.102.40,1,40
133.11.87.157,1,40
133.149.126.8,1,44
203.77.63.26,1,40
163.33.80.221,1,115
163.33.64.248,1,40
133.11.115.235,1,40
203.77.124.57,1,40
133.149.72.82,1,44
150.75.182.85,1,40
163.33.185.217,1,40
150.75.153.222,1,40
203.77.42.47,1,40
133.149.206.39,1,40
133.149.224.18,1,40
133.149.255.200,1,40
150.75.29.11,1,40
133.149.123.205,1,40
133.11.73.184,1,40
202.198.22.171,1,40
163.33.43.30,1,44
203.77.0.200,1,44
163.33.42.40,1,44
150.75.212.96,1,40
203.77.38.124,1,40
133.149.156.22,1,40
150.75.1.55,1,40
133.11.84.168,1,40
203.77.35.120,1,40
150.75.125.179,1,40
163.33.57.145,1,52
133.149.61.121,1,40
150.75.201.170,1,40
133.149.58.124,1,40
133.149.125.88,1,40
150.75.158.180,1,40
203.77.60.9,1,40
133.149.250.137,1,40
163.33.140.156,5,965
150.75.221.82,1,40
202.198.25.197,1,40
202.198.60.1,1,40
150.75.18.230,1,60
203.77.10.147,1,40
133.11.69.170,1,40
163.33.239.28,1,40
150.75.48.77,1,40
133.149.164.163,1,40
163.33.145.79,1,40
133.149.214.17,1,40
163.33.145.149,1,40
133.149.9.82,1,40
133.11.100.203,1,40
202.198.58.171,1,40
133.149.156.252,1,40
150.75.188.230,1,40
133.11.70.110,1,40
133.149.124.163,1,40
150.75.203.71,1,40
150.75.196.116,1,40
203.77.27.163,1,40
133.149.242.55,1,40
203.77.31.125,1,40
150.75.238.230,1,40
133.149.26.53,1,40
133.149.103.158,1,40
133.11.114.136,1,40
203.77.104.89,1,40
133.149.102.198,1,40
163.33.51.38,1,40
150.75.99.183,1,40
203.77.69.8,1,40
163.33.238.133,1,40
133.149.223.45,1,40
163.33.181.31,1,44
133.149.74.250,1,44
133.11.93.227,1,40
150.75.44.62,1,40
150.75.227.232,5,2169
133.149.244.137,1,40
133.149.5.21,1,40
133.11.115.33,1,44
150.75.227.236,5,2167
163.33.140.118,1,52
133.149.16.21,1,40
163.33.92.34,1,40
163.33.129.117,1,40
150.75.182.116,1,40
133.11.115.3,1,40
163.33.63.175,4,731
133.149.207.228,1,40
150.75.21.44,1,40
150.75.85.94,1,40
163.33.190.196,1,40
203.77.119.41,1,40
133.149.83.3,1,40
163.33.153.56,1,40
150.75.68.224,1,40
203.77.118.168,1,40
133.149.8.244,1,40
150.75.227.234,5,2163
133.149.187.65,1,52
133.149.137.242,1,40
133.149.99.242,1,40
150.75.227.233,5,2166
150.75.227.238,5,2167
133.149.202.22,1,40
150.75.161.149,1,40
133.149.61.239,1,40
150.75.54.131,1,52
150.75.227.237,5,2169
163.33.151.102,1,40
202.198.0.99,1,40
150.75.237.122,1,40
133.149.131.81,1,40
133.149.94.67,1,40
150.75.92.173,1,40
150.75.36.150,1,40
203.77.63.195,1,40
133.149.76.62,1,40
150.75.73.5,1,40
133.149.17.169,1,44
150.75.227.235,5,2166
163.33.146.147,1,40
133.149.167.225,1,40
133.149.92.211,1,40
133.149.49.41,1,40
150.75.227.239,5,2171
150.75.6.150,1,44
150.75.245.172,1,40
133.149.28.241,1,40
133.11.79.166,1,40
163.33.186.222,1,40
133.149.167.16,1,40
150.75.165.189,1,40
150.75.143.56,1,40
150.75.168.134,1,40
202.198.9.145,1,40
150.75.244.46,1,40
150.75.117.254,1,40
133.149.242.94,1,40
133.149.22.66,1,44
133.149.253.152,1,40
133.11.67.118,1,40
150.75.239.49,1,40
163.33.146.180,1,40
133.149.205.41,1,40
133.149.55.141,1,40
133.149.224.62,1,40
150.75.36.119,1,40
133.149.19.97,1,40
163.33.35.233,1,60
203.77.86.148,1,40
133.149.201.191,1,40
203.77.0.149,1,40
150.75.237.194,1,40
163.33.86.136,1,40
203.77.51.152,1,40
163.33.12.244,1,40
133.11.67.251,1,40
203.77.30.182,1,40
163.33.198.178,1,40
150.75.165.139,1,40
133.149.255.176,1,40
150.75.236.131,1,40
133.11.108.230,1,40
150.75.82.144,1,40
203.77.51.70,1,40
133.149.34.97,1,44
133.149.32.68,1,40
202.198.33.215,1,40
133.149.86.87,1,40
203.77.32.70,1,40
163.33.109.141,1,44
133.149.82.26,1,40
150.75.144.231,1,52
133.149.11.101,1,40
203.77.93.206,1,40
163.33.222.212,1,40
203.77.77.211,1,40
133.149.132.194,1,40
202.198.15.133,1,40
133.149.103.128,1,40
133.149.20.38,1,44
133.149.53.248,1,52
163.33.12.240,1,40
163.33.29.246,1,40
150.75.105.180,1,40
163.33.190.226,1,40
150.75.74.78,1,40
133.149.148.29,1,40
150.75.188.248,1,40
133.149.19.108,1,40
150.75.226.170,1,52
150.75.168.220,1,40
133.149.102.182,1,40
150.75.208.144,1,44
163.33.140.247,1,40
133.11.111.171,1,40
163.33.85.207,1,42
202.198.36.99,1,40
133.149.101.94,1,40
150.75.242.214,1,44
163.33.1.34,1,40
133.149.26.31,1,40
163.33.181.96,1,40
163.33.159.65,1,40
150.75.231.88,1,40
163.33.94.13,3,1500
202.198.19.148,1,40
150.75.136.226,1,40
150.75.122.196,1,40
203.77.82.104,1,40
150.75.140.43,1,40
203.77.93.79,1,52
163.33.101.49,1,40
203.77.11.201,1,44
133.149.37.26,1,40
203.77.32.210,1,40
133.149.71.253,1,40
163.33.2.61,1,40
133.11.90.122,1,44
150.75.237.171,1,40
133.11.126.176,1,40
150.75.19.93,1,40
150.75.183.104,1,40
133.149.148.49,1,40
133.149.170.62,1,40
150.75.194.223,1,40
133.149.189.118,1,40
203.77.86.71,1,40
150.75.41.77,1,40
150.75.238.82,1,40
150.75.190.121,1,40
150.75.190.87,1,40
133.149.124.150,1,40
203.77.121.70,1,60
163.33.213.20,1,40
163.33.230.120,1,40
150.75.139.138,1,40
163.33.65.106,1,40
150.75.68.147,1,40
150.75.180.132,1,40
163.33.60.119,1,40
150.75.87.154,1,52
163.33.1.201,1,40
150.75.176.128,1,40
133.11.80.85,1,40
133.149.75.90,1,40
163.33.49.34,1,40
163.33.65.177,1,40
163.33.140.40,1,40
150.75.186.194,1,40
133.11.89.102,1,44
133.149.252.207,1,40
150.75.134.112,1,40
150.75.81.63,1,40
133.149.245.156,1,44
150.75.19.138,1,40
202.204.56.85,1,40
203.77.112.6,1,40
133.11.109.146,1,60
202.198.8.90,1,40
133.11.97.255,1,40
133.149.246.213,1,40
133.149.200.220,1,40
202.198.44.101,5,5074
163.33.4.71,1,40
202.198.18.48,1,40
150.75.107.66,1,40
150.75.200.207,1,40
202.198.55.164,1,40
202.204.62.108,1,58
203.77.99.153,1,40
163.33.170.106,1,40
163.33.132.70,1,44
133.149.12.109,1,40
133.11.91.43,1,40
133.149.186.191,1,40
202.198.11.172,1,40
163.33.109.158,1,40
163.33.183.81,1,40
133.149.123.231,1,40
163.33.93.14,1,40
203.77.111.109,1,40
133.149.94.98,1,40
203.77.110.182,1,44
150.75.240.117,1,40
202.198.44.0,1,40
150.75.135.102,1,40
150.75.251.210,1,40
133.149.166.237,1,44
133.149.145.150,1,40
133.11.81.54,1,40
150.75.149.235,1,40
202.15.129.229,1,52
202.198.33.96,1,40
150.75.39.216,1,40
133.11.113.243,1,40
133.149.249.236,1,40
133.149.51.51,1,40
150.75.184.12,1,40
150.75.235.127,1,40
133.149.213.170,1,40
163.33.237.31,1,40
150.75.237.141,1,40
163.33.90.253,1,40
133.149.7.223,1,40
133.149.214.106,1,40
163.33.61.86,1,40
133.149.159.243,1,40
163.33.161.194,1,40
133.11.98.49,1,48
150.75.32.221,1,40
163.33.231.248,1,40
133.149.99.208,1,40
150.75.78.11,1,40
163.33.46.255,1,44
150.75.156.65,1,40
150.75.17.47,1,40
163.33.237.148,1,40
133.11.102.134,1,60
163.33.254.181,3,151
163.33.244.210,1,40
133.149.185.32,1,40
133.149.137.241,1,40
163.33.127.105,1,44
150.75.179.152,1,40
150.75.251.158,1,60
150.75.133.95,1,48
163.33.13.98,1,40
163.33.24.64,1,40
150.75.168.155,1,52
150.75.116.182,1,40
163.33.198.145,1,40
133.149.132.63,1,40
133.149.219.250,1,40
163.33.61.33,1,121
150.75.251.12,1,40
163.33.126.135,1,44
203.77.100.158,2,84
163.33.159.39,1,40
203.77.77.56,1,76
133.149.178.24,1,40
133.149.167.200,1,44
133.149.85.149,1,40
133.149.186.67,1,40
150.75.249.128,1,40
163.33.214.142,1,40
150.75.206.187,1,40
203.77.47.234,1,40
133.149.228.51,1,40
150.75.81.195,1,40
150.75.6.231,1,40
133.149.187.217,1,40
133.149.192.78,1,40
150.75.25.234,1,40
150.75.161.20,1,40
163.33.110.25,1,40
150.75.2.175,1,44
150.75.184.21,1,40
133.149.100.154,1,40
133.149.139.173,1,40
133.11.114.37,1,40
133.149.65.167,1,40
150.75.162.243,1,40
150.75.70.3,1,40
163.33.181.34,1,40
163.33.139.220,1,40
150.75.8.4,1,40
163.33.48.150,1,40
150.75.152.70,1,40
163.33.78.226,1,40
150.75.148.159,1,40
150.75.204.35,1,40
203.77.112.27,1,40
133.149.215.10,1,40
150.75.131.152,1,40
202.198.23.86,1,40
150.75.215.114,1,44
133.149.1.148,1,40
163.33.102.122,1,52
150.75.122.14,1,40
133.11.104.184,1,40
163.33.235.222,1,44
133.149.105.90,1,40
133.149.148.43,1,40
163.33.147.121,1,40
150.75.93.202,1,40
202.198.37.228,1,40
150.75.39.141,1,40
203.77.14.65,1,40
133.149.166.245,1,44
133.149.94.238,1,40
150.75.78.131,1,40
163.33.90.251,1,40
203.77.105.11,1,44
150.75.242.92,1,40
163.33.230.164,1,60
150.75.165.134,1,44
150.75.246.5,1,40
163.33.74.109,1,40
163.33.102.49,1,40
133.11.122.89,1,40
133.149.207.70,1,44
150.75.27.211,1,40
163.33.44.95,1,40
133.149.187.88,1,40
133.149.111.237,1,40
163.33.238.169,1,40
203.77.21.45,1,40
133.149.139.9,1,40
133.149.63.73,1,40
203.77.29.123,1,40
133.149.76.172,1,40
163.33.162.55,1,40
133.149.84.35,1,40
150.75.212.24,1,40
133.11.80.145,1,48
150.75.16.229,1,40
163.33.72.50,1,40
133.149.206.220,1,40
163.33.238.58,1,40
203.77.14.114,1,40
133.11.120.97,1,40
133.149.71.214,1,40
202.198.26.171,1,44
150.75.53.216,2,80
163.33.200.150,1,40
150.75.53.10,1,40
202.198.14.16,1,40
133.149.175.56,1,40
150.75.40.87,1,40
163.33.40.17,1,40
202.198.5.242,1,40
150.75.108.184,1,40
150.75.121.238,1,44
150.75.45.161,1,40
163.33.97.249,1,40
133.149.185.120,1,40
202.204.63.109,1,52
133.149.249.50,1,44
133.149.166.152,1,40
150.75.32.60,1,40
133.149.16.147,1,40
133.149.149.68,1,40
202.198.24.46,1,40
150.75.38.67,1,40
133.149.226.106,1,40
202.198.3.166,1,40
133.149.210.177,1,40
203.77.36.244,1,40
133.11.111.199,1,40
133.149.185.203,1,40
150.75.151.131,1,44
163.33.3.2,1,68
133.149.80.30,1,40
202.198.23.226,1,68
203.77.15.37,1,40
150.75.180.77,1,40
150.75.10.51,1,40
163.33.242.179,1,121
133.149.135.108,1,40
163.33.92.241,1,40
133.149.142.0,1,40
150.75.213.219,1,40
163.33.248.242,1,562
150.75.199.131,1,40
133.149.49.205,1,40
163.33.55.55,1,40
150.75.189.61,1,40
150.75.210.55,1,40
203.77.120.46,1,40
133.149.228.33,1,40
203.77.122.198,1,40
150.75.111.211,1,40
133.149.245.115,1,40
133.149.216.53,1,44
202.198.43.1,1,40
133.11.88.114,1,40
133.149.238.133,1,40
203.77.47.136,1,40
133.149.113.225,1,40
150.75.212.143,1,40
163.33.142.253,1,40
203.77.24.232,1,40
133.11.70.177,3,396
150.75.136.166,1,40
133.149.160.163,1,52
150.75.96.99,1,40
133.11.119.169,1,40
133.149.149.125,1,40
203.77.40.64,1,44
163.33.44.221,1,40
133.149.88.11,1,40
163.33.226.1,1,40
133.149.211.210,1,40
133.149.252.59,1,40
202.198.49.156,1,40
163.33.135.9,1,40
133.11.95.42,1,40
133.149.114.185,1,44
150.75.155.83,1,40
133.149.219.52,1,40
150.75.178.129,1,40
133.149.36.99,1,44
163.33.134.35,1,40
203.77.88.200,1,40
202.198.12.168,1,40
133.149.10.60,1,40
163.33.231.89,1,40
150.75.83.212,1,40
203.77.72.7,1,40
163.33.220.9,1,40
150.75.142.22,1,40
150.75.4.15,1,40
150.75.249.69,1,40
150.75.144.161,1,40
163.33.64.118,1,40
203.77.55.7,1,40
203.77.117.232,1,40
133.149.254.211,1,40
150.75.20.186,1,40
203.77.54.44,1,40
150.75.120.142,1,44
150.75.65.80,1,40
203.77.53.189,1,40
150.75.126.66,1,40
202.198.53.47,1,40
150.75.155.153,1,40
163.33.249.66,1,44
163.33.53.236,1,40
163.33.78.166,1,40
133.149.213.199,1,44
150.75.137.85,1,40
150.75.23.80,1,40
150.75.183.230,1,40
150.75.0.224,1,40
150.75.108.67,1,40
203.77.91.154,1,40
133.149.84.236,1,48
163.33.176.190,1,40
163.33.41.217,1,40
163.33.92.194,2,167
133.149.102.157,1,40
163.33.104.124,1,40
163.33.83.255,1,40
203.77.15.190,2,88
150.75.31.27,1,40
133.11.123.69,1,40
133.149.14.103,1,40
133.11.127.247,1,40
150.75.8.62,1,40
163.33.73.27,1,40
203.77.51.59,1,40
150.75.167.222,1,40
202.204.58.184,1,44
133.11.64.159,1,40
203.77.96.162,1,40
163.33.46.95,1,44
150.75.211.233,1,40
202.198.23.168,1,40
133.149.56.209,1,40
133.149.33.72,1,40
133.11.66.137,1,40
150.75.129.25,1,576
150.75.245.214,1,40
203.77.57.141,1,40
133.149.45.138,1,40
203.77.112.198,1,40
133.149.128.15,1,60
133.11.69.177,1,40
150.75.29.83,1,40
150.75.241.151,1,40
203.77.91.231,1,40
150.75.85.100,1,60
203.77.18.222,1,28
202.198.58.251,1,40
150.75.39.49,1,40
203.77.101.65,1,40
133.11.115.255,1,44
163.33.202.63,1,40
133.149.133.140,1,40
163.33.82.130,1,40
133.11.85.84,1,40
163.33.170.172,1,40
163.33.26.218,1,40
133.149.218.209,1,40
163.33.188.47,2,104
133.149.175.124,1,52
150.75.25.35,1,40
133.149.211.96,1,40
163.33.237.59,1,40
133.149.184.198,1,58
150.75.132.37,1,40
133.149.248.151,1,40
163.33.92.230,3,555
163.33.245.81,1,40
133.149.151.239,1,40
163.33.129.61,1,40
150.75.165.198,1,40
202.204.63.238,1,40
150.75.187.93,1,40
133.149.175.194,1,40
133.11.86.209,1,40
203.77.21.109,1,40
163.33.129.87,1,40
202.198.58.247,1,40
150.75.57.205,1,40
202.204.63.199,1,40
202.198.19.155,1,40
150.75.137.93,1,40
163.33.199.66,1,44
163.33.21.210,1,40
133.149.77.145,1,44
150.75.245.150,1,40
133.149.85.217,1,40
133.149.59.223,1,40
133.149.20.166,1,40
202.198.39.230,1,40
203.77.98.78,1,121
133.149.251.0,1,40
133.11.105.106,1,40
133.149.76.82,1,44
150.75.111.89,1,40
202.198.11.156,1,40
163.33.228.83,1,40
203.77.110.249,1,60
133.11.126.233,1,576
133.149.136.208,1,40
133.149.95.235,1,40
133.149.231.84,1,40
133.149.61.166,1,40
133.149.60.208,1,40
133.149.173.138,1,40
133.149.21.98,1,40
163.33.214.114,1,52
163.33.131.72,1,40
150.75.99.160,1,40
150.75.50.200,1,40
150.75.1.10,1,40
203.77.103.152,1,40
133.11.79.203,1,44
133.149.103.11,1,40
202.204.63.235,1,40
150.75.221.171,1,40
150.75.244.3,1,40
133.149.208.112,1,40
163.33.226.34,1,40
202.198.45.7,1,40
150.75.190.229,1,40
150.75.152.165,1,40
163.33.160.134,1,40
150.75.94.76,1,44
150.75.247.168,1,40
133.149.29.34,1,40
163.33.170.85,1,40
163.33.132.115,1,40
163.33.9.236,1,40
163.33.50.119,1,40
150.75.254.244,1,40
150.75.148.82,1,121
163.33.116.8,1,40
150.75.46.244,1,40
163.33.216.232,1,40
163.33.218.180,1,40
163.33.35.218,1,40
203.77.101.47,1,40
163.33.151.218,1,40
163.33.44.23,1,40
150.75.138.132,1,40
163.33.4.146,1,40
202.198.11.206,1,40
150.75.36.227,1,40
150.75.248.17,1,40
150.75.58.61,1,40
150.75.198.204,1,40
133.149.101.43,1,40
150.75.139.222,1,40
150.75.110.10,1,28
150.75.121.250,1,40
150.75.135.75,1,40
150.75.216.120,1,40
133.149.125.54,1,40
163.33.39.147,1,40
203.77.33.233,1,40
163.33.99.119,1,44
150.75.152.29,1,40
163.33.205.168,1,40
203.77.100.31,1,40
150.75.201.224,1,40
150.75.145.58,1,40
133.149.114.163,1,40
163.33.195.232,1,40
133.149.66.209,1,40
203.77.18.106,1,40
163.33.239.1,1,40
150.75.180.31,1,40
133.149.86.167,1,40
150.75.119.124,1,44
203.77.4.5,1,40
203.77.115.8,1,52
163.33.57.24,257,348941
163.33.204.3,1,40
150.75.38.183,1,40
163.33.115.47,1,40
203.77.59.128,1,40
133.149.73.107,1,40
150.75.115.225,1,40
203.77.57.137,1,40
163.33.54.242,1,40
163.33.82.51,1,40
133.149.1.86,1,576
133.149.117.255,1,44
163.33.230.167,1,40
150.75.83.112,1,40
133.149.112.133,1,40
133.149.11.39,1,40
163.33.151.225,1,40
133.149.36.39,1,40
150.75.170.227,1,40
133.149.243.70,1,40
150.75.175.211,1,40
133.149.209.79,1,40
203.77.102.55,1,40
150.75.237.183,1,40
202.198.47.194,1,40
163.33.140.95,1,111
203.77.48.187,1,40
163.33.198.149,1,100
133.149.254.97,1,40
133.149.91.110,1,40
133.149.155.236,1,40
150.75.204.39,1,40
150.75.130.187,1,40
133.149.102.81,1,40
163.33.255.39,1,40
203.77.35.7,1,40
203.77.34.154,1,40
163.33.47.51,1,40
133.149.32.49,1,40
133.149.118.24,1,40
163.33.136.127,1,40
133.149.47.0,1,40
163.33.218.202,1,40
133.149.60.170,1,40
203.77.29.110,1,52
203.77.93.94,1,40
150.75.126.199,1,40
163.33.113.140,1,40
150.75.19.191,1,40
150.75.191.23,1,40
150.75.196.55,1,40
202.204.57.3,1,40
150.75.46.41,2,120
133.149.55.25,1,40
150.75.79.109,1,40
133.149.69.105,1,40
203.77.104.224,1,40
133.149.111.205,1,40
133.11.102.212,1,52
133.149.251.79,1,40
133.11.113.112,1,40
150.75.75.174,1,40
163.33.141.50,5,3590
133.149.158.221,1,40
133.11.125.244,1,40
133.149.229.245,1,40
133.11.111.181,1,44
150.75.33.6,1,40
163.33.102.103,1,40
163.33.93.40,1,180
163.33.201.222,1,40
202.198.39.124,1,40
202.198.4.42,1,52
163.33.111.195,1,40
163.33.112.244,1,40
133.149.125.90,1,40
203.77.58.21,1,40
163.33.226.192,1,40
150.75.163.135,1,40
133.149.42.39,1,40
150.75.180.193,1,40
150.75.247.62,1,40
133.149.158.28,1,40
150.75.59.121,1,60
133.149.159.164,1,44
150.75.243.241,1,40
150.75.33.120,1,40
133.149.255.234,1,40
203.77.47.23,1,40
133.149.232.24,1,44
203.77.36.193,1,44
150.75.130.90,1,44
202.198.48.94,1,40
133.149.254.59,2,88
150.75.189.23,1,40
150.75.188.132,1,40
203.77.82.219,1,40
163.33.165.233,1,40
133.11.94.43,1,40
133.149.99.108,1,40
150.75.111.184,1,44
163.33.161.39,1,40
133.149.129.103,1,60
133.149.130.173,1,60
150.75.218.138,1,40
133.149.255.35,1,121
203.77.122.210,1,48
163.33.108.204,1,40
163.33.148.3,1,40
163.33.168.156,5,321
202.198.56.220,1,40
133.149.222.210,1,44
163.33.232.193,1,40
133.149.123.82,1,40
133.11.75.140,1,40
133.149.33.243,1,40
133.149.159.29,1,44
163.33.85.247,1,40
203.77.22.131,1,40
163.33.211.66,1,40
133.149.192.106,1,40
202.198.60.204,1,40
150.75.103.59,1,40
150.75.13.41,1,40
163.33.246.20,1,40
163.33.105.159,1,40
150.75.164.19,1,40
133.11.74.209,1,40
163.33.114.7,1,40
202.198.22.125,1,40
203.77.12.73,1,76
163.33.199.218,1,40
133.149.195.12,1,40
202.198.51.255,1,40
163.33.148.53,1,40
203.77.12.153,1,40
150.75.75.255,1,40
163.33.176.164,1,40
150.75.84.95,1,40
133.149.58.94,1,40
133.11.99.54,1,40
203.77.113.6,1,40
133.149.116.145,1,40
203.77.124.23,1,52
203.77.45.123,1,40
150.75.236.132,1,40
150.75.89.74,1,40
150.75.78.219,1,40
133.149.224.92,1,40
133.149.180.215,1,40
163.33.70.100,1,40
150.75.40.90,1,40
133.149.51.116,1,40
202.25.109.180,1,40
163.33.200.27,1,40
133.149.59.242,1,40
202.198.4.113,1,40
133.149.176.130,1,40
133.11.104.97,1,40
133.149.17.96,1,40
133.11.92.180,1,40
203.77.56.175,1,40
163.33.41.114,1,40
203.77.31.254,1,40
133.11.100.35,1,40
133.149.145.35,1,40
163.33.161.22,1,40
202.198.19.60,1,40
150.75.8.81,1,40
133.11.80.222,1,48
133.11.109.149,1,40
203.77.85.22,1,40
133.149.155.69,1,40
133.149.112.253,1,40
163.33.183.69,1,40
150.75.65.192,1,40
150.75.222.97,1,76
133.149.244.139,1,40
163.33.243.171,1,40
203.77.103.98,1,40
163.33.233.71,1,40
163.33.229.185,1,30
202.204.56.134,1,52
150.75.176.89,1,40
202.204.57.227,1,44
133.11.99.43,1,40
150.75.187.105,1,40
163.33.4.38,1,40
150.75.54.44,1,40
202.198.11.169,1,40
163.33.169.41,1,40
163.33.16.236,1,40
150.75.210.218,1,40
133.11.96.17,1,44
133.149.11.66,1,40
202.204.60.40,1,440
163.33.110.71,1,40
203.77.13.174,1,40
163.33.19.215,1,40
163.33.144.230,1,56
150.75.90.118,1,40
150.75.206.39,1,40
150.75.65.213,1,40
163.33.161.254,1,40
150.75.48.233,1,44
150.75.244.30,1,40
202.198.22.87,1,44
150.75.236.169,1,40
150.75.146.137,1,40
133.11.75.138,1,40
202.198.13.242,1,40
133.149.62.139,1,40
133.149.135.69,1,40
133.149.225.149,1,40
202.198.9.54,1,40
150.75.230.245,1,40
133.149.157.98,1,40
133.149.179.196,1,40
163.33.96.140,1,44
150.75.44.191,1,40
133.149.219.40,1,40
163.33.137.238,1,40
163.33.95.27,1,40
163.33.246.221,1,40
150.75.222.227,1,44
163.33.95.11,3,1887
203.77.93.184,1,52
163.33.13.110,1,40
133.149.51.182,1,40
163.33.53.206,1,40
133.149.148.241,1,40
133.149.236.155,1,40
150.75.223.251,1,40
202.198.40.236,1,40
150.75.209.20,1,40
133.149.119.243,1,40
133.11.122.14,1,40
203.77.70.40,1,40
163.33.83.245,1,40
150.75.208.57,1,44
133.149.81.248,1,40
163.33.126.170,1,40
150.75.199.140,1,40
150.75.240.197,1,40
133.11.90.183,1,44
163.33.183.131,1,40
133.11.90.155,1,40
150.75.115.107,1,40
150.75.229.229,1,40
163.33.114.138,1,40
163.33.157.19,1,40
163.33.83.149,1,40
150.75.103.130,1,40
150.75.253.129,1,44
133.149.208.47,1,40
133.149.16.154,1,40
150.75.250.240,1,40
202.204.58.3,1,60
203.77.26.100,1,40
133.149.225.233,1,40
133.149.133.222,1,40
150.75.46.211,1,40
202.25.107.212,1,52
203.77.22.182,1,40
133.149.211.16,1,40
133.149.6.129,1,40
150.75.223.185,1,40
202.198.34.6,1,40
163.33.81.39,1,40
133.149.100.40,1,40
163.33.63.3,1,44
150.75.31.65,1,40
163.33.238.128,1,40
133.11.114.119,1,40
150.75.169.120,1,44
203.77.97.162,1,40
163.33.44.166,1,40
150.75.86.2,1,40
150.75.211.79,1,40
133.11.76.54,1,40
133.149.220.251,1,40
203.77.99.55,1,40
150.75.200.148,1,40
163.33.65.145,1,40
150.75.162.187,1,40
203.77.127.209,1,40
133.149.130.162,1,40
150.75.23.144,1,40
133.149.188.72,1,40
133.149.209.81,1,40
133.149.144.114,1,40
133.11.117.81,1,40
202.198.54.197,1,40
150.75.231.61,1,40
203.77.120.51,1,40
163.33.100.178,1,40
163.33.253.137,1,44
133.149.138.153,1,40
133.149.93.254,1,40
150.75.179.173,1,40
150.75.91.81,1,40
133.149.79.41,1,40
133.149.40.40,1,52
133.149.46.108,1,40
163.33.157.146,1,40
133.149.27.248,1,40
150.75.123.249,1,44
150.75.17.114,1,40
133.11.86.200,1,40
202.198.55.166,1,40
163.33.71.133,1,40
203.77.45.89,1,40
202.198.40.142,1,40
203.77.18.89,1,40
163.33.127.212,1,40
203.77.35.49,1,40
150.75.1.109,1,40
133.149.224.74,1,40
202.198.41.56,1,40
163.33.29.212,1,44
202.198.24.195,1,40
133.11.117.111,1,40
150.75.5.27,1,40
202.198.33.227,1,40
133.149.114.50,1,40
203.77.41.164,1,40
203.77.118.105,1,44
133.149.108.254,1,40
163.33.104.51,1,40
163.33.60.207,1,40
203.77.66.31,1,40
150.75.90.147,1,40
163.33.156.236,1,40
150.75.122.147,1,44
150.75.212.4,1,40
150.75.174.189,1,40
150.75.243.120,1,40
202.198.44.172,10,1634
133.11.88.219,1,40
133.11.65.22,1,60
133.149.19.47,1,40
133.11.114.20,1,44
133.149.177.176,1,40
133.149.133.128,1,40
150.75.118.21,1,40
163.33.81.241,1,52
203.77.46.236,1,40
150.75.152.105,1,40
163.33.237.16,2,263
133.149.16.115,1,40
163.33.110.161,1,40
150.75.57.88,1,40
202.198.41.237,1,40
163.33.46.99,1,40
150.75.176.98,1,44
163.33.181.131,1,40
150.75.45.23,1,40
133.149.239.134,1,40
163.33.230.111,1,40
133.11.100.196,1,40
133.149.237.199,1,40
163.33.80.244,1,40
163.33.87.187,1,40
203.77.106.38,1,40
163.33.132.179,1,40
133.11.66.195,1,40
150.75.183.25,1,40
133.149.91.15,1,44
150.75.220.184,1,40
133.149.237.188,1,40
163.33.59.185,1,40
203.77.85.139,1,40
203.77.14.83,1,40
133.149.20.121,1,40
150.75.249.140,1,40
133.149.45.239,1,40
150.75.65.205,1,40
150.75.56.164,1,40
133.149.202.229,1,48
150.75.39.248,1,40
163.33.208.251,1,40
163.33.216.174,1,76
163.33.173.230,1,40
133.149.137.188,1,40
150.75.180.214,1,40
163.33.15.6,1,40
133.11.89.133,1,44
150.75.40.74,1,40
133.149.20.89,1,40
163.33.132.116,1,40
133.149.218.63,1,40
133.149.57.36,1,40
163.33.238.165,1,40
150.75.182.255,1,40
150.75.43.76,1,40
150.75.64.133,1,40
150.75.50.143,1,40
202.198.44.158,1,40
163.33.113.136,1,40
163.33.128.33,1,40
133.149.160.197,1,40
150.75.220.166,1,40
133.149.4.145,1,40
163.33.195.247,1,40
133.149.13.185,1,40
163.33.101.52,1,56
133.149.251.131,1,40
133.149.68.93,1,52
133.149.5.148,1,40
202.15.129.135,1,44
150.75.209.0,1,40
150.75.96.193,1,40
133.149.41.1,1,40
203.77.49.159,1,40
163.33.33.162,1,40
133.11.91.126,1,40
133.11.116.219,1,40
133.149.186.202,1,40
202.198.29.164,1,40
133.149.20.133,1,40
133.149.9.255,1,40
150.75.231.191,1,40
163.33.237.120,1,40
150.75.167.125,1,40
150.75.250.70,1,576
133.149.145.50,1,40
163.33.52.175,1,40
133.149.34.67,1,40
133.149.229.123,1,40
133.149.129.200,1,40
150.75.22.57,1,40
133.11.117.85,1,40
203.77.54.144,1,40
163.33.5.142,1,40
133.149.28.166,1,40
133.149.30.14,1,44
150.75.15.245,1,40
163.33.7.129,1,40
150.75.18.141,1,40
150.75.242.18,1,40
133.149.44.246,1,40
202.198.16.248,1,44
133.149.195.212,1,40
150.75.9.193,1,40
202.198.6.144,1,52
133.149.66.156,1,44
150.75.130.254,1,40
133.149.5.168,1,40
150.75.131.127,1,40
133.11.64.173,1,40
150.75.96.185,1,40
163.33.122.227,1,40
203.77.10.223,1,44
133.149.251.70,1,44
150.75.29.68,1,40
150.75.75.165,1,40
203.77.36.161,1,40
163.33.28.191,1,40
163.33.223.15,1,40
163.33.13.251,1,40
203.77.9.195,1,40
133.149.23.170,1,40
133.149.80.54,1,40
163.33.215.22,1,44
133.149.151.134,1,40
133.149.83.244,1,40
203.77.76.17,1,40
133.149.87.74,1,40
163.33.86.176,1,40
150.75.55.251,1,40
150.75.72.233,1,40
133.11.71.150,1,40
202.198.53.211,1,60
163.33.152.228,1,40
133.149.219.37,1,40
163.33.116.24,1,309
133.149.70.20,1,40
150.75.82.250,1,40
203.77.81.242,1,40
203.77.17.38,1,40
133.149.21.9,1,40
133.149.21.89,1,40
133.149.146.113,1,40
150.75.129.164,1,40
203.77.44.122,1,40
163.33.231.138,1,44
133.149.44.247,1,40
163.33.200.249,1,44
133.11.74.165,1,60
203.77.121.171,1,44
202.198.24.82,1,40
133.11.64.84,1,52
133.11.108.128,1,40
133.149.188.196,1,44
133.11.125.178,1,40
150.75.167.112,1,40
150.75.219.115,1,40
150.75.128.6,1,40
133.149.234.123,1,44
133.11.97.176,1,40
133.149.73.142,1,40
150.75.80.52,1,40
163.33.96.170,1,40
150.75.176.63,1,40
203.77.103.156,1,40
133.11.89.39,1,40
163.33.115.121,1,40
133.149.67.51,1,44
150.75.54.82,1,52
133.11.83.103,1,40
133.149.108.186,1,40
133.11.113.120,1,40
150.75.228.108,1,40
150.75.73.185,1,40
150.75.129.0,1,40
163.33.37.255,1,44
203.77.109.200,1,40
163.33.185.248,1,40
163.33.102.163,1,40
133.149.196.37,1,40
203.77.7.70,1,40
150.75.252.119,1,40
163.33.57.108,1,40
150.75.172.156,1,40
133.11.105.1,1,40
150.75.41.130,1,40
163.33.44.13,1,40
133.149.3.34,1,40
163.33.223.7,1,44
202.198.25.69,1,40
150.75.209.167,1,40
133.149.27.237,1,40
150.75.141.205,1,40
163.33.208.53,1,40
150.75.238.78,1,40
163.33.28.95,1,40
150.75.178.113,1,40
203.77.65.214,1,40
133.149.38.211,1,40
133.149.128.90,1,40
202.198.20.236,1,40
163.33.244.142,1,44
150.75.189.51,1,40
150.75.119.193,1,40
133.149.39.217,1,40
203.77.62.126,1,44
202.198.49.36,1,44
203.77.117.73,1,44
203.77.24.175,1,40
133.149.5.220,1,40
133.149.224.107,1,40
163.33.34.191,1,40
133.149.102.207,1,44
150.75.67.103,1,40
163.33.177.135,1,40
203.77.104.42,1,40
133.149.43.92,1,40
133.11.102.59,1,40
150.75.111.249,1,40
150.75.170.132,1,40
133.149.14.121,1,40
203.77.107.214,1,40
163.33.16.139,1,40
203.77.122.74,1,84
163.33.199.123,1,40
150.75.5.11,1,40
163.33.214.2,1,40
133.11.66.114,1,40
163.33.23.167,1,40
150.75.135.7,1,40
163.33.136.162,1,44
150.75.94.111,1,40
150.75.143.137,1,40
163.33.5.20,1,40
202.25.107.168,1,40
133.11.69.10,1,40
150.75.224.87,1,40
202.198.49.110,1,40
133.149.229.128,1,40
133.149.146.167,1,40
203.77.36.220,1,40
203.77.57.167,1,40
133.11.67.203,1,40
203.77.2.145,1,40
133.149.226.236,1,40
150.75.248.14,1,40
163.33.20.140,1,40
133.149.110.117,1,40
150.75.255.192,1,40
203.77.17.238,1,40
150.75.44.227,1,48
150.75.101.234,1,40
133.149.194.123,1,40
202.198.12.3,1,40
133.149.18.62,1,40
150.75.149.112,1,40
150.75.164.245,1,40
133.149.144.82,1,40
163.33.175.56,1,48
163.33.95.176,1,40
133.149.80.45,1,60
150.75.120.230,1,40
133.149.71.118,1,40
203.77.90.233,1,40
150.75.66.17,1,40
150.75.24.212,1,40
150.75.251.70,1,40
202.198.16.64,1,60
133.149.171.233,1,40
163.33.97.185,1,40
163.33.246.19,1,40
133.149.162.143,1,40
133.149.134.76,1,44
150.75.167.162,1,40
150.75.246.156,1,40
150.75.84.191,1,40
150.75.48.193,1,576
163.33.177.153,1,40
150.75.58.216,1,40
150.75.81.26,1,40
150.75.197.162,1,40
150.75.167.205,1,40
133.149.67.163,1,40
203.77.82.129,1,40
133.149.254.191,1,40
150.75.17.150,1,40
163.33.228.161,1,52
150.75.42.110,1,40
133.11.114.150,1,40
133.149.187.136,1,40
150.75.46.133,1,40
163.33.94.231,1,40
133.149.114.130,1,40
203.77.70.250,1,44
163.33.61.37,1,40
150.75.18.227,1,40
150.75.46.208,1,40
150.75.207.146,1,40
133.11.71.99,1,40
150.75.73.170,1,40
163.33.212.157,1,40
163.33.149.42,1,40
163.33.1.166,1,44
150.75.29.40,1,40
203.77.14.161,1,40
133.11.72.185,1,40
202.15.129.112,1,40
133.149.185.56,1,44
133.149.245.136,1,40
150.75.179.37,1,40
133.149.128.22,1,40
163.33.108.108,1,40
202.198.2.49,1,40
203.77.45.100,1,40
203.77.57.117,1,40
133.149.130.29,1,40
150.75.197.104,1,40
150.75.189.6,1,40
133.149.154.255,1,40
150.75.205.87,1,44
163.33.61.32,1,40
163.33.113.162,1,44
133.149.240.238,1,40
133.149.120.243,1,40
133.11.116.47,1,40
150.75.155.249,1,40
133.11.75.193,1,40
150.75.115.85,1,40
202.198.35.29,1,40
202.198.62.139,1,40
163.33.121.192,1,40
203.77.104.137,1,40
163.33.231.103,1,40
133.149.107.161,1,40
202.198.58.36,1,40
133.149.102.127,1,44
150.75.177.32,1,40
